1 0.5470052083333333 0.4224537037037037 0.012760416666666666 0.022685185185185187
1 0.4876302083333333 0.5599537037037037 0.01953125 0.02175925925925926
1 0.301953125 0.5539351851851851 0.007552083333333333 0.016203703703703703
1 0.31783854166666664 0.5666666666666667 0.00859375 0.014814814814814815
1 0.44036458333333334 0.9106481481481481 0.0203125 0.053703703703703705
1 0.569921875 0.6118055555555556 0.018489583333333334 0.027314814814814816
1 0.5248697916666667 0.5537037037037037 0.017447916666666667 0.023148148148148147
1 0.61953125 0.5564814814814815 0.017708333333333333 0.023148148148148147
1 0.6631510416666667 0.5840277777777778 0.011197916666666667 0.02361111111111111
1 0.524609375 0.5851851851851851 0.010677083333333334 0.017592592592592594
3 0.44830729166666666 0.375 0.07630208333333334 0.05092592592592592
2 0.9911458333333333 0.16111111111111112 0.017708333333333333 0.07962962962962963
1 0.5821614583333333 0.8081018518518519 0.014322916666666666 0.03564814814814815