1 0.5907552083333333 0.8738425925925926 0.012239583333333333 0.024537037037037038
1 0.435546875 0.8430555555555556 0.008072916666666667 0.022222222222222223
1 0.463671875 0.8358796296296296 0.01484375 0.027314814814814816
1 0.4602864583333333 0.8807870370370371 0.010677083333333334 0.015277777777777777
1 0.5446614583333333 0.8486111111111111 0.01484375 0.032407407407407406
3 0.5295572916666667 0.6402777777777777 0.06588541666666667 0.04722222222222222
1 0.487109375 0.7039351851851852 0.009635416666666667 0.01990740740740741
1 0.5036458333333333 0.9027777777777778 0.0203125 0.022222222222222223
1 0.27890625 0.83125 0.0078125 0.02361111111111111
1 0.31158854166666666 0.8280092592592593 0.009114583333333334 0.01898148148148148
2 0.965234375 0.4375 0.04869791666666667 0.08703703703703704