1 0.438671875 0.47939814814814813 0.010677083333333334 0.02175925925925926
1 0.5015625 0.5259259259259259 0.014583333333333334 0.023148148148148147
1 0.462109375 0.512962962962963 0.01796875 0.023148148148148147
1 0.372265625 0.7648148148148148 0.01953125 0.03148148148148148
1 0.4669270833333333 0.46273148148148147 0.016145833333333335 0.020833333333333332
1 0.2889322916666667 0.4597222222222222 0.00703125 0.019444444444444445
1 0.32578125 0.45787037037037037 0.008854166666666666 0.020370370370370372
1 0.48268229166666665 0.33819444444444446 0.01171875 0.018055555555555554
1 0.5459635416666667 0.4726851851851852 0.012239583333333333 0.027777777777777776
3 0.5688802083333333 0.2814814814814815 0.05703125 0.05462962962962963
1 0.5912760416666667 0.4962962962962963 0.012760416666666666 0.020370370370370372
2 0.9842447916666667 0.04189814814814815 0.031510416666666666 0.0837962962962963