1 0.63125 0.48148148148148145 0.014583333333333334 0.024074074074074074
1 0.3299479166666667 0.42430555555555555 0.010416666666666666 0.01898148148148148
1 0.393359375 0.394212962962963 0.01328125 0.022685185185185187
3 0.7216145833333333 0.4388888888888889 0.05364583333333333 0.14722222222222223
1 0.36744791666666665 0.7956018518518518 0.025520833333333333 0.0375
1 0.44283854166666664 0.4759259259259259 0.02421875 0.025
1 0.4649739583333333 0.5469907407407407 0.016927083333333332 0.03287037037037037
1 0.522265625 0.555324074074074 0.023177083333333334 0.03564814814814815
1 0.48098958333333336 0.45231481481481484 0.022395833333333334 0.03333333333333333
1 0.55703125 0.4372685185185185 0.013541666666666667 0.031018518518518518
1 0.45703125 0.30162037037037037 0.010416666666666666 0.01898148148148148