1 0.5553385416666666 0.269212962962963 0.026302083333333334 0.024537037037037038
1 0.603515625 0.5243055555555556 0.029947916666666668 0.03564814814814815
1 0.6188802083333333 0.4671296296296296 0.02578125 0.04259259259259259
1 0.6890625 0.47430555555555554 0.03333333333333333 0.0412037037037037
1 0.6940104166666666 0.5462962962962963 0.0203125 0.04351851851851852
1 0.6970052083333333 0.6601851851851852 0.022135416666666668 0.044444444444444446
1 0.5838541666666667 0.7537037037037037 0.018229166666666668 0.02962962962962963
1 0.7876302083333333 0.41180555555555554 0.02265625 0.022685185185185187
1 0.7932291666666667 0.593287037037037 0.016666666666666666 0.05787037037037037
3 0.27174479166666665 0.7108796296296296 0.08619791666666667 0.19953703703703704
1 0.8311197916666667 0.5291666666666667 0.019010416666666665 0.03796296296296296
2 0.27096354166666664 0.23310185185185187 0.12057291666666667 0.17453703703703705