1 0.5221354166666666 0.34791666666666665 0.04010416666666667 0.027314814814814816
1 0.5553385416666666 0.6236111111111111 0.02109375 0.04722222222222222
1 0.5747395833333333 0.5365740740740741 0.029166666666666667 0.04259259259259259
1 0.625390625 0.5527777777777778 0.02578125 0.04722222222222222
1 0.6393229166666666 0.6481481481481481 0.022916666666666665 0.04814814814814815
1 0.6485677083333333 0.7868055555555555 0.032552083333333336 0.052314814814814814
1 0.5197916666666667 0.9050925925925926 0.01875 0.028703703703703703
1 0.7361979166666667 0.5201388888888889 0.025 0.031018518518518518
1 0.73046875 0.7729166666666667 0.0140625 0.08287037037037037
3 0.14088541666666668 0.6671296296296296 0.0734375 0.21388888888888888
2 0.20104166666666667 0.3458333333333333 0.13072916666666667 0.18333333333333332
1 0.76171875 0.6057870370370371 0.03125 0.0375