1 0.5225260416666667 0.31712962962962965 0.03046875 0.03425925925925926
1 0.5596354166666667 0.5891203703703703 0.021875 0.04583333333333333
1 0.578125 0.5083333333333333 0.030208333333333334 0.04537037037037037
1 0.6328125 0.5106481481481482 0.03854166666666667 0.03148148148148148
1 0.6438802083333334 0.6157407407407407 0.023177083333333334 0.049074074074074076
1 0.6454427083333333 0.7525462962962963 0.03307291666666667 0.08101851851851852
1 0.5220052083333333 0.8759259259259259 0.01953125 0.028703703703703703
1 0.7423177083333333 0.4828703703703704 0.02734375 0.03148148148148148
1 0.738671875 0.731712962962963 0.015364583333333333 0.06712962962962964
3 0.13203125 0.6655092592592593 0.071875 0.2162037037037037
2 0.19921875 0.31851851851851853 0.13385416666666666 0.18333333333333332
1 0.7703125 0.5694444444444444 0.030729166666666665 0.04537037037037037