1 0.6001302083333333 0.37060185185185185 0.021614583333333333 0.029166666666666667
1 0.6231770833333333 0.5310185185185186 0.021354166666666667 0.03148148148148148
1 0.6040364583333333 0.6168981481481481 0.019010416666666665 0.02546296296296296
1 0.6669270833333333 0.6506944444444445 0.023958333333333335 0.03564814814814815
1 0.7295572916666667 0.830324074074074 0.014322916666666666 0.038425925925925926
1 0.56484375 0.8446759259259259 0.013541666666666667 0.022685185185185187
1 0.6796875 0.7814814814814814 0.01875 0.030555555555555555
1 0.6598958333333333 0.549537037037037 0.021875 0.027777777777777776
1 0.753515625 0.6180555555555556 0.02265625 0.03425925925925926
2 0.3009114583333333 0.39351851851851855 0.10911458333333333 0.14166666666666666
3 0.30416666666666664 0.46041666666666664 0.08697916666666666 0.10138888888888889
1 0.7372395833333333 0.5789351851851852 0.020833333333333332 0.02546296296296296