1 0.85859375 0.39143518518518516 0.027083333333333334 0.03935185185185185
1 0.7372395833333333 0.5099537037037037 0.017708333333333333 0.03009259259259259
1 0.6897135416666667 0.6129629629629629 0.025260416666666667 0.026851851851851852
1 0.602734375 0.7518518518518519 0.03984375 0.06018518518518518
1 0.5263020833333333 0.5895833333333333 0.0125 0.022685185185185187
1 0.6057291666666667 0.6965277777777777 0.022916666666666665 0.03564814814814815
1 0.7524739583333333 0.5638888888888889 0.012760416666666666 0.03611111111111111
1 0.7623697916666666 0.70625 0.02734375 0.029166666666666667
2 0.61328125 0.12731481481481483 0.10104166666666667 0.06666666666666667
3 0.5904947916666666 0.15601851851851853 0.08046875 0.041666666666666664
1 0.7684895833333333 0.674537037037037 0.017708333333333333 0.03518518518518519