1 0.7756510416666667 0.687037037037037 0.011197916666666667 0.022222222222222223
1 0.675 0.7583333333333333 0.009895833333333333 0.016666666666666666
1 0.6290364583333333 0.7824074074074074 0.031510416666666666 0.019444444444444445
1 0.6450520833333333 0.825 0.019791666666666666 0.022222222222222223
1 0.5173177083333333 0.8071759259259259 0.009635416666666667 0.018055555555555554
1 0.6946614583333334 0.7979166666666667 0.011197916666666667 0.02638888888888889
2 0.5821614583333333 0.5131944444444444 0.07786458333333333 0.04861111111111111
3 0.5639322916666667 0.5324074074074074 0.062239583333333334 0.028703703703703703
1 0.7028645833333333 0.8592592592592593 0.013020833333333334 0.025
1 0.5770833333333333 0.9037037037037037 0.0328125 0.03888888888888889
1 0.6990885416666667 0.8824074074074074 0.023177083333333334 0.022222222222222223
1 0.5727864583333333 0.8736111111111111 0.026822916666666665 0.028703703703703703