1 0.6958333333333333 0.4842592592592593 0.0078125 0.014814814814814815
1 0.5748697916666666 0.5229166666666667 0.010677083333333334 0.016203703703703703
1 0.46236979166666664 0.6016203703703704 0.01015625 0.014351851851851852
1 0.466796875 0.5525462962962963 0.00859375 0.01712962962962963
1 0.48333333333333334 0.5780092592592593 0.013020833333333334 0.01712962962962963
1 0.61328125 0.5875 0.011458333333333333 0.019444444444444445
1 0.5647135416666667 0.5636574074074074 0.01328125 0.018055555555555554
1 0.5430989583333333 0.4622685185185185 0.006510416666666667 0.009722222222222222
1 0.603125 0.5701388888888889 0.0078125 0.014351851851851852
2 0.51484375 0.40694444444444444 0.06875 0.03888888888888889
3 0.496875 0.41967592592592595 0.051041666666666666 0.020833333333333332
1 0.5990885416666667 0.555787037037037 0.010677083333333334 0.0125
1 0.5596354166666667 0.55 0.011979166666666667 0.013888888888888888