1 0.7036458333333333 0.44305555555555554 0.007291666666666667 0.012962962962962963
1 0.57578125 0.4773148148148148 0.010416666666666666 0.013888888888888888
1 0.4583333333333333 0.5585648148148148 0.011979166666666667 0.015277777777777777
1 0.46458333333333335 0.5099537037037037 0.008333333333333333 0.01712962962962963
1 0.48190104166666664 0.530787037037037 0.012239583333333333 0.016203703703703703
1 0.6177083333333333 0.5393518518518519 0.011458333333333333 0.018518518518518517
1 0.5462239583333334 0.42592592592592593 0.005989583333333334 0.010185185185185186
2 0.5109375 0.36944444444444446 0.071875 0.040740740740740744
3 0.4923177083333333 0.38287037037037036 0.05390625 0.022222222222222223
1 0.6032552083333333 0.5113425925925926 0.00859375 0.014351851851851852
1 0.5671875 0.5185185185185185 0.016145833333333335 0.017592592592592594
1 0.5615885416666667 0.5069444444444444 0.011197916666666667 0.014814814814814815
1 0.6067708333333334 0.524074074074074 0.0078125 0.019444444444444445