1 0.7260416666666667 0.48125 0.011979166666666667 0.01712962962962963
1 0.5845052083333333 0.5231481481481481 0.01328125 0.016666666666666666
1 0.44830729166666666 0.6259259259259259 0.013802083333333333 0.017592592592592594
1 0.45611979166666666 0.5678240740740741 0.008072916666666667 0.01712962962962963
1 0.47604166666666664 0.5967592592592592 0.013020833333333334 0.020370370370370372
1 0.6337239583333333 0.5956018518518519 0.022135416666666668 0.01990740740740741
1 0.5497395833333333 0.4583333333333333 0.0067708333333333336 0.011111111111111112
2 0.5071614583333334 0.3854166666666667 0.07942708333333333 0.04490740740740741
3 0.48658854166666665 0.4009259259259259 0.05859375 0.024074074074074074
1 0.61875 0.5627314814814814 0.0109375 0.018055555555555554
1 0.5764322916666667 0.5756944444444444 0.018489583333333334 0.020833333333333332
1 0.56953125 0.5606481481481481 0.0140625 0.019444444444444445
1 0.6233072916666667 0.5787037037037037 0.009114583333333334 0.023148148148148147