1 0.8764322916666667 0.32337962962962963 0.028385416666666666 0.02824074074074074
1 0.6022135416666666 0.36180555555555555 0.03463541666666667 0.02546296296296296
1 0.327734375 0.8263888888888888 0.05546875 0.05
1 0.38424479166666664 0.5733796296296296 0.017447916666666667 0.03657407407407407
1 0.3899739583333333 0.7090277777777778 0.045572916666666664 0.06157407407407407
1 0.6005208333333333 0.6513888888888889 0.03333333333333333 0.049074074074074076
1 0.58671875 0.5793981481481482 0.0484375 0.04027777777777778
1 0.7381510416666667 0.71875 0.04088541666666667 0.047685185185185185
1 0.7013020833333333 0.6613425925925925 0.0328125 0.059722222222222225
1 0.6794270833333333 0.5898148148148148 0.034375 0.04351851851851852
1 0.5614583333333333 0.24976851851851853 0.016666666666666666 0.02546296296296296
2 0.476171875 0.08611111111111111 0.12421875 0.08055555555555556
3 0.43997395833333336 0.11597222222222223 0.09244791666666667 0.0412037037037037