1 0.8365885416666666 0.28958333333333336 0.02265625 0.03194444444444444
1 0.599609375 0.3326388888888889 0.032552083333333336 0.024537037037037038
1 0.36471354166666664 0.6537037037037037 0.03671875 0.03425925925925926
1 0.40481770833333336 0.47476851851851853 0.015364583333333333 0.029166666666666667
1 0.426953125 0.5636574074074074 0.03359375 0.038425925925925926
1 0.5944010416666666 0.5247685185185185 0.028385416666666666 0.038425925925925926
1 0.583984375 0.47962962962962963 0.03984375 0.03333333333333333
1 0.7055989583333333 0.575 0.03463541666666667 0.04537037037037037
1 0.6819010416666667 0.5289351851851852 0.01953125 0.029166666666666667
1 0.6588541666666666 0.49027777777777776 0.0375 0.03425925925925926
1 0.5571614583333333 0.23078703703703704 0.017447916666666667 0.02361111111111111
2 0.48190104166666664 0.08842592592592592 0.11223958333333334 0.06851851851851852
3 0.45 0.10833333333333334 0.08125 0.03796296296296296