1 0.5149739583333334 0.45810185185185187 0.006510416666666667 0.015277777777777777
1 0.5354166666666667 0.4826388888888889 0.0078125 0.014351851851851852
1 0.542578125 0.4372685185185185 0.009635416666666667 0.014351851851851852
1 0.5888020833333333 0.5766203703703704 0.008333333333333333 0.014351851851851852
1 0.6377604166666667 0.549074074074074 0.008854166666666666 0.01574074074074074
1 0.5602864583333333 0.4462962962962963 0.004427083333333333 0.011111111111111112
2 0.30325520833333336 0.819212962962963 0.048177083333333336 0.16620370370370371
1 0.369921875 0.41458333333333336 0.013802083333333333 0.01712962962962963
1 0.6674479166666667 0.5458333333333333 0.0078125 0.01574074074074074
1 0.40182291666666664 0.6481481481481481 0.008333333333333333 0.025
1 0.44609375 0.6965277777777777 0.008333333333333333 0.015277777777777777
1 0.5282552083333333 0.38564814814814813 0.01171875 0.01574074074074074
3 0.32903645833333334 0.8743055555555556 0.03567708333333333 0.1449074074074074
5 0.192578125 0.025925925925925925 0.02265625 0.05185185185185185