1 0.5231854838709677 0.49931167400881055 0.006414956011730206 0.009636563876651983
1 0.560758797653959 0.46517070484581496 0.00531524926686217 0.009636563876651983
1 0.5845857771260997 0.4150605726872247 0.009714076246334311 0.01459251101321586
2 0.5673570381231672 0.3872522026431718 0.018145161290322582 0.033314977973568284
2 0.5409640762463344 0.3913821585903084 0.011180351906158358 0.03661894273127753
1 0.4638929618768328 0.3787169603524229 0.009164222873900294 0.005781938325991189
1 0.4936766862170088 0.3655011013215859 0.0034824046920821114 0.005781938325991189
1 0.48909457478005863 0.3928964757709251 0.004215542521994135 0.006607929515418502
1 0.5028409090909091 0.24201541850220265 0.004582111436950147 0.006607929515418502
2 0.46884164222873903 0.2702367841409692 0.017961876832844576 0.03386563876651982
2 0.4751649560117302 0.22329295154185022 0.02437683284457478 0.017070484581497798