1 0.8182291666666667 0.3578703703703704 0.029166666666666667 0.023148148148148147
1 0.4388020833333333 0.37962962962962965 0.0171875 0.03333333333333333
5 0.14270833333333333 0.08564814814814815 0.023958333333333335 0.06018518518518518
1 0.27786458333333336 0.14444444444444443 0.008854166666666666 0.016666666666666666
1 0.41822916666666665 0.25046296296296294 0.010416666666666666 0.017592592592592594
1 0.2916666666666667 0.15833333333333333 0.00625 0.014814814814814815
1 0.25338541666666664 0.20185185185185187 0.0067708333333333336 0.011111111111111112
1 0.1890625 0.26990740740740743 0.010416666666666666 0.012037037037037037
1 0.21692708333333333 0.19305555555555556 0.008854166666666666 0.01574074074074074
1 0.23828125 0.1625 0.0078125 0.013888888888888888
1 0.28411458333333334 0.18611111111111112 0.0067708333333333336 0.014814814814814815