1 0.8130208333333333 0.33796296296296297 0.028125 0.024074074074074074
1 0.42890625 0.3458333333333333 0.013020833333333334 0.028703703703703703
5 0.14192708333333334 0.08101851851851852 0.024479166666666666 0.06018518518518518
1 0.28359375 0.14444444444444443 0.009895833333333333 0.016666666666666666
1 0.40182291666666664 0.23055555555555557 0.009895833333333333 0.018518518518518517
1 0.30546875 0.14351851851851852 0.005729166666666666 0.014814814814814815
1 0.25859375 0.20833333333333334 0.0067708333333333336 0.012962962962962963
1 0.19348958333333333 0.26851851851851855 0.009895833333333333 0.014814814814814815
1 0.2203125 0.1962962962962963 0.008333333333333333 0.012962962962962963
1 0.2526041666666667 0.1685185185185185 0.007291666666666667 0.016666666666666666
1 0.28828125 0.19027777777777777 0.0067708333333333336 0.013888888888888888