1 0.8140625 0.34953703703703703 0.029166666666666667 0.023148148148148147
1 0.4283854166666667 0.350462962962963 0.0140625 0.023148148148148147
5 0.14479166666666668 0.08796296296296297 0.023958333333333335 0.05925925925925926
1 0.2877604166666667 0.14074074074074075 0.008854166666666666 0.016666666666666666
1 0.3919270833333333 0.23194444444444445 0.0109375 0.01574074074074074
1 0.30442708333333335 0.1300925925925926 0.0067708333333333336 0.012037037037037037
1 0.26171875 0.21157407407407408 0.005729166666666666 0.013888888888888888
1 0.19557291666666668 0.2726851851851852 0.0078125 0.01574074074074074
1 0.22421875 0.19490740740740742 0.0078125 0.01574074074074074
1 0.25833333333333336 0.16574074074074074 0.007291666666666667 0.016666666666666666
1 0.29010416666666666 0.19027777777777777 0.00625 0.013888888888888888