1 0.8028645833333333 0.33287037037037037 0.027604166666666666 0.023148148148148147
1 0.4270833333333333 0.3287037037037037 0.015625 0.020370370370370372
5 0.14765625 0.08657407407407407 0.024479166666666666 0.058333333333333334
1 0.29375 0.15231481481481482 0.009375 0.01574074074074074
1 0.37734375 0.22037037037037038 0.011979166666666667 0.016666666666666666
1 0.29348958333333336 0.13333333333333333 0.0078125 0.012962962962962963
1 0.2604166666666667 0.22268518518518518 0.005208333333333333 0.012037037037037037
1 0.196875 0.27037037037037037 0.008333333333333333 0.012962962962962963
1 0.23984375 0.20324074074074075 0.0234375 0.013888888888888888
1 0.2708333333333333 0.17314814814814813 0.009375 0.016666666666666666
1 0.29765625 0.19768518518518519 0.005729166666666666 0.01574074074074074