1 0.7888020833333333 0.3138888888888889 0.0296875 0.024074074074074074
1 0.4197916666666667 0.32083333333333336 0.011458333333333333 0.019444444444444445
5 0.146875 0.08703703703703704 0.023958333333333335 0.05925925925925926
1 0.2981770833333333 0.15046296296296297 0.008854166666666666 0.013888888888888888
1 0.3497395833333333 0.2074074074074074 0.0078125 0.018518518518518517
1 0.27630208333333334 0.125 0.008854166666666666 0.014814814814814815
1 0.25390625 0.24537037037037038 0.009895833333333333 0.016666666666666666
1 0.18020833333333333 0.2791666666666667 0.010416666666666666 0.017592592592592594
1 0.24375 0.20972222222222223 0.01875 0.013888888888888888
1 0.27317708333333335 0.15694444444444444 0.0078125 0.01574074074074074
1 0.31588541666666664 0.2162037037037037 0.0140625 0.021296296296296296