1 0.79609375 0.33611111111111114 0.027604166666666666 0.024074074074074074
1 0.42421875 0.3347222222222222 0.011979166666666667 0.021296296296296296
5 0.14583333333333334 0.08055555555555556 0.023958333333333335 0.06111111111111111
1 0.29635416666666664 0.15185185185185185 0.009375 0.016666666666666666
1 0.3625 0.2162037037037037 0.009375 0.017592592592592594
1 0.2830729166666667 0.125 0.0067708333333333336 0.012962962962962963
1 0.25807291666666665 0.23842592592592593 0.008854166666666666 0.013888888888888888
1 0.19270833333333334 0.2796296296296296 0.008333333333333333 0.014814814814814815
1 0.24192708333333332 0.20833333333333334 0.018229166666666668 0.014814814814814815
1 0.2734375 0.1685185185185185 0.008333333333333333 0.014814814814814815
1 0.30130208333333336 0.20787037037037037 0.016145833333333335 0.013888888888888888