1 0.7861979166666667 0.31342592592592594 0.027604166666666666 0.023148148148148147
1 0.41796875 0.32083333333333336 0.0109375 0.023148148148148147
5 0.14270833333333333 0.08101851851851852 0.023958333333333335 0.06018518518518518
1 0.2994791666666667 0.15324074074074073 0.008333333333333333 0.013888888888888888
1 0.34921875 0.2050925925925926 0.0067708333333333336 0.01574074074074074
1 0.2760416666666667 0.12407407407407407 0.008333333333333333 0.014814814814814815
1 0.2513020833333333 0.24722222222222223 0.009895833333333333 0.016666666666666666
1 0.175 0.2796296296296296 0.008333333333333333 0.014814814814814815
1 0.24453125 0.20925925925925926 0.015104166666666667 0.014814814814814815
1 0.27786458333333336 0.15555555555555556 0.0067708333333333336 0.018518518518518517
1 0.3234375 0.2199074074074074 0.009375 0.01574074074074074