1 0.7817708333333333 0.3226851851851852 0.026041666666666668 0.023148148148148147
1 0.41770833333333335 0.3375 0.019791666666666666 0.023148148148148147
5 0.14817708333333332 0.08703703703703704 0.024479166666666666 0.06111111111111111
1 0.30494791666666665 0.15787037037037038 0.009895833333333333 0.01574074074074074
1 0.3390625 0.2074074074074074 0.007291666666666667 0.016666666666666666
1 0.27890625 0.11388888888888889 0.0067708333333333336 0.011111111111111112
1 0.23359375 0.25324074074074077 0.0078125 0.010185185185185186
1 0.14505208333333333 0.30416666666666664 0.009895833333333333 0.01574074074074074
1 0.253125 0.2212962962962963 0.008333333333333333 0.014814814814814815
1 0.2947916666666667 0.1449074074074074 0.005208333333333333 0.013888888888888888
1 0.3346354166666667 0.2361111111111111 0.0078125 0.014814814814814815