1 0.7838541666666666 0.324537037037037 0.027083333333333334 0.023148148148148147
1 0.4231770833333333 0.33240740740740743 0.024479166666666666 0.027777777777777776
5 0.14739583333333334 0.08657407407407407 0.023958333333333335 0.06018518518518518
1 0.30390625 0.14953703703703702 0.008854166666666666 0.01574074074074074
1 0.34088541666666666 0.2013888888888889 0.0067708333333333336 0.01574074074074074
1 0.2796875 0.1111111111111111 0.007291666666666667 0.012962962962962963
1 0.23776041666666667 0.24814814814814815 0.008854166666666666 0.011111111111111112
1 0.15572916666666667 0.29583333333333334 0.009375 0.01574074074074074
1 0.25104166666666666 0.21388888888888888 0.007291666666666667 0.014814814814814815
1 0.29375 0.1388888888888889 0.005208333333333333 0.012962962962962963
1 0.33203125 0.2273148148148148 0.009895833333333333 0.01574074074074074