1 0.775 0.32175925925925924 0.030208333333333334 0.028703703703703703
1 0.40260416666666665 0.33611111111111114 0.01875 0.022222222222222223
5 0.14114583333333333 0.09953703703703703 0.023958333333333335 0.06018518518518518
1 0.30859375 0.16666666666666666 0.009895833333333333 0.016666666666666666
1 0.3346354166666667 0.20787037037037037 0.0067708333333333336 0.01574074074074074
1 0.2794270833333333 0.11388888888888889 0.0067708333333333336 0.011111111111111112
1 0.22916666666666666 0.2513888888888889 0.010416666666666666 0.010185185185185186
1 0.13619791666666667 0.3060185185185185 0.0078125 0.01574074074074074
1 0.2578125 0.2273148148148148 0.00625 0.01574074074074074
1 0.29739583333333336 0.1439814814814815 0.007291666666666667 0.012037037037037037
1 0.3372395833333333 0.2388888888888889 0.009895833333333333 0.018518518518518517