1 0.7552083333333334 0.29212962962962963 0.026041666666666668 0.026851851851851852
1 0.37421875 0.3347222222222222 0.022395833333333334 0.03425925925925926
5 0.13854166666666667 0.09398148148148149 0.023958333333333335 0.06018518518518518
1 0.31197916666666664 0.1597222222222222 0.008333333333333333 0.01574074074074074
1 0.32708333333333334 0.2013888888888889 0.007291666666666667 0.017592592592592594
1 0.28515625 0.1037037037037037 0.0067708333333333336 0.012962962962962963
1 0.22526041666666666 0.24166666666666667 0.009895833333333333 0.014814814814814815
1 0.11744791666666667 0.3037037037037037 0.016145833333333335 0.020370370370370372
1 0.2638020833333333 0.2324074074074074 0.0078125 0.016666666666666666
1 0.29244791666666664 0.12453703703703704 0.0067708333333333336 0.01574074074074074
1 0.34270833333333334 0.2439814814814815 0.008333333333333333 0.019444444444444445
3 0.9416666666666667 0.12268518518518519 0.05416666666666667 0.03981481481481482