1 0.75 0.2972222222222222 0.023958333333333335 0.025925925925925925
1 0.34869791666666666 0.32592592592592595 0.009895833333333333 0.022222222222222223
5 0.13697916666666668 0.08425925925925926 0.025 0.06111111111111111
1 0.31536458333333334 0.1550925925925926 0.0078125 0.013888888888888888
1 0.31640625 0.19722222222222222 0.0078125 0.018518518518518517
1 0.28619791666666666 0.09675925925925925 0.0067708333333333336 0.012037037037037037
1 0.21458333333333332 0.23657407407407408 0.011458333333333333 0.019444444444444445
1 0.10572916666666667 0.2953703703703704 0.019791666666666666 0.020370370370370372
1 0.2638020833333333 0.23657407407407408 0.0078125 0.01574074074074074
1 0.2859375 0.11342592592592593 0.008333333333333333 0.013888888888888888
1 0.3375 0.24444444444444444 0.010416666666666666 0.016666666666666666
3 0.5325520833333334 0.07916666666666666 0.0578125 0.03425925925925926