1 0.7513020833333334 0.29212962962962963 0.024479166666666666 0.025
1 0.34661458333333334 0.3282407407407407 0.009895833333333333 0.023148148148148147
5 0.13645833333333332 0.08472222222222223 0.023958333333333335 0.06018518518518518
1 0.31614583333333335 0.1550925925925926 0.008333333333333333 0.01574074074074074
1 0.31588541666666664 0.20046296296296295 0.0078125 0.017592592592592594
1 0.28619791666666666 0.09166666666666666 0.0078125 0.012962962962962963
1 0.21510416666666668 0.23425925925925925 0.010416666666666666 0.020370370370370372
1 0.10494791666666667 0.29444444444444445 0.019270833333333334 0.018518518518518517
1 0.2643229166666667 0.23703703703703705 0.0078125 0.016666666666666666
1 0.28515625 0.11157407407407408 0.0078125 0.013888888888888888
1 0.3380208333333333 0.24675925925925926 0.010416666666666666 0.017592592592592594
3 0.509375 0.08935185185185185 0.051041666666666666 0.03425925925925926