1 0.7440104166666667 0.2796296296296296 0.0140625 0.018518518518518517
1 0.34765625 0.3263888888888889 0.009895833333333333 0.025
5 0.13541666666666666 0.07546296296296297 0.026041666666666668 0.062037037037037036
1 0.3182291666666667 0.1648148148148148 0.008333333333333333 0.014814814814814815
1 0.3143229166666667 0.20601851851851852 0.0067708333333333336 0.01574074074074074
1 0.2875 0.09444444444444444 0.007291666666666667 0.012962962962962963
1 0.21223958333333334 0.23657407407407408 0.0067708333333333336 0.013888888888888888
1 0.0984375 0.2953703703703704 0.009375 0.016666666666666666
1 0.265625 0.2412037037037037 0.008333333333333333 0.017592592592592594
1 0.2828125 0.11805555555555555 0.008333333333333333 0.01574074074074074
1 0.34140625 0.24861111111111112 0.0109375 0.01574074074074074
3 0.4703125 0.1300925925925926 0.04583333333333333 0.03796296296296296