1 0.73125 0.2810185185185185 0.025 0.01574074074074074
1 0.33828125 0.3060185185185185 0.008854166666666666 0.019444444444444445
5 0.13385416666666666 0.0837962962962963 0.023958333333333335 0.062037037037037036
1 0.3260416666666667 0.15787037037037038 0.008333333333333333 0.01574074074074074
1 0.3109375 0.19953703703703704 0.00625 0.013888888888888888
1 0.29739583333333336 0.09259259259259259 0.007291666666666667 0.012962962962962963
1 0.21432291666666667 0.23703703703703705 0.0067708333333333336 0.018518518518518517
1 0.09869791666666666 0.2898148148148148 0.0078125 0.012962962962962963
1 0.2682291666666667 0.2351851851851852 0.007291666666666667 0.018518518518518517
1 0.28958333333333336 0.12129629629629629 0.007291666666666667 0.016666666666666666
1 0.3411458333333333 0.24166666666666667 0.009375 0.018518518518518517
3 0.44192708333333336 0.17685185185185184 0.024479166666666666 0.05925925925925926