1 0.73125 0.2828703703703704 0.025 0.01574074074074074
1 0.33880208333333334 0.3060185185185185 0.009895833333333333 0.021296296296296296
5 0.13515625 0.08518518518518518 0.024479166666666666 0.06111111111111111
1 0.3255208333333333 0.15555555555555556 0.008333333333333333 0.014814814814814815
1 0.309375 0.19490740740740742 0.00625 0.013888888888888888
1 0.29921875 0.08935185185185185 0.0067708333333333336 0.012037037037037037
1 0.21484375 0.23657407407407408 0.0078125 0.021296296296296296
1 0.09947916666666666 0.2875 0.009375 0.013888888888888888
1 0.2682291666666667 0.2324074074074074 0.007291666666666667 0.018518518518518517
1 0.2903645833333333 0.11851851851851852 0.0078125 0.016666666666666666
1 0.3390625 0.23796296296296296 0.008333333333333333 0.016666666666666666
3 0.44036458333333334 0.18796296296296297 0.021354166666666667 0.06111111111111111