1 0.72421875 0.30092592592592593 0.016145833333333335 0.016666666666666666
1 0.34322916666666664 0.30648148148148147 0.010416666666666666 0.018518518518518517
5 0.13854166666666667 0.08333333333333333 0.025 0.05925925925925926
1 0.3375 0.16018518518518518 0.008333333333333333 0.012962962962962963
1 0.3182291666666667 0.19722222222222222 0.008333333333333333 0.014814814814814815
1 0.31875 0.07731481481481481 0.008333333333333333 0.013888888888888888
1 0.21067708333333332 0.24537037037037038 0.009895833333333333 0.016666666666666666
1 0.09557291666666666 0.2916666666666667 0.008854166666666666 0.016666666666666666
1 0.2640625 0.24583333333333332 0.007291666666666667 0.017592592592592594
1 0.29583333333333334 0.12731481481481483 0.007291666666666667 0.01574074074074074
1 0.3411458333333333 0.25416666666666665 0.008333333333333333 0.019444444444444445
3 0.8088541666666667 0.9273148148148148 0.09270833333333334 0.1287037037037037
1 0.45651041666666664 0.19305555555555556 0.0078125 0.013888888888888888
1 0.3958333333333333 0.2574074074074074 0.008333333333333333 0.014814814814814815