1 0.72734375 0.29259259259259257 0.03177083333333333 0.022222222222222223
1 0.34270833333333334 0.31296296296296294 0.010416666666666666 0.018518518518518517
5 0.13515625 0.08055555555555556 0.024479166666666666 0.06111111111111111
1 0.3333333333333333 0.1685185185185185 0.007291666666666667 0.012962962962962963
1 0.3140625 0.2037037037037037 0.007291666666666667 0.012962962962962963
1 0.3106770833333333 0.08518518518518518 0.022395833333333334 0.022222222222222223
1 0.21171875 0.24768518518518517 0.009895833333333333 0.017592592592592594
1 0.09479166666666666 0.2967592592592593 0.010416666666666666 0.01574074074074074
1 0.26484375 0.24814814814814815 0.0078125 0.018518518518518517
1 0.29296875 0.12638888888888888 0.008854166666666666 0.01574074074074074
1 0.34270833333333334 0.2574074074074074 0.008333333333333333 0.018518518518518517
3 0.5481770833333334 0.40370370370370373 0.05260416666666667 0.06296296296296296
1 0.45989583333333334 0.2037037037037037 0.007291666666666667 0.012962962962962963
1 0.41796875 0.23935185185185184 0.011979166666666667 0.01574074074074074