1 0.7270833333333333 0.30277777777777776 0.011458333333333333 0.014814814814814815
1 0.34479166666666666 0.3106481481481482 0.009375 0.017592592592592594
5 0.1375 0.07592592592592592 0.023958333333333335 0.06111111111111111
1 0.34036458333333336 0.16203703703703703 0.0078125 0.012962962962962963
1 0.3182291666666667 0.2 0.008333333333333333 0.014814814814814815
1 0.3234375 0.06851851851851852 0.010416666666666666 0.014814814814814815
1 0.20859375 0.24675925925925926 0.009895833333333333 0.017592592592592594
1 0.09739583333333333 0.2865740740740741 0.011458333333333333 0.017592592592592594
1 0.25807291666666665 0.2490740740740741 0.0078125 0.018518518518518517
1 0.2955729166666667 0.12916666666666668 0.0067708333333333336 0.013888888888888888
1 0.34088541666666666 0.2574074074074074 0.0078125 0.014814814814814815
1 0.44947916666666665 0.1986111111111111 0.007291666666666667 0.01574074074074074