1 0.33619791666666665 0.07268518518518519 0.011979166666666667 0.017592592592592594
1 0.3502604166666667 0.16712962962962963 0.016145833333333335 0.019444444444444445
1 0.30494791666666665 0.1425925925925926 0.005729166666666666 0.012962962962962963
5 0.14244791666666667 0.07777777777777778 0.024479166666666666 0.06296296296296296
1 0.32473958333333336 0.20555555555555555 0.011979166666666667 0.018518518518518517
1 0.42604166666666665 0.19675925925925927 0.007291666666666667 0.012037037037037037
1 0.7315104166666667 0.3111111111111111 0.008854166666666666 0.016666666666666666
1 0.10416666666666667 0.29305555555555557 0.008333333333333333 0.017592592592592594
1 0.2171875 0.25462962962962965 0.00625 0.016666666666666666
1 0.2591145833333333 0.25833333333333336 0.008854166666666666 0.016666666666666666
1 0.35104166666666664 0.26851851851851855 0.007291666666666667 0.016666666666666666
1 0.3765625 0.30185185185185187 0.011458333333333333 0.014814814814814815
1 0.3515625 0.32546296296296295 0.010416666666666666 0.019444444444444445