1 0.7276041666666667 0.30324074074074076 0.009375 0.012037037037037037
1 0.3455729166666667 0.3125 0.009895833333333333 0.019444444444444445
5 0.13828125 0.07407407407407407 0.024479166666666666 0.06111111111111111
1 0.3416666666666667 0.16342592592592592 0.007291666666666667 0.012037037037037037
1 0.31875 0.20185185185185187 0.008333333333333333 0.014814814814814815
1 0.325 0.06944444444444445 0.010416666666666666 0.016666666666666666
1 0.21171875 0.24583333333333332 0.0078125 0.01574074074074074
1 0.09791666666666667 0.2898148148148148 0.0125 0.016666666666666666
1 0.25859375 0.2490740740740741 0.0067708333333333336 0.012962962962962963
1 0.2955729166666667 0.1310185185185185 0.0067708333333333336 0.013888888888888888
1 0.3411458333333333 0.25601851851851853 0.007291666666666667 0.01574074074074074
1 0.44817708333333334 0.19814814814814816 0.0067708333333333336 0.014814814814814815