1 0.32890625 0.07361111111111111 0.008854166666666666 0.013888888888888888
1 0.34869791666666666 0.16620370370370371 0.0109375 0.019444444444444445
1 0.3 0.13703703703703704 0.00625 0.018518518518518517
5 0.140625 0.07824074074074074 0.025 0.062037037037037036
1 0.32526041666666666 0.2023148148148148 0.008854166666666666 0.019444444444444445
1 0.44192708333333336 0.1925925925925926 0.0067708333333333336 0.014814814814814815
1 0.7270833333333333 0.31342592592592594 0.009375 0.012037037037037037
1 0.09947916666666666 0.2967592592592593 0.013541666666666667 0.01574074074074074
1 0.21848958333333332 0.25277777777777777 0.0078125 0.016666666666666666
1 0.26145833333333335 0.25324074074074077 0.005208333333333333 0.012037037037037037
1 0.346875 0.2587962962962963 0.008333333333333333 0.01574074074074074
1 0.3502604166666667 0.32037037037037036 0.0109375 0.018518518518518517