1 0.36875 0.07175925925925926 0.009375 0.013888888888888888
1 0.3859375 0.16805555555555557 0.014583333333333334 0.019444444444444445
1 0.35104166666666664 0.14814814814814814 0.009375 0.012962962962962963
5 0.16901041666666666 0.0787037037037037 0.024479166666666666 0.06296296296296296
1 0.35572916666666665 0.17916666666666667 0.016666666666666666 0.017592592592592594
1 0.4359375 0.17824074074074073 0.009375 0.013888888888888888
1 0.765625 0.32685185185185184 0.007291666666666667 0.018518518518518517
1 0.13958333333333334 0.2851851851851852 0.015625 0.03148148148148148
1 0.24661458333333333 0.26666666666666666 0.0078125 0.014814814814814815
1 0.30520833333333336 0.2662037037037037 0.008333333333333333 0.019444444444444445
1 0.39166666666666666 0.27175925925925926 0.008333333333333333 0.01574074074074074
1 0.40598958333333335 0.3148148148148148 0.009895833333333333 0.016666666666666666
1 0.38984375 0.3365740740740741 0.0109375 0.019444444444444445