1 0.33619791666666665 0.0763888888888889 0.008854166666666666 0.01574074074074074
1 0.3533854166666667 0.17083333333333334 0.0171875 0.021296296296296296
1 0.3098958333333333 0.14583333333333334 0.014583333333333334 0.01574074074074074
5 0.14244791666666667 0.07731481481481481 0.024479166666666666 0.06018518518518518
1 0.3265625 0.20416666666666666 0.0125 0.021296296296296296
1 0.42473958333333334 0.1935185185185185 0.0078125 0.014814814814814815
1 0.7317708333333334 0.3125 0.008333333333333333 0.013888888888888888
1 0.10338541666666666 0.28888888888888886 0.0078125 0.014814814814814815
1 0.21901041666666668 0.2587962962962963 0.008854166666666666 0.013888888888888888
1 0.2635416666666667 0.25972222222222224 0.008333333333333333 0.017592592592592594
1 0.35598958333333336 0.26481481481481484 0.008854166666666666 0.016666666666666666
1 0.37838541666666664 0.300462962962963 0.013020833333333334 0.01574074074074074
1 0.3546875 0.3226851851851852 0.010416666666666666 0.019444444444444445