1 0.4015625 0.09259259259259259 0.009375 0.016666666666666666
1 0.425 0.18935185185185185 0.013541666666666667 0.026851851851851852
1 0.39010416666666664 0.16435185185185186 0.010416666666666666 0.012037037037037037
5 0.19401041666666666 0.08981481481481482 0.025520833333333333 0.06481481481481481
1 0.3924479166666667 0.1925925925925926 0.008854166666666666 0.014814814814814815
1 0.47421875 0.19675925925925927 0.008854166666666666 0.013888888888888888
1 0.82578125 0.36203703703703705 0.009895833333333333 0.016666666666666666
1 0.17239583333333333 0.3125 0.011458333333333333 0.03796296296296296
1 0.28359375 0.3 0.0067708333333333336 0.012962962962962963
1 0.346875 0.29444444444444445 0.008333333333333333 0.018518518518518517
1 0.434375 0.2986111111111111 0.007291666666666667 0.013888888888888888
1 0.45078125 0.3486111111111111 0.011979166666666667 0.017592592592592594
1 0.43645833333333334 0.37222222222222223 0.011458333333333333 0.020370370370370372