1 0.55703125 0.2439814814814815 0.011979166666666667 0.017592592592592594
1 0.6192708333333333 0.3773148148148148 0.023958333333333335 0.03981481481481482
1 0.5744791666666667 0.33935185185185185 0.008333333333333333 0.023148148148148147
5 0.29192708333333334 0.2601851851851852 0.030729166666666665 0.07592592592592592
1 0.55859375 0.3541666666666667 0.0109375 0.019444444444444445
1 0.6721354166666667 0.37592592592592594 0.013020833333333334 0.016666666666666666
1 0.32005208333333335 0.5611111111111111 0.0265625 0.03888888888888889
1 0.46510416666666665 0.5726851851851852 0.011458333333333333 0.023148148148148147
1 0.5375 0.5120370370370371 0.010416666666666666 0.024074074074074074
1 0.6692708333333334 0.5518518518518518 0.019791666666666666 0.024074074074074074
1 0.6997395833333333 0.6375 0.021354166666666667 0.021296296296296296
1 0.70234375 0.6675925925925926 0.015104166666666667 0.025925925925925925