1 0.56171875 0.2587962962962963 0.013020833333333334 0.013888888888888888
1 0.6143229166666667 0.38472222222222224 0.013020833333333334 0.019444444444444445
1 0.5578125 0.35509259259259257 0.0125 0.023148148148148147
5 0.26979166666666665 0.2689814814814815 0.030208333333333334 0.075
1 0.5395833333333333 0.3712962962962963 0.007291666666666667 0.016666666666666666
1 0.6638020833333333 0.37592592592592594 0.013020833333333334 0.020370370370370372
1 0.28489583333333335 0.5657407407407408 0.03125 0.044444444444444446
1 0.453125 0.5953703703703703 0.011458333333333333 0.022222222222222223
1 0.5127604166666667 0.5027777777777778 0.009895833333333333 0.024074074074074074
1 0.6645833333333333 0.5504629629629629 0.009375 0.019444444444444445
1 0.6848958333333334 0.6652777777777777 0.021875 0.021296296296296296
1 0.6875 0.6930555555555555 0.015625 0.025