1 0.5744791666666667 0.25601851851851853 0.010416666666666666 0.01574074074074074
1 0.61640625 0.375 0.0140625 0.020370370370370372
1 0.559375 0.3472222222222222 0.010416666666666666 0.022222222222222223
5 0.27317708333333335 0.26342592592592595 0.030729166666666665 0.075
1 0.5427083333333333 0.35833333333333334 0.008333333333333333 0.018518518518518517
1 0.6640625 0.3662037037037037 0.013541666666666667 0.017592592592592594
1 0.27734375 0.5481481481481482 0.0296875 0.03888888888888889
1 0.4518229166666667 0.5995370370370371 0.008854166666666666 0.021296296296296296
1 0.51015625 0.4986111111111111 0.0109375 0.023148148148148147
1 0.6630208333333333 0.5560185185185185 0.011458333333333333 0.025
1 0.68125 0.6763888888888889 0.01875 0.021296296296296296
1 0.67890625 0.7106481481481481 0.0296875 0.023148148148148147