1 0.5630208333333333 0.30092592592592593 0.010416666666666666 0.016666666666666666
1 0.59375 0.42314814814814816 0.015625 0.014814814814814815
1 0.5338541666666666 0.3990740740740741 0.009375 0.018518518518518517
5 0.23645833333333333 0.29953703703703705 0.030208333333333334 0.075
1 0.49765625 0.39675925925925926 0.011979166666666667 0.026851851851851852
1 0.6309895833333333 0.4009259259259259 0.0140625 0.020370370370370372
1 0.21692708333333333 0.5981481481481481 0.009895833333333333 0.022222222222222223
1 0.4140625 0.6527777777777778 0.010416666666666666 0.018518518518518517
1 0.4669270833333333 0.5370370370370371 0.0140625 0.02962962962962963
1 0.62265625 0.6027777777777777 0.009895833333333333 0.024074074074074074
1 0.6322916666666667 0.7384259259259259 0.017708333333333333 0.030555555555555555
1 0.6296875 0.7939814814814815 0.0125 0.023148148148148147
2 0.9375 0.06759259259259259 0.09791666666666667 0.07222222222222222