1 0.5049479166666667 0.32222222222222224 0.0109375 0.016666666666666666
1 0.5255208333333333 0.45046296296296295 0.014583333333333334 0.017592592592592594
1 0.4671875 0.42314814814814816 0.009375 0.020370370370370372
5 0.17239583333333333 0.3138888888888889 0.03125 0.07222222222222222
1 0.415625 0.39351851851851855 0.014583333333333334 0.027777777777777776
1 0.5609375 0.42268518518518516 0.013541666666666667 0.017592592592592594
1 0.1390625 0.6226851851851852 0.016666666666666666 0.026851851851851852
1 0.33645833333333336 0.6865740740740741 0.010416666666666666 0.019444444444444445
1 0.3885416666666667 0.5550925925925926 0.011458333333333333 0.030555555555555555
1 0.54453125 0.6412037037037037 0.0078125 0.025
1 0.5486979166666667 0.7949074074074074 0.015104166666666667 0.026851851851851852
1 0.5442708333333334 0.8550925925925926 0.0125 0.023148148148148147
2 0.8703125 0.0787037037037037 0.08125 0.07222222222222222
1 0.9330729166666667 0.6916666666666667 0.0484375 0.03333333333333333