5 0.2677083333333333 0.1287037037037037 0.020833333333333332 0.05185185185185185
2 0.8716145833333333 0.4925925925925926 0.13072916666666667 0.1425925925925926
1 0.43671875 0.24953703703703703 0.0067708333333333336 0.01574074074074074
1 0.44296875 0.27314814814814814 0.0109375 0.014814814814814815
1 0.24713541666666666 0.26435185185185184 0.0078125 0.013888888888888888
1 0.4296875 0.3541666666666667 0.013541666666666667 0.019444444444444445
1 0.3796875 0.41064814814814815 0.011458333333333333 0.021296296296296296
1 0.31796875 0.3861111111111111 0.009895833333333333 0.018518518518518517
1 0.14713541666666666 0.25972222222222224 0.009895833333333333 0.012037037037037037
1 0.19739583333333333 0.35138888888888886 0.008333333333333333 0.019444444444444445
1 0.17369791666666667 0.5120370370370371 0.011979166666666667 0.020370370370370372
1 0.4153645833333333 0.6523148148148148 0.011979166666666667 0.03611111111111111