5 0.2677083333333333 0.12546296296296297 0.020833333333333332 0.05092592592592592
2 0.86796875 0.4898148148148148 0.1296875 0.13518518518518519
1 0.43333333333333335 0.24722222222222223 0.007291666666666667 0.014814814814814815
1 0.4401041666666667 0.2712962962962963 0.010416666666666666 0.014814814814814815
1 0.24609375 0.2708333333333333 0.0078125 0.013888888888888888
1 0.4276041666666667 0.3509259259259259 0.009375 0.020370370370370372
1 0.37395833333333334 0.40694444444444444 0.011458333333333333 0.021296296296296296
1 0.31536458333333334 0.3814814814814815 0.0078125 0.016666666666666666
1 0.14609375 0.26435185185185184 0.009895833333333333 0.012037037037037037
1 0.18828125 0.35648148148148145 0.0067708333333333336 0.018518518518518517
1 0.16901041666666666 0.5115740740740741 0.011979166666666667 0.019444444444444445
1 0.4125 0.6537037037037037 0.011458333333333333 0.025925925925925925