1 0.43984375 0.26805555555555555 0.011979166666666667 0.019444444444444445
5 0.26484375 0.12361111111111112 0.0203125 0.05092592592592592
1 0.16328125 0.5106481481481482 0.0109375 0.019444444444444445
1 0.24453125 0.27175925925925926 0.008854166666666666 0.01574074074074074
1 0.31328125 0.3800925925925926 0.009895833333333333 0.017592592592592594
1 0.17994791666666668 0.36527777777777776 0.0078125 0.021296296296296296
1 0.37005208333333334 0.4046296296296296 0.011979166666666667 0.022222222222222223
1 0.40703125 0.6601851851851852 0.011979166666666667 0.027777777777777776
1 0.4276041666666667 0.35462962962962963 0.008333333333333333 0.014814814814814815
2 0.8625 0.4935185185185185 0.128125 0.1425925925925926
1 0.43072916666666666 0.24259259259259258 0.007291666666666667 0.014814814814814815