5 0.47291666666666665 0.08425925925925926 0.023958333333333335 0.06481481481481481
1 0.6854166666666667 0.30833333333333335 0.011458333333333333 0.020370370370370372
1 0.6763020833333333 0.36157407407407405 0.011979166666666667 0.019444444444444445
1 0.4421875 0.2569444444444444 0.008333333333333333 0.01574074074074074
1 0.6565104166666667 0.43333333333333335 0.009895833333333333 0.020370370370370372
1 0.61015625 0.5439814814814815 0.015104166666666667 0.028703703703703703
1 0.5010416666666667 0.46111111111111114 0.0125 0.022222222222222223
1 0.42552083333333335 0.5546296296296296 0.010416666666666666 0.018518518518518517
1 0.3296875 0.22824074074074074 0.009375 0.01574074074074074
1 0.44088541666666664 0.3597222222222222 0.009895833333333333 0.021296296296296296
1 0.32369791666666664 0.5722222222222222 0.0265625 0.037037037037037035
1 0.6234375 0.9648148148148148 0.023958333333333335 0.05185185185185185