1 0.5078125 0.2361111111111111 0.009375 0.018518518518518517
1 0.41901041666666666 0.17037037037037037 0.013020833333333334 0.024074074074074074
5 0.5854166666666667 0.07314814814814814 0.021875 0.053703703703703705
1 0.6625 0.36898148148148147 0.011458333333333333 0.021296296296296296
1 0.6479166666666667 0.40879629629629627 0.0125 0.025
1 0.3028645833333333 0.4300925925925926 0.013020833333333334 0.023148148148148147
1 0.28125 0.44675925925925924 0.011458333333333333 0.021296296296296296
1 0.5854166666666667 0.4300925925925926 0.010416666666666666 0.017592592592592594
1 0.35911458333333335 0.46620370370370373 0.018229166666666668 0.025
1 0.42265625 0.41203703703703703 0.0203125 0.03148148148148148
1 0.5393229166666667 0.6175925925925926 0.015104166666666667 0.025925925925925925
1 0.6234375 0.4398148148148148 0.0125 0.020370370370370372
1 0.3729166666666667 0.8685185185185185 0.05416666666666667 0.05740740740740741