1 0.396875 0.17824074074074073 0.007291666666666667 0.012037037037037037
1 0.30364583333333334 0.12037037037037036 0.008333333333333333 0.016666666666666666
5 0.47109375 0.023148148148148147 0.0203125 0.044444444444444446
1 0.47682291666666665 0.3023148148148148 0.009895833333333333 0.017592592592592594
1 0.47161458333333334 0.3300925925925926 0.008854166666666666 0.023148148148148147
1 0.14921875 0.3592592592592593 0.0171875 0.020370370370370372
1 0.13046875 0.37777777777777777 0.013020833333333334 0.016666666666666666
1 0.4622395833333333 0.38657407407407407 0.016145833333333335 0.01574074074074074
1 0.19296875 0.3925925925925926 0.0078125 0.016666666666666666
1 0.26145833333333335 0.3421296296296296 0.013541666666666667 0.017592592592592594
1 0.3377604166666667 0.5365740740740741 0.015104166666666667 0.019444444444444445
1 0.44765625 0.35648148148148145 0.0109375 0.018518518518518517
1 0.15104166666666666 0.725 0.03229166666666667 0.044444444444444446
2 0.8520833333333333 0.6643518518518519 0.08541666666666667 0.24351851851851852