1 0.39453125 0.1726851851851852 0.0067708333333333336 0.012037037037037037
1 0.30885416666666665 0.11203703703703703 0.010416666666666666 0.018518518518518517
5 0.47213541666666664 0.02638888888888889 0.021354166666666667 0.05092592592592592
1 0.490625 0.300462962962963 0.009375 0.021296296296296296
1 0.48072916666666665 0.3287037037037037 0.009375 0.020370370370370372
1 0.16223958333333333 0.36157407407407405 0.0109375 0.019444444444444445
1 0.13932291666666666 0.38055555555555554 0.011979166666666667 0.016666666666666666
1 0.45338541666666665 0.37777777777777777 0.015104166666666667 0.018518518518518517
1 0.203125 0.3921296296296296 0.011458333333333333 0.017592592592592594
1 0.27057291666666666 0.3435185185185185 0.011979166666666667 0.018518518518518517
1 0.34817708333333336 0.5296296296296297 0.021354166666666667 0.025925925925925925
1 0.45677083333333335 0.3578703703703704 0.013541666666666667 0.021296296296296296
1 0.16223958333333333 0.7208333333333333 0.033854166666666664 0.04537037037037037
2 0.8591145833333333 0.6800925925925926 0.08697916666666666 0.25092592592592594