1 0.39505208333333336 0.12083333333333333 0.0078125 0.021296296296296296
1 0.29270833333333335 0.05138888888888889 0.00625 0.017592592592592594
1 0.4778645833333333 0.24675925925925926 0.0109375 0.017592592592592594
1 0.475 0.2726851851851852 0.0125 0.021296296296296296
1 0.14036458333333332 0.3023148148148148 0.011979166666666667 0.021296296296296296
1 0.11953125 0.3287037037037037 0.0109375 0.018518518518518517
1 0.4973958333333333 0.3527777777777778 0.01875 0.020370370370370372
1 0.18203125 0.3388888888888889 0.0109375 0.018518518518518517
1 0.25442708333333336 0.2865740740740741 0.011979166666666667 0.019444444444444445
1 0.3375 0.5148148148148148 0.017708333333333333 0.027777777777777776
1 0.4484375 0.3037037037037037 0.011458333333333333 0.022222222222222223
1 0.14296875 0.7074074074074074 0.0328125 0.05
2 0.8786458333333333 0.6018518518518519 0.08958333333333333 0.2518518518518518