1 0.90078125 0.8777777777777778 0.0265625 0.022222222222222223
5 0.59921875 0.38657407407407407 0.021354166666666667 0.05462962962962963
1 0.42916666666666664 0.49166666666666664 0.009375 0.016666666666666666
1 0.5734375 0.5615740740740741 0.010416666666666666 0.021296296296296296
1 0.3216145833333333 0.7800925925925926 0.019270833333333334 0.021296296296296296
1 0.4466145833333333 0.7680555555555556 0.013020833333333334 0.026851851851851852
1 0.38671875 0.8263888888888888 0.0171875 0.023148148148148147
1 0.31328125 0.8152777777777778 0.016145833333333335 0.026851851851851852
1 0.6919270833333333 0.7393518518518518 0.015104166666666667 0.025
1 0.6768229166666667 0.7791666666666667 0.0109375 0.025
1 0.7125 0.7268518518518519 0.017708333333333333 0.022222222222222223