1 0.69609375 0.7189814814814814 0.0265625 0.023148148148148147
1 0.4466145833333333 0.8907407407407407 0.016145833333333335 0.027777777777777776
5 0.52578125 0.2273148148148148 0.022395833333333334 0.05648148148148148
1 0.34791666666666665 0.3388888888888889 0.008333333333333333 0.018518518518518517
1 0.47265625 0.4115740740740741 0.008854166666666666 0.021296296296296296
1 0.20520833333333333 0.625 0.0125 0.020370370370370372
1 0.32760416666666664 0.6106481481481482 0.009375 0.028703703703703703
1 0.2625 0.6722222222222223 0.017708333333333333 0.024074074074074074
1 0.18984375 0.6587962962962963 0.016145833333333335 0.026851851851851852
1 0.5622395833333333 0.6041666666666666 0.011979166666666667 0.026851851851851852
1 0.54140625 0.6291666666666667 0.011979166666666667 0.023148148148148147
1 0.5817708333333333 0.5777777777777777 0.011458333333333333 0.020370370370370372