1 0.7200520833333334 0.674537037037037 0.0140625 0.017592592592592594
5 0.49244791666666665 0.3143518518518518 0.019270833333333334 0.04722222222222222
1 0.33255208333333336 0.4041666666666667 0.009895833333333333 0.01574074074074074
1 0.44244791666666666 0.45694444444444443 0.0078125 0.019444444444444445
1 0.20130208333333333 0.6092592592592593 0.0109375 0.020370370370370372
1 0.29609375 0.6074074074074074 0.0140625 0.022222222222222223
1 0.24453125 0.638425925925926 0.0078125 0.01574074074074074
1 0.18854166666666666 0.6287037037037037 0.0125 0.020370370370370372
1 0.5049479166666667 0.586574074074074 0.011979166666666667 0.019444444444444445
1 0.484375 0.6134259259259259 0.010416666666666666 0.021296296296296296
1 0.38125 0.7949074074074074 0.020833333333333332 0.025
1 0.534375 0.575462962962963 0.009375 0.017592592592592594
1 0.21796875 0.9472222222222222 0.0328125 0.05
2 0.86875 0.7699074074074074 0.10625 0.18611111111111112