1 0.7559895833333333 0.7087962962962963 0.019270833333333334 0.01574074074074074
5 0.50703125 0.3287037037037037 0.019270833333333334 0.04814814814814815
1 0.3489583333333333 0.41898148148148145 0.008333333333333333 0.01574074074074074
1 0.4627604166666667 0.4759259259259259 0.008854166666666666 0.020370370370370372
1 0.21770833333333334 0.6402777777777777 0.009375 0.019444444444444445
1 0.3171875 0.6324074074074074 0.0125 0.018518518518518517
1 0.26536458333333335 0.6722222222222223 0.008854166666666666 0.018518518518518517
1 0.20390625 0.6597222222222222 0.0140625 0.021296296296296296
1 0.5346354166666667 0.612037037037037 0.011979166666666667 0.020370370370370372
1 0.5140625 0.6370370370370371 0.0125 0.018518518518518517
1 0.4109375 0.8375 0.022916666666666665 0.025
1 0.5609375 0.6 0.010416666666666666 0.018518518518518517
2 0.9221354166666667 0.8134259259259259 0.11614583333333334 0.19907407407407407