1 0.7020833333333333 0.6476851851851851 0.011458333333333333 0.017592592592592594
5 0.4778645833333333 0.31342592592592594 0.018229166666666668 0.04722222222222222
1 0.18776041666666668 0.587037037037037 0.0109375 0.016666666666666666
1 0.27395833333333336 0.5800925925925926 0.014583333333333334 0.019444444444444445
1 0.23333333333333334 0.6101851851851852 0.008333333333333333 0.020370370370370372
1 0.18255208333333334 0.600462962962963 0.0109375 0.019444444444444445
1 0.48046875 0.5731481481481482 0.009895833333333333 0.020370370370370372
1 0.4552083333333333 0.5921296296296297 0.007291666666666667 0.023148148148148147
1 0.35260416666666666 0.7592592592592593 0.017708333333333333 0.025925925925925925
1 0.5111979166666667 0.5657407407407408 0.0109375 0.016666666666666666
1 0.20416666666666666 0.9078703703703703 0.03229166666666667 0.05277777777777778
2 0.8169270833333333 0.7412037037037037 0.1015625 0.1675925925925926
1 0.31276041666666665 0.399537037037037 0.008854166666666666 0.01574074074074074
1 0.41875 0.45416666666666666 0.007291666666666667 0.019444444444444445