1 0.69609375 0.6476851851851851 0.011979166666666667 0.017592592592592594
5 0.4786458333333333 0.3138888888888889 0.01875 0.04814814814814815
1 0.42083333333333334 0.4532407407407407 0.008333333333333333 0.017592592592592594
1 0.18619791666666666 0.5851851851851851 0.0109375 0.016666666666666666
1 0.27369791666666665 0.5805555555555556 0.015104166666666667 0.018518518518518517
1 0.23125 0.6101851851851852 0.008333333333333333 0.022222222222222223
1 0.18072916666666666 0.5986111111111111 0.010416666666666666 0.017592592592592594
1 0.4796875 0.575925925925926 0.010416666666666666 0.020370370370370372
1 0.453125 0.5953703703703703 0.00625 0.020370370370370372
1 0.35260416666666666 0.7583333333333333 0.017708333333333333 0.02962962962962963
1 0.51015625 0.5675925925925925 0.0109375 0.016666666666666666
1 0.20234375 0.9046296296296297 0.03177083333333333 0.05185185185185185
2 0.8161458333333333 0.7439814814814815 0.09895833333333333 0.1675925925925926
1 0.31302083333333336 0.4 0.009375 0.014814814814814815