1 0.7393229166666667 0.6393518518518518 0.008854166666666666 0.017592592592592594
5 0.478125 0.3106481481481482 0.01875 0.04722222222222222
1 0.4947916666666667 0.5768518518518518 0.009375 0.020370370370370372
1 0.353125 0.7791666666666667 0.029166666666666667 0.05092592592592592
1 0.19661458333333334 0.9393518518518519 0.03177083333333333 0.05462962962962963
2 0.8265625 0.7194444444444444 0.11041666666666666 0.17222222222222222
1 0.31692708333333336 0.3925925925925926 0.008854166666666666 0.016666666666666666
1 0.42213541666666665 0.4425925925925926 0.0078125 0.018518518518518517
1 0.46380208333333334 0.5953703703703703 0.013020833333333334 0.024074074074074074
1 0.5247395833333334 0.5699074074074074 0.008854166666666666 0.013888888888888888
1 0.2713541666666667 0.5916666666666667 0.008333333333333333 0.016666666666666666
1 0.23229166666666667 0.6166666666666667 0.008333333333333333 0.020370370370370372
1 0.18229166666666666 0.6023148148148149 0.009375 0.019444444444444445