1 0.7489583333333333 0.6398148148148148 0.010416666666666666 0.018518518518518517
5 0.478125 0.30925925925925923 0.01875 0.04814814814814815
1 0.49505208333333334 0.5810185185185185 0.009895833333333333 0.021296296296296296
1 0.346875 0.7888888888888889 0.026041666666666668 0.044444444444444446
1 0.19114583333333332 0.9462962962962963 0.03333333333333333 0.05555555555555555
2 0.8276041666666667 0.7203703703703703 0.11041666666666666 0.1814814814814815
1 0.31640625 0.3939814814814815 0.008854166666666666 0.01574074074074074
1 0.421875 0.4444444444444444 0.008333333333333333 0.018518518518518517
1 0.4630208333333333 0.5967592592592592 0.014583333333333334 0.023148148148148147
1 0.5252604166666667 0.5722222222222222 0.008854166666666666 0.014814814814814815
1 0.26875 0.5935185185185186 0.008333333333333333 0.018518518518518517
1 0.2296875 0.6199074074074075 0.010416666666666666 0.023148148148148147
1 0.18098958333333334 0.600925925925926 0.009895833333333333 0.020370370370370372