1 0.7721354166666666 0.6685185185185185 0.013020833333333334 0.024074074074074074
5 0.4822916666666667 0.3060185185185185 0.01875 0.049074074074074076
1 0.49270833333333336 0.5888888888888889 0.011458333333333333 0.022222222222222223
1 0.33151041666666664 0.7953703703703704 0.028645833333333332 0.046296296296296294
1 0.18541666666666667 0.9365740740740741 0.034375 0.05648148148148148
2 0.8229166666666666 0.7333333333333333 0.11770833333333333 0.16666666666666666
1 0.31354166666666666 0.3972222222222222 0.008333333333333333 0.014814814814814815
1 0.41875 0.4537037037037037 0.007291666666666667 0.018518518518518517
1 0.45703125 0.6064814814814815 0.0109375 0.024074074074074074
1 0.52265625 0.5828703703703704 0.008854166666666666 0.013888888888888888
1 0.26588541666666665 0.6018518518518519 0.0078125 0.018518518518518517
1 0.22604166666666667 0.625462962962963 0.010416666666666666 0.021296296296296296
1 0.178125 0.611574074074074 0.010416666666666666 0.019444444444444445