5 0.48203125 0.300462962962963 0.018229166666666668 0.04722222222222222
1 0.325 0.7930555555555555 0.03125 0.04351851851851852
1 0.17942708333333332 0.950925925925926 0.0296875 0.04259259259259259
2 0.8184895833333333 0.7 0.1296875 0.16666666666666666
1 0.30494791666666665 0.39166666666666666 0.008854166666666666 0.014814814814814815
1 0.41458333333333336 0.4439814814814815 0.007291666666666667 0.017592592592592594
1 0.4578125 0.5976851851851852 0.010416666666666666 0.026851851851851852
1 0.52890625 0.5671296296296297 0.009895833333333333 0.021296296296296296
1 0.4901041666666667 0.5712962962962963 0.0125 0.018518518518518517
1 0.26927083333333335 0.5833333333333334 0.007291666666666667 0.016666666666666666
1 0.22421875 0.6074074074074074 0.011979166666666667 0.022222222222222223
1 0.18385416666666668 0.5930555555555556 0.008333333333333333 0.017592592592592594
1 0.2109375 0.5805555555555556 0.007291666666666667 0.016666666666666666