5 0.48203125 0.30462962962962964 0.018229166666666668 0.04814814814814815
1 0.33489583333333334 0.787962962962963 0.03333333333333333 0.05185185185185185
1 0.19322916666666667 0.9439814814814815 0.036458333333333336 0.05648148148148148
2 0.8161458333333333 0.7189814814814814 0.125 0.16018518518518518
1 0.3109375 0.40185185185185185 0.009375 0.014814814814814815
1 0.4166666666666667 0.44907407407407407 0.008333333333333333 0.016666666666666666
1 0.4546875 0.6046296296296296 0.009375 0.022222222222222223
1 0.5221354166666666 0.5819444444444445 0.009895833333333333 0.019444444444444445
1 0.48932291666666666 0.5851851851851851 0.0067708333333333336 0.018518518518518517
1 0.265625 0.5916666666666667 0.007291666666666667 0.018518518518518517
1 0.22395833333333334 0.6129629629629629 0.009375 0.022222222222222223
1 0.17942708333333332 0.5930555555555556 0.009895833333333333 0.017592592592592594
1 0.20130208333333333 0.587037037037037 0.0078125 0.016666666666666666