5 0.47942708333333334 0.29398148148148145 0.018229166666666668 0.04722222222222222
1 0.30625 0.8083333333333333 0.021875 0.027777777777777776
1 0.15755208333333334 0.9722222222222222 0.0203125 0.02962962962962963
2 0.8166666666666667 0.7018518518518518 0.13125 0.1648148148148148
1 0.30416666666666664 0.39490740740740743 0.009375 0.01574074074074074
1 0.4158854166666667 0.4425925925925926 0.0078125 0.018518518518518517
1 0.4544270833333333 0.6074074074074074 0.0067708333333333336 0.027777777777777776
1 0.53125 0.575 0.008333333333333333 0.020370370370370372
1 0.48203125 0.5782407407407407 0.008854166666666666 0.019444444444444445
1 0.2630208333333333 0.5958333333333333 0.007291666666666667 0.017592592592592594
1 0.209375 0.6148148148148148 0.008333333333333333 0.018518518518518517
1 0.171875 0.5949074074074074 0.009375 0.01574074074074074
1 0.20755208333333333 0.5856481481481481 0.0067708333333333336 0.01574074074074074