5 0.48072916666666665 0.3050925925925926 0.01875 0.04722222222222222
2 0.8127604166666667 0.7185185185185186 0.1390625 0.1685185185185185
1 0.29791666666666666 0.4013888888888889 0.009375 0.012037037037037037
1 0.4119791666666667 0.46296296296296297 0.008333333333333333 0.016666666666666666
1 0.4479166666666667 0.6240740740740741 0.009375 0.022222222222222223
1 0.53828125 0.5925925925925926 0.008854166666666666 0.020370370370370372
1 0.48411458333333335 0.5805555555555556 0.0067708333333333336 0.020370370370370372
1 0.26875 0.6157407407407407 0.008333333333333333 0.018518518518518517
1 0.20807291666666666 0.6351851851851852 0.008854166666666666 0.022222222222222223
1 0.1859375 0.6101851851851852 0.007291666666666667 0.018518518518518517
1 0.22682291666666668 0.5939814814814814 0.0067708333333333336 0.013888888888888888
1 0.17447916666666666 0.9634259259259259 0.015625 0.030555555555555555
1 0.29739583333333336 0.8319444444444445 0.013541666666666667 0.030555555555555555