5 0.48098958333333336 0.3060185185185185 0.018229166666666668 0.04722222222222222
2 0.8125 0.7189814814814814 0.13958333333333334 0.1675925925925926
1 0.29583333333333334 0.39814814814814814 0.009375 0.012962962962962963
1 0.41171875 0.4587962962962963 0.0078125 0.01574074074074074
1 0.44765625 0.6208333333333333 0.0109375 0.021296296296296296
1 0.5369791666666667 0.5902777777777778 0.009375 0.021296296296296296
1 0.48151041666666666 0.5796296296296296 0.0067708333333333336 0.018518518518518517
1 0.2682291666666667 0.6143518518518518 0.008333333333333333 0.017592592592592594
1 0.2078125 0.6333333333333333 0.007291666666666667 0.018518518518518517
1 0.18385416666666668 0.6097222222222223 0.007291666666666667 0.017592592592592594
1 0.2265625 0.5921296296296297 0.005208333333333333 0.013888888888888888
1 0.16744791666666667 0.9611111111111111 0.016145833333333335 0.03148148148148148
1 0.29661458333333335 0.8240740740740741 0.011979166666666667 0.027777777777777776