5 0.46484375 0.30787037037037035 0.0171875 0.04537037037037037
2 0.7552083333333334 0.7129629629629629 0.13229166666666667 0.15555555555555556
1 0.26901041666666664 0.40370370370370373 0.008854166666666666 0.011111111111111112
1 0.3796875 0.4666666666666667 0.007291666666666667 0.018518518518518517
1 0.40286458333333336 0.6259259259259259 0.005729166666666666 0.018518518518518517
1 0.5018229166666667 0.5935185185185186 0.009895833333333333 0.018518518518518517
1 0.44973958333333336 0.5615740740740741 0.013020833333333334 0.017592592592592594
1 0.23411458333333332 0.6185185185185185 0.0067708333333333336 0.018518518518518517
1 0.175 0.6324074074074074 0.008333333333333333 0.018518518518518517
1 0.16744791666666667 0.6055555555555555 0.0078125 0.016666666666666666
1 0.20104166666666667 0.5888888888888889 0.005208333333333333 0.012962962962962963
1 0.14765625 0.9185185185185185 0.018229166666666668 0.025925925925925925
1 0.24609375 0.825 0.013020833333333334 0.027777777777777776