5 0.46588541666666666 0.30416666666666664 0.018229166666666668 0.04537037037037037
2 0.759375 0.7060185185185185 0.13125 0.15462962962962962
1 0.2682291666666667 0.40370370370370373 0.010416666666666666 0.012962962962962963
1 0.3815104166666667 0.4634259259259259 0.0078125 0.017592592592592594
1 0.4049479166666667 0.6175925925925926 0.0067708333333333336 0.024074074074074074
1 0.5018229166666667 0.5879629629629629 0.009895833333333333 0.018518518518518517
1 0.4510416666666667 0.5587962962962963 0.013541666666666667 0.017592592592592594
1 0.23671875 0.6129629629629629 0.0067708333333333336 0.022222222222222223
1 0.17604166666666668 0.6300925925925925 0.0125 0.017592592592592594
1 0.16536458333333334 0.6032407407407407 0.0078125 0.01574074074074074
1 0.2015625 0.5842592592592593 0.005208333333333333 0.012962962962962963
1 0.1421875 0.9277777777777778 0.01875 0.025925925925925925
1 0.24921875 0.825925925925926 0.0109375 0.025925925925925925