5 0.46588541666666666 0.3055555555555556 0.018229166666666668 0.046296296296296294
2 0.7565104166666666 0.7111111111111111 0.13177083333333334 0.15555555555555556
1 0.26875 0.4041666666666667 0.009375 0.012037037037037037
1 0.38125 0.46620370370370373 0.008333333333333333 0.019444444444444445
1 0.4036458333333333 0.6231481481481481 0.00625 0.022222222222222223
1 0.5020833333333333 0.5907407407407408 0.011458333333333333 0.020370370370370372
1 0.4505208333333333 0.5597222222222222 0.014583333333333334 0.019444444444444445
1 0.23515625 0.6157407407407407 0.005729166666666666 0.020370370370370372
1 0.17526041666666667 0.6300925925925925 0.011979166666666667 0.01574074074074074
1 0.16588541666666667 0.6041666666666666 0.0078125 0.017592592592592594
1 0.2015625 0.587037037037037 0.005208333333333333 0.012962962962962963
1 0.14270833333333333 0.924074074074074 0.017708333333333333 0.025925925925925925
1 0.246875 0.825 0.0125 0.025925925925925925