5 0.46458333333333335 0.3013888888888889 0.016666666666666666 0.04537037037037037
2 0.7544270833333333 0.7203703703703703 0.13802083333333334 0.1574074074074074
1 0.26953125 0.4074074074074074 0.009895833333333333 0.012962962962962963
1 0.37890625 0.4685185185185185 0.0067708333333333336 0.018518518518518517
1 0.3971354166666667 0.6231481481481481 0.0109375 0.018518518518518517
1 0.49895833333333334 0.5944444444444444 0.008333333333333333 0.022222222222222223
1 0.45 0.5550925925925926 0.009375 0.023148148148148147
1 0.23046875 0.6203703703703703 0.0067708333333333336 0.018518518518518517
1 0.17526041666666667 0.6287037037037037 0.0067708333333333336 0.018518518518518517
1 0.16692708333333334 0.6050925925925926 0.0078125 0.017592592592592594
1 0.20104166666666667 0.5861111111111111 0.008333333333333333 0.016666666666666666
1 0.15911458333333334 0.8944444444444445 0.0171875 0.024074074074074074
1 0.24244791666666668 0.8226851851851852 0.0109375 0.023148148148148147