5 0.5669270833333333 0.20601851851851852 0.0171875 0.041666666666666664
1 0.39479166666666665 0.2967592592592593 0.007291666666666667 0.01574074074074074
1 0.5169270833333334 0.3490740740740741 0.0067708333333333336 0.014814814814814815
1 0.58984375 0.39675925925925926 0.011979166666666667 0.013888888888888888
1 0.64375 0.4550925925925926 0.008333333333333333 0.019444444444444445
1 0.38307291666666665 0.44074074074074077 0.0109375 0.020370370370370372
1 0.36380208333333336 0.44907407407407407 0.008854166666666666 0.020370370370370372
1 0.37578125 0.46574074074074073 0.009895833333333333 0.018518518518518517
1 0.4125 0.47638888888888886 0.009375 0.019444444444444445
1 0.5518229166666667 0.4689814814814815 0.0067708333333333336 0.013888888888888888
2 0.909375 0.5435185185185185 0.13958333333333334 0.13703703703703704
1 0.478125 0.6162037037037037 0.009375 0.021296296296296296
1 0.434375 0.6273148148148148 0.011458333333333333 0.019444444444444445
1 0.6541666666666667 0.5231481481481481 0.020833333333333332 0.018518518518518517