5 0.56015625 0.20277777777777778 0.016145833333333335 0.04259259259259259
1 0.39296875 0.2967592592592593 0.0067708333333333336 0.01574074074074074
1 0.5140625 0.3453703703703704 0.00625 0.014814814814814815
1 0.5890625 0.39814814814814814 0.010416666666666666 0.016666666666666666
1 0.6380208333333334 0.45 0.00625 0.016666666666666666
1 0.378125 0.4388888888888889 0.015625 0.022222222222222223
1 0.3567708333333333 0.44814814814814813 0.007291666666666667 0.014814814814814815
1 0.3692708333333333 0.46574074074074073 0.008333333333333333 0.018518518518518517
1 0.40677083333333336 0.47314814814814815 0.009375 0.018518518518518517
1 0.5502604166666667 0.46944444444444444 0.0078125 0.018518518518518517
2 0.9013020833333333 0.5393518518518519 0.13697916666666668 0.13055555555555556
1 0.46770833333333334 0.6259259259259259 0.009375 0.016666666666666666
1 0.4197916666666667 0.6467592592592593 0.0125 0.021296296296296296
1 0.6734375 0.5319444444444444 0.008333333333333333 0.013888888888888888