5 0.5497395833333333 0.2708333333333333 0.016145833333333335 0.041666666666666664
1 0.3828125 0.3560185185185185 0.00625 0.01574074074074074
1 0.50390625 0.4078703703703704 0.0078125 0.01574074074074074
1 0.57890625 0.4615740740740741 0.013020833333333334 0.01574074074074074
1 0.6317708333333333 0.5087962962962963 0.008333333333333333 0.01574074074074074
1 0.36276041666666664 0.5027777777777778 0.009895833333333333 0.012962962962962963
1 0.3419270833333333 0.5138888888888888 0.0067708333333333336 0.014814814814814815
1 0.35442708333333334 0.5342592592592592 0.009895833333333333 0.016666666666666666
1 0.3958333333333333 0.5333333333333333 0.010416666666666666 0.018518518518518517
1 0.5442708333333334 0.5296296296296297 0.008333333333333333 0.016666666666666666
2 0.8799479166666667 0.5972222222222222 0.13385416666666666 0.13148148148148148
1 0.45 0.6856481481481481 0.010416666666666666 0.019444444444444445
1 0.39817708333333335 0.7134259259259259 0.0140625 0.017592592592592594
1 0.68515625 0.5986111111111111 0.0109375 0.025