5 0.5697916666666667 0.22175925925925927 0.017708333333333333 0.04537037037037037
1 0.38958333333333334 0.324537037037037 0.009375 0.01574074074074074
1 0.52265625 0.3875 0.0067708333333333336 0.01574074074074074
1 0.5997395833333333 0.4078703703703704 0.008854166666666666 0.013888888888888888
1 0.6541666666666667 0.5046296296296297 0.008333333333333333 0.018518518518518517
1 0.39895833333333336 0.49444444444444446 0.011458333333333333 0.020370370370370372
1 0.35963541666666665 0.5009259259259259 0.009895833333333333 0.018518518518518517
1 0.3776041666666667 0.5203703703703704 0.009375 0.020370370370370372
1 0.40729166666666666 0.5458333333333333 0.011458333333333333 0.021296296296296296
1 0.5502604166666667 0.5287037037037037 0.0067708333333333336 0.016666666666666666
2 0.9434895833333333 0.6129629629629629 0.11302083333333333 0.1259259259259259
1 0.478125 0.711574074074074 0.0125 0.021296296296296296
1 0.428125 0.7152777777777778 0.013541666666666667 0.023148148148148147
1 0.6270833333333333 0.5592592592592592 0.0125 0.018518518518518517