5 0.5731770833333333 0.22037037037037038 0.018229166666666668 0.044444444444444446
1 0.3828125 0.33425925925925926 0.009375 0.016666666666666666
1 0.5192708333333333 0.4046296296296296 0.007291666666666667 0.016666666666666666
1 0.5955729166666667 0.42407407407407405 0.008854166666666666 0.016666666666666666
1 0.6536458333333334 0.5212962962962963 0.009375 0.018518518518518517
1 0.39739583333333334 0.5037037037037037 0.010416666666666666 0.018518518518518517
1 0.35182291666666665 0.5009259259259259 0.008854166666666666 0.020370370370370372
1 0.37083333333333335 0.5236111111111111 0.008333333333333333 0.019444444444444445
1 0.39765625 0.5527777777777778 0.009895833333333333 0.022222222222222223
1 0.5442708333333334 0.5407407407407407 0.00625 0.014814814814814815
1 0.47994791666666664 0.7310185185185185 0.011979166666666667 0.021296296296296296
1 0.4283854166666667 0.7324074074074074 0.015104166666666667 0.020370370370370372
1 0.6203125 0.5689814814814815 0.014583333333333334 0.01574074074074074