5 0.5796875 0.25787037037037036 0.019791666666666666 0.049074074074074076
1 0.37005208333333334 0.38472222222222224 0.008854166666666666 0.019444444444444445
1 0.5197916666666667 0.4671296296296296 0.007291666666666667 0.019444444444444445
1 0.5919270833333333 0.48009259259259257 0.008854166666666666 0.019444444444444445
1 0.6752604166666667 0.6064814814814815 0.013020833333333334 0.022222222222222223
1 0.41848958333333336 0.5800925925925926 0.019270833333333334 0.023148148148148147
1 0.3497395833333333 0.5833333333333334 0.013020833333333334 0.022222222222222223
1 0.3723958333333333 0.6129629629629629 0.010416666666666666 0.020370370370370372
1 0.3953125 0.6578703703703703 0.010416666666666666 0.026851851851851852
1 0.5528645833333333 0.6291666666666667 0.0078125 0.017592592592592594
1 0.4903645833333333 0.9208333333333333 0.016145833333333335 0.028703703703703703
1 0.42890625 0.9166666666666666 0.016145833333333335 0.02962962962962963
1 0.6307291666666667 0.6518518518518519 0.013541666666666667 0.018518518518518517