5 0.5807291666666666 0.2740740740740741 0.019791666666666666 0.05
1 0.37135416666666665 0.4 0.008333333333333333 0.018518518518518517
1 0.5307291666666667 0.4949074074074074 0.007291666666666667 0.017592592592592594
1 0.5994791666666667 0.49907407407407406 0.008333333333333333 0.020370370370370372
1 0.6830729166666667 0.6425925925925926 0.013020833333333334 0.022222222222222223
1 0.4265625 0.6296296296296297 0.0125 0.025925925925925925
1 0.34921875 0.6287037037037037 0.0140625 0.022222222222222223
1 0.37447916666666664 0.6606481481481481 0.014583333333333334 0.023148148148148147
1 0.39166666666666666 0.7226851851851852 0.010416666666666666 0.025
1 0.5635416666666667 0.687037037037037 0.010416666666666666 0.020370370370370372
1 0.634375 0.6833333333333333 0.013541666666666667 0.020370370370370372
1 0.4265625 0.9907407407407407 0.017708333333333333 0.018518518518518517