5 0.59140625 0.24583333333333332 0.021354166666666667 0.05462962962962963
1 0.3625 0.41203703703703703 0.009375 0.018518518518518517
1 0.5322916666666667 0.5351851851851852 0.009375 0.022222222222222223
1 0.6028645833333334 0.5328703703703703 0.0078125 0.019444444444444445
1 0.6859375 0.6939814814814815 0.0125 0.023148148148148147
1 0.42421875 0.6712962962962963 0.019270833333333334 0.022222222222222223
1 0.3338541666666667 0.6587962962962963 0.015625 0.019444444444444445
1 0.36770833333333336 0.687962962962963 0.010416666666666666 0.022222222222222223
1 0.37604166666666666 0.7819444444444444 0.016666666666666666 0.030555555555555555
1 0.5591145833333333 0.7476851851851852 0.009895833333333333 0.019444444444444445
1 0.6229166666666667 0.7101851851851851 0.015625 0.022222222222222223