5 0.58515625 0.2300925925925926 0.019270833333333334 0.05092592592592592
1 0.3703125 0.3768518518518518 0.007291666666666667 0.018518518518518517
1 0.5291666666666667 0.4828703703703704 0.009375 0.017592592592592594
1 0.5984375 0.48564814814814816 0.007291666666666667 0.021296296296296296
1 0.6755208333333333 0.6291666666666667 0.0125 0.021296296296296296
1 0.42682291666666666 0.6074074074074074 0.0171875 0.025925925925925925
1 0.3453125 0.6046296296296296 0.014583333333333334 0.020370370370370372
1 0.37604166666666666 0.6314814814814815 0.0125 0.025925925925925925
1 0.3846354166666667 0.6986111111111111 0.015104166666666667 0.028703703703703703
1 0.5567708333333333 0.6689814814814815 0.009375 0.021296296296296296
1 0.61953125 0.65 0.016145833333333335 0.022222222222222223
1 0.4234375 0.9611111111111111 0.022916666666666665 0.03518518518518519
1 0.5020833333333333 0.9814814814814815 0.016666666666666666 0.037037037037037035