2 0.6546875 0.23842592592592593 0.05 0.03981481481481482
5 0.16432291666666668 0.6398148148148148 0.019270833333333334 0.06296296296296296
2 0.8247395833333333 0.1726851851851852 0.030729166666666665 0.021296296296296296
1 0.746875 0.4115740740740741 0.009375 0.01574074074074074
1 0.51875 0.7125 0.025 0.019444444444444445
1 0.5744791666666667 0.4060185185185185 0.00625 0.012037037037037037
1 0.64296875 0.4212962962962963 0.0140625 0.012962962962962963
1 0.58203125 0.42824074074074076 0.015104166666666667 0.013888888888888888
1 0.48880208333333336 0.44351851851851853 0.0171875 0.014814814814814815
1 0.6588541666666666 0.5217592592592593 0.009375 0.01574074074074074
1 0.57265625 0.5185185185185185 0.0067708333333333336 0.012962962962962963