2 0.6588541666666666 0.32175925925925924 0.059375 0.04537037037037037
2 0.8505208333333333 0.2310185185185185 0.035416666666666666 0.025
1 0.7692708333333333 0.5847222222222223 0.010416666666666666 0.017592592592592594
1 0.55625 0.5648148148148148 0.008333333333333333 0.014814814814814815
1 0.6375 0.5875 0.020833333333333332 0.017592592592592594
1 0.5638020833333334 0.600925925925926 0.016145833333333335 0.012962962962962963
1 0.44973958333333336 0.625 0.0328125 0.016666666666666666
1 0.6223958333333334 0.7212962962962963 0.013541666666666667 0.020370370370370372
1 0.58046875 0.6287037037037037 0.013020833333333334 0.018518518518518517
1 0.6588541666666666 0.7569444444444444 0.011458333333333333 0.017592592592592594
1 0.5494791666666666 0.7462962962962963 0.008333333333333333 0.016666666666666666