2 0.66328125 0.34675925925925927 0.06197916666666667 0.04722222222222222
2 0.8604166666666667 0.24953703703703703 0.036458333333333336 0.026851851851851852
1 0.78203125 0.6467592592592593 0.0140625 0.013888888888888888
1 0.5497395833333333 0.6199074074074075 0.008854166666666666 0.01574074074074074
1 0.634375 0.6523148148148148 0.022916666666666665 0.017592592592592594
1 0.55859375 0.662962962962963 0.018229166666666668 0.016666666666666666
1 0.43697916666666664 0.6875 0.035416666666666666 0.017592592592592594
1 0.6190104166666667 0.8106481481481481 0.027604166666666666 0.030555555555555555
1 0.5786458333333333 0.6958333333333333 0.01875 0.017592592592592594
1 0.66015625 0.8532407407407407 0.0296875 0.025
1 0.5408854166666667 0.8328703703703704 0.0109375 0.021296296296296296