2 0.6518229166666667 0.275 0.0515625 0.040740740740740744
2 0.8283854166666667 0.2074074074074074 0.0328125 0.022222222222222223
1 0.7229166666666667 0.48842592592592593 0.0125 0.013888888888888888
1 0.5463541666666667 0.46805555555555556 0.007291666666666667 0.013888888888888888
1 0.6049479166666667 0.4875 0.025520833333333333 0.013888888888888888
1 0.5513020833333333 0.49398148148148147 0.015104166666666667 0.013888888888888888
1 0.45677083333333335 0.5083333333333333 0.026041666666666668 0.014814814814814815
1 0.5984375 0.5837962962962963 0.016666666666666666 0.021296296296296296
1 0.5575520833333333 0.5222222222222223 0.008854166666666666 0.012962962962962963
1 0.6184895833333334 0.6083333333333333 0.015104166666666667 0.022222222222222223
1 0.5377604166666666 0.5976851851851852 0.0328125 0.021296296296296296
5 0.1015625 0.7273148148148149 0.026041666666666668 0.06944444444444445
1 0.46953125 0.8143518518518519 0.021354166666666667 0.023148148148148147