2 0.66328125 0.32916666666666666 0.059895833333333336 0.04537037037037037
2 0.8578125 0.24444444444444444 0.036458333333333336 0.025925925925925925
1 0.771875 0.6152777777777778 0.015625 0.01574074074074074
1 0.5489583333333333 0.5944444444444444 0.008333333333333333 0.014814814814814815
1 0.6276041666666666 0.6226851851851852 0.023958333333333335 0.01574074074074074
1 0.55546875 0.6337962962962963 0.018229166666666668 0.013888888888888888
1 0.43203125 0.6527777777777778 0.025520833333333333 0.014814814814814815
1 0.6104166666666667 0.7782407407407408 0.026041666666666668 0.028703703703703703
1 0.5734375 0.6708333333333333 0.023958333333333335 0.023148148148148147
1 0.6484375 0.8166666666666667 0.028125 0.025925925925925925
1 0.5377604166666666 0.7939814814814815 0.016145833333333335 0.019444444444444445