2 0.9401041666666666 0.3074074074074074 0.057291666666666664 0.044444444444444446
1 0.9950520833333333 0.5486111111111112 0.008854166666666666 0.01574074074074074
1 0.7963541666666667 0.4699074074074074 0.008333333333333333 0.013888888888888888
1 0.8578125 0.5055555555555555 0.021875 0.014814814814814815
1 0.6989583333333333 0.4736111111111111 0.01875 0.013888888888888888
1 0.7984375 0.5324074074074074 0.008333333333333333 0.012962962962962963
1 0.840625 0.6013888888888889 0.01875 0.017592592592592594
1 0.79453125 0.49583333333333335 0.0109375 0.012037037037037037
1 0.85625 0.6305555555555555 0.015625 0.016666666666666666
1 0.7619791666666667 0.5907407407407408 0.009375 0.014814814814814815
5 0.37473958333333335 0.575462962962963 0.0203125 0.058333333333333334
1 0.6934895833333333 0.7601851851851852 0.015104166666666667 0.016666666666666666