1 0.5807291666666666 0.44305555555555554 0.020833333333333332 0.01574074074074074
1 0.5958333333333333 0.5504629629629629 0.030208333333333334 0.017592592592592594
5 0.2390625 0.4671296296296296 0.019791666666666666 0.05092592592592592
1 0.42734375 0.6893518518518519 0.0140625 0.017592592592592594
1 0.6971354166666667 0.45694444444444443 0.008854166666666666 0.010185185185185186
1 0.6666666666666666 0.4777777777777778 0.01875 0.014814814814814815
1 0.7200520833333334 0.49583333333333335 0.018229166666666668 0.013888888888888888
1 0.6458333333333334 0.5125 0.009375 0.013888888888888888
1 0.6552083333333333 0.5925925925925926 0.008333333333333333 0.014814814814814815
1 0.6627604166666666 0.6185185185185185 0.009895833333333333 0.018518518518518517
1 0.8729166666666667 0.5745370370370371 0.011458333333333333 0.01574074074074074