1 0.5729166666666666 0.225 0.016666666666666666 0.020370370370370372
1 0.5763020833333333 0.34305555555555556 0.009895833333333333 0.01574074074074074
5 0.22291666666666668 0.2574074074074074 0.01875 0.05
1 0.42265625 0.4824074074074074 0.013020833333333334 0.022222222222222223
1 0.6908854166666667 0.24675925925925926 0.0078125 0.013888888888888888
1 0.6580729166666667 0.2689814814814815 0.018229166666666668 0.01574074074074074
1 0.7106770833333333 0.28703703703703703 0.019270833333333334 0.016666666666666666
1 0.634375 0.3055555555555556 0.010416666666666666 0.016666666666666666
1 0.65078125 0.38564814814814813 0.0067708333333333336 0.017592592592592594
1 0.6575520833333334 0.4125 0.008854166666666666 0.017592592592592594
1 0.8723958333333334 0.35462962962962963 0.010416666666666666 0.016666666666666666