1 0.5171875 0.26157407407407407 0.015625 0.019444444444444445
1 0.46015625 0.4199074074074074 0.0140625 0.01574074074074074
5 0.09869791666666666 0.3236111111111111 0.025520833333333333 0.06388888888888888
1 0.31276041666666665 0.6203703703703703 0.025520833333333333 0.024074074074074074
1 0.6544270833333333 0.27037037037037037 0.0078125 0.014814814814814815
1 0.5979166666666667 0.30925925925925923 0.009375 0.012962962962962963
1 0.6411458333333333 0.324537037037037 0.026041666666666668 0.01574074074074074
1 0.54140625 0.3675925925925926 0.011979166666666667 0.016666666666666666
1 0.5752604166666667 0.48842592592592593 0.008854166666666666 0.017592592592592594
1 0.5841145833333333 0.5305555555555556 0.013020833333333334 0.022222222222222223
1 0.8619791666666666 0.4546296296296296 0.020833333333333332 0.025925925925925925