1 0.5278645833333333 0.262037037037037 0.0296875 0.018518518518518517
1 0.46171875 0.4222222222222222 0.013020833333333334 0.014814814814814815
5 0.09479166666666666 0.32407407407407407 0.026041666666666668 0.06481481481481481
1 0.31640625 0.6277777777777778 0.019270833333333334 0.024074074074074074
1 0.6536458333333334 0.2763888888888889 0.008333333333333333 0.01574074074074074
1 0.59921875 0.3106481481481482 0.0109375 0.013888888888888888
1 0.6442708333333333 0.32592592592592595 0.026041666666666668 0.016666666666666666
1 0.5494791666666666 0.36527777777777776 0.008333333333333333 0.019444444444444445
1 0.5783854166666667 0.48518518518518516 0.0067708333333333336 0.018518518518518517
1 0.5848958333333333 0.5296296296296297 0.014583333333333334 0.020370370370370372
1 0.86484375 0.45092592592592595 0.021354166666666667 0.024074074074074074