1 0.50703125 0.2902777777777778 0.0140625 0.028703703703703703
1 0.43645833333333334 0.45185185185185184 0.007291666666666667 0.014814814814814815
5 0.07630208333333334 0.3486111111111111 0.025520833333333333 0.06574074074074074
1 0.3020833333333333 0.6671296296296296 0.0125 0.028703703703703703
1 0.63984375 0.29444444444444445 0.008854166666666666 0.014814814814814815
1 0.5791666666666667 0.3416666666666667 0.008333333333333333 0.016666666666666666
1 0.6127604166666667 0.3592592592592593 0.0234375 0.016666666666666666
1 0.5127604166666667 0.3990740740740741 0.0171875 0.018518518518518517
1 0.5494791666666666 0.5194444444444445 0.017708333333333333 0.022222222222222223
1 0.5666666666666667 0.5703703703703704 0.013541666666666667 0.022222222222222223
1 0.8325520833333333 0.4976851851851852 0.022395833333333334 0.019444444444444445