1 0.5015625 0.2759259259259259 0.017708333333333333 0.025925925925925925
1 0.44296875 0.44212962962962965 0.009895833333333333 0.01574074074074074
5 0.07682291666666667 0.3333333333333333 0.025520833333333333 0.06666666666666667
1 0.30026041666666664 0.6606481481481481 0.019270833333333334 0.032407407407407406
1 0.6403645833333333 0.287962962962963 0.0078125 0.016666666666666666
1 0.5815104166666667 0.3296296296296296 0.0078125 0.016666666666666666
1 0.6184895833333334 0.350462962962963 0.025520833333333333 0.01574074074074074
1 0.5255208333333333 0.38981481481481484 0.017708333333333333 0.020370370370370372
1 0.5572916666666666 0.5092592592592593 0.008333333333333333 0.022222222222222223
1 0.5723958333333333 0.5564814814814815 0.013541666666666667 0.020370370370370372
1 0.85 0.47638888888888886 0.023958333333333335 0.028703703703703703