1 0.5044270833333333 0.2912037037037037 0.0140625 0.021296296296296296
1 0.42552083333333335 0.4393518518518518 0.008333333333333333 0.01574074074074074
5 0.08463541666666667 0.3314814814814815 0.025520833333333333 0.06851851851851852
1 0.3033854166666667 0.638425925925926 0.0140625 0.025
1 0.6338541666666667 0.2851851851851852 0.008333333333333333 0.014814814814814815
1 0.5755208333333334 0.33425925925925926 0.01875 0.020370370370370372
1 0.5958333333333333 0.36064814814814816 0.025 0.01574074074074074
1 0.48489583333333336 0.38333333333333336 0.020833333333333332 0.022222222222222223
1 0.5440104166666667 0.5041666666666667 0.0140625 0.021296296296296296
1 0.5580729166666667 0.5587962962962963 0.0140625 0.023148148148148147
1 0.8200520833333333 0.4875 0.027604166666666666 0.023148148148148147
2 0.9322916666666666 0.03287037037037037 0.059375 0.05462962962962963