1 0.50546875 0.2916666666666667 0.019270833333333334 0.020370370370370372
1 0.4276041666666667 0.43842592592592594 0.007291666666666667 0.013888888888888888
5 0.08541666666666667 0.33564814814814814 0.026041666666666668 0.06759259259259259
1 0.30442708333333335 0.6375 0.016145833333333335 0.025
1 0.6348958333333333 0.28564814814814815 0.008333333333333333 0.013888888888888888
1 0.5705729166666667 0.3351851851851852 0.0067708333333333336 0.014814814814814815
1 0.59765625 0.3578703703703704 0.025520833333333333 0.017592592592592594
1 0.48932291666666666 0.38333333333333336 0.0171875 0.022222222222222223
1 0.54765625 0.5013888888888889 0.0109375 0.021296296296296296
1 0.5598958333333334 0.5569444444444445 0.015625 0.023148148148148147
1 0.8231770833333333 0.48842592592592593 0.028645833333333332 0.023148148148148147
2 0.94765625 0.02546296296296296 0.0546875 0.05092592592592592