1 0.5002604166666667 0.28935185185185186 0.015104166666666667 0.019444444444444445
1 0.4122395833333333 0.4361111111111111 0.013020833333333334 0.022222222222222223
5 0.08697916666666666 0.3143518518518518 0.026041666666666668 0.06574074074074074
1 0.278125 0.6199074074074075 0.027083333333333334 0.032407407407407406
1 0.6307291666666667 0.2898148148148148 0.008333333333333333 0.014814814814814815
1 0.5669270833333333 0.33287037037037037 0.015104166666666667 0.017592592592592594
1 0.5815104166666667 0.36574074074074076 0.021354166666666667 0.014814814814814815
1 0.4640625 0.37407407407407406 0.016666666666666666 0.018518518518518517
1 0.5286458333333334 0.5087962962962963 0.010416666666666666 0.025
1 0.5372395833333333 0.5592592592592592 0.015104166666666667 0.020370370370370372
1 0.8013020833333333 0.4986111111111111 0.024479166666666666 0.023148148148148147
2 0.8934895833333333 0.07592592592592592 0.0734375 0.05925925925925926