1 0.5416666666666666 0.33564814814814814 0.022916666666666665 0.023148148148148147
1 0.39166666666666666 0.42962962962962964 0.016666666666666666 0.024074074074074074
5 0.18880208333333334 0.17407407407407408 0.0234375 0.05555555555555555
1 0.19322916666666667 0.49907407407407406 0.011458333333333333 0.020370370370370372
1 0.671875 0.39861111111111114 0.009375 0.017592592592592594
1 0.5846354166666666 0.4115740740740741 0.013020833333333334 0.013888888888888888
1 0.5783854166666667 0.45 0.016145833333333335 0.020370370370370372
1 0.45260416666666664 0.387037037037037 0.009375 0.014814814814814815
1 0.46432291666666664 0.5625 0.008854166666666666 0.019444444444444445
1 0.4473958333333333 0.6180555555555556 0.017708333333333333 0.026851851851851852
1 0.7453125 0.7347222222222223 0.034375 0.03796296296296296