1 0.5138020833333333 0.2865740740740741 0.019270833333333334 0.023148148148148147
1 0.42630208333333336 0.43657407407407406 0.0171875 0.021296296296296296
5 0.09869791666666666 0.32083333333333336 0.025520833333333333 0.06574074074074074
1 0.29973958333333334 0.6217592592592592 0.022395833333333334 0.032407407407407406
1 0.6424479166666667 0.28425925925925927 0.008854166666666666 0.016666666666666666
1 0.5807291666666666 0.3282407407407407 0.016666666666666666 0.019444444444444445
1 0.5986979166666667 0.36018518518518516 0.0203125 0.016666666666666666
1 0.48125 0.375 0.015625 0.016666666666666666
1 0.5494791666666666 0.5032407407407408 0.010416666666666666 0.025
1 0.56015625 0.5564814814814815 0.015104166666666667 0.020370370370370372
1 0.8177083333333334 0.49212962962962964 0.020833333333333332 0.019444444444444445
2 0.9065104166666667 0.06296296296296296 0.06927083333333334 0.05740740740740741