1 0.6078125 0.31203703703703706 0.028125 0.024074074074074074
1 0.47682291666666665 0.41064814814814815 0.013020833333333334 0.019444444444444445
5 0.23880208333333333 0.18564814814814815 0.0234375 0.05648148148148148
1 0.2989583333333333 0.5152777777777777 0.020833333333333332 0.028703703703703703
1 0.7388020833333333 0.36574074074074076 0.009895833333333333 0.014814814814814815
1 0.66015625 0.38657407407407407 0.008854166666666666 0.01574074074074074
1 0.6598958333333333 0.4222222222222222 0.019791666666666666 0.016666666666666666
1 0.53046875 0.37037037037037035 0.011979166666666667 0.016666666666666666
1 0.5677083333333334 0.5370370370370371 0.008333333333333333 0.020370370370370372
1 0.5598958333333334 0.5898148148148148 0.014583333333333334 0.024074074074074074
1 0.8557291666666667 0.6597222222222222 0.025 0.030555555555555555