1 0.32578125 0.43333333333333335 0.0109375 0.016666666666666666
5 0.14427083333333332 0.18009259259259258 0.022916666666666665 0.058333333333333334
1 0.11614583333333334 0.4912037037037037 0.009375 0.019444444444444445
1 0.6182291666666667 0.4125 0.007291666666666667 0.017592592592592594
1 0.5223958333333333 0.42824074074074076 0.009375 0.017592592592592594
1 0.5125 0.4652777777777778 0.010416666666666666 0.021296296296296296
1 0.3846354166666667 0.3824074074074074 0.008854166666666666 0.014814814814814815
1 0.3854166666666667 0.5699074074074074 0.009375 0.019444444444444445
1 0.3606770833333333 0.6236111111111111 0.019270833333333334 0.025
1 0.6635416666666667 0.7467592592592592 0.03125 0.03796296296296296
2 0.8432291666666667 0.2763888888888889 0.10416666666666667 0.08425925925925926