1 0.32317708333333334 0.4300925925925926 0.011979166666666667 0.019444444444444445
5 0.14661458333333333 0.1763888888888889 0.0234375 0.058333333333333334
1 0.10234375 0.4625 0.009895833333333333 0.017592592592592594
1 0.6223958333333334 0.4013888888888889 0.008333333333333333 0.01574074074074074
1 0.52734375 0.42083333333333334 0.0078125 0.01574074074074074
1 0.5138020833333333 0.4564814814814815 0.008854166666666666 0.020370370370370372
1 0.37526041666666665 0.3726851851851852 0.008854166666666666 0.01574074074074074
1 0.38567708333333334 0.5648148148148148 0.0078125 0.020370370370370372
1 0.3580729166666667 0.6199074074074075 0.0171875 0.023148148148148147
1 0.6661458333333333 0.7416666666666667 0.030208333333333334 0.037037037037037035
2 0.7747395833333334 0.25277777777777777 0.10677083333333333 0.08148148148148149