1 0.3104166666666667 0.4305555555555556 0.0125 0.020370370370370372
5 0.13229166666666667 0.17222222222222222 0.023958333333333335 0.05925925925925926
1 0.08307291666666666 0.45787037037037037 0.0109375 0.01574074074074074
1 0.6143229166666667 0.4 0.0078125 0.016666666666666666
1 0.5205729166666667 0.42083333333333334 0.011979166666666667 0.017592592592592594
1 0.5033854166666667 0.4597222222222222 0.0078125 0.019444444444444445
1 0.36223958333333334 0.3712962962962963 0.009895833333333333 0.016666666666666666
1 0.37083333333333335 0.5694444444444444 0.009375 0.020370370370370372
1 0.34375 0.6231481481481481 0.016666666666666666 0.025925925925925925
1 0.6536458333333334 0.7449074074074075 0.028125 0.03425925925925926
2 0.7510416666666667 0.24444444444444444 0.10416666666666667 0.08148148148148149