1 0.3184895833333333 0.65 0.024479166666666666 0.025925925925925925
1 0.4830729166666667 0.30648148148148147 0.013020833333333334 0.016666666666666666
1 0.4953125 0.4078703703703704 0.01875 0.01574074074074074
1 0.5377604166666666 0.5041666666666667 0.033854166666666664 0.026851851851851852
1 0.2546875 0.600925925925926 0.020833333333333332 0.03148148148148148
1 0.55234375 0.6842592592592592 0.025520833333333333 0.03148148148148148
1 0.6 0.7180555555555556 0.020833333333333332 0.026851851851851852
2 0.08645833333333333 0.24722222222222223 0.1125 0.08148148148148149
1 0.3653645833333333 0.4185185185185185 0.019270833333333334 0.018518518518518517
1 0.6802083333333333 0.4212962962962963 0.016666666666666666 0.020370370370370372
1 0.21901041666666668 0.9157407407407407 0.03802083333333333 0.05925925925925926