2 0.4109375 0.06620370370370371 0.06354166666666666 0.0787037037037037
1 0.5684895833333333 0.29583333333333334 0.0078125 0.013888888888888888
1 0.7078125 0.29398148148148145 0.010416666666666666 0.017592592592592594
1 0.4356770833333333 0.3560185185185185 0.0109375 0.026851851851851852
1 0.6690104166666667 0.37175925925925923 0.028645833333333332 0.030555555555555555
1 0.8434895833333333 0.5037037037037037 0.033854166666666664 0.02962962962962963
1 0.6736979166666667 0.4638888888888889 0.0140625 0.022222222222222223
1 0.44583333333333336 0.42592592592592593 0.022916666666666665 0.040740740740740744
5 0.13723958333333333 0.4564814814814815 0.0328125 0.08148148148148149
1 0.65078125 0.6875 0.019270833333333334 0.028703703703703703
1 0.6109375 0.6217592592592592 0.034375 0.030555555555555555
1 0.3333333333333333 0.5254629629629629 0.019791666666666666 0.03796296296296296