2 0.3625 0.040740740740740744 0.057291666666666664 0.07592592592592592
1 0.5049479166666667 0.26342592592592595 0.008854166666666666 0.013888888888888888
1 0.6401041666666667 0.2601851851851852 0.009375 0.014814814814814815
1 0.37734375 0.3111111111111111 0.013020833333333334 0.024074074074074074
1 0.5966145833333333 0.33055555555555555 0.0296875 0.025925925925925925
1 0.7578125 0.47453703703703703 0.021875 0.028703703703703703
1 0.5963541666666666 0.42685185185185187 0.0125 0.020370370370370372
1 0.3723958333333333 0.38333333333333336 0.0125 0.027777777777777776
5 0.08307291666666666 0.425 0.0328125 0.07962962962962963
1 0.56328125 0.6435185185185185 0.018229166666666668 0.025925925925925925
1 0.52421875 0.5837962962962963 0.021354166666666667 0.026851851851851852
1 0.26328125 0.47129629629629627 0.016145833333333335 0.024074074074074074