2 0.359375 0.038425925925925926 0.05416666666666667 0.07314814814814814
1 0.5046875 0.2662037037037037 0.015625 0.025
1 0.6393229166666666 0.2587962962962963 0.008854166666666666 0.013888888888888888
1 0.37864583333333335 0.3074074074074074 0.013541666666666667 0.024074074074074074
1 0.59296875 0.33055555555555555 0.024479166666666666 0.03148148148148148
1 0.759375 0.4773148148148148 0.022916666666666665 0.026851851851851852
1 0.59296875 0.425 0.0140625 0.018518518518518517
1 0.371875 0.38101851851851853 0.013541666666666667 0.026851851851851852
5 0.07942708333333333 0.4217592592592593 0.0328125 0.0787037037037037
1 0.5578125 0.6481481481481481 0.022916666666666665 0.03148148148148148
1 0.5200520833333333 0.5847222222222223 0.0203125 0.026851851851851852
1 0.26171875 0.4726851851851852 0.0171875 0.021296296296296296