2 0.32421875 0.05324074074074074 0.04739583333333333 0.08611111111111111
1 0.47630208333333335 0.29953703703703705 0.015104166666666667 0.025
1 0.6223958333333334 0.29768518518518516 0.009375 0.017592592592592594
1 0.35989583333333336 0.33564814814814814 0.0125 0.023148148148148147
1 0.5716145833333334 0.3726851851851852 0.022395833333333334 0.026851851851851852
1 0.7494791666666667 0.5203703703703704 0.01875 0.022222222222222223
1 0.575 0.4837962962962963 0.014583333333333334 0.023148148148148147
1 0.3458333333333333 0.425 0.0125 0.025925925925925925
5 0.026041666666666668 0.4837962962962963 0.035416666666666666 0.08425925925925926
1 0.5322916666666667 0.725 0.01875 0.044444444444444446
1 0.490625 0.6606481481481481 0.014583333333333334 0.028703703703703703
1 0.22760416666666666 0.5393518518518519 0.01875 0.03611111111111111