1 0.7336876832844574 0.46090308370044053 0.002565982404692082 0.005506607929515419
1 0.748900293255132 0.4505781938325991 0.004398826979472141 0.01183920704845815
1 0.7660373900293255 0.43502202643171806 0.004215542521994135 0.005506607929515419
1 0.7646627565982405 0.46640969162995594 0.002932551319648094 0.011013215859030838
1 0.7575146627565983 0.48705947136563876 0.0032991202346041057 0.012114537444933921
1 0.8580461876832844 0.46558370044052866 0.0034824046920821114 0.005506607929515419
1 0.8332111436950147 0.5068832599118943 0.004765395894428153 0.007709251101321586
1 0.7763929618768328 0.4386013215859031 0.005131964809384164 0.006607929515418502
2 0.7149010263929618 0.41588656387665196 0.02034457478005865 0.017345814977973568
2 0.8347690615835777 0.5770925110132159 0.010813782991202347 0.03138766519823789
2 0.9310850439882697 0.5185848017621145 0.019794721407624633 0.014041850220264317
2 0.8290872434017595 0.3085077092511013 0.02034457478005865 0.015693832599118943