2 0.5526942815249267 0.626101321585903 0.019244868035190616 0.015418502202643172
2 0.5358321114369502 0.643034140969163 0.02034457478005865 0.01183920704845815
2 0.6090542521994134 0.8889041850220264 0.00843108504398827 0.028359030837004404
2 0.47269061583577715 0.7873072687224669 0.017595307917888565 0.020099118942731278
1 0.5217192082111437 0.7051211453744494 0.004582111436950147 0.008259911894273128
1 0.5060483870967742 0.7085627753303965 0.002565982404692082 0.008535242290748899
1 0.5142961876832844 0.7259085903083701 0.002932551319648094 0.005781938325991189
1 0.5472873900293255 0.7833149779735683 0.004765395894428153 0.004955947136563877
1 0.5161290322580645 0.8140143171806168 0.002932551319648094 0.005781938325991189
1 0.5433467741935484 0.8097466960352423 0.004582111436950147 0.008259911894273128
1 0.5613086510263929 0.8115363436123348 0.00531524926686217 0.008535242290748899
1 0.5592008797653959 0.8272301762114538 0.005865102639296188 0.00908590308370044
1 0.5383064516129032 0.8319107929515418 0.00843108504398827 0.004680616740088106
1 0.5541605571847508 0.8456773127753304 0.0071480938416422285 0.00908590308370044