2 0.3057544052863436 0.6618401759530792 0.028909691629955946 0.00843108504398827
2 0.41134361233480177 0.5202529325513197 0.021475770925110133 0.01777859237536657
2 0.5597466960352423 0.5841275659824047 0.012665198237885462 0.020161290322580645
2 0.5786068281938326 0.6013563049853372 0.017345814977973568 0.019794721407624633
1 0.49091409691629956 0.5527859237536656 0.006057268722466961 0.0032991202346041057
1 0.4973843612334802 0.5694648093841642 0.009636563876651983 0.0036656891495601175
1 0.47453193832599116 0.562041788856305 0.004129955947136564 0.0031158357771260995
1 0.4175385462555066 0.5964076246334311 0.007433920704845815 0.004398826979472141
1 0.3842235682819383 0.5650659824046921 0.0052312775330396475 0.0032991202346041057
1 0.3872522026431718 0.593291788856305 0.005781938325991189 0.004032258064516129
1 0.36481277533039647 0.5901759530791789 0.004405286343612335 0.00843108504398827
1 0.3491189427312775 0.6060300586510264 0.009361233480176211 0.004215542521994135
1 0.3705947136563877 0.6089626099706745 0.009361233480176211 0.006414956011730206
1 0.3844988986784141 0.6134530791788856 0.011288546255506607 0.0076979472140762464