2 0.6881883259911894 0.007423020527859238 0.027808370044052864 0.01154692082111437
2 0.3727973568281938 0.034915689149560114 0.01486784140969163 0.02071114369501466
2 0.3911068281938326 0.0592008797653959 0.01238986784140969 0.020161290322580645
2 0.5092235682819384 0.14103739002932553 0.0151431718061674 0.01997800586510264
1 0.4029460352422907 0.07835410557184751 0.012940528634361233 0.006414956011730206
1 0.46957599118942733 0.06708211143695014 0.008535242290748899 0.005131964809384164
1 0.4534691629955947 0.09210043988269795 0.004955947136563877 0.004215542521994135
1 0.4392896475770925 0.10410557184750734 0.004680616740088106 0.004398826979472141
1 0.590170704845815 0.03289956011730205 0.010737885462555066 0.006048387096774193
1 0.5664922907488987 0.0562683284457478 0.005781938325991189 0.004398826979472141
1 0.5671806167400881 0.06085043988269795 0.004955947136563877 0.005131964809384164
1 0.5759911894273128 0.06369134897360704 0.006607929515418502 0.006781524926686217
1 0.6026982378854625 0.06644061583577712 0.011563876651982379 0.0034824046920821114
1 0.5532764317180616 0.09118401759530792 0.00908590308370044 0.007881231671554252