2 0.2591642228739003 0.5026156387665198 0.01063049853372434 0.027257709251101322
1 0.26328812316715544 0.5220264317180616 0.004215542521994135 0.004955947136563877
1 0.25861436950146627 0.5229900881057269 0.004398826979472141 0.010187224669603524
1 0.30186950146627567 0.6438601321585903 0.0036656891495601175 0.006883259911894273
2 0.3996517595307918 0.6704295154185022 0.018511730205278593 0.013215859030837005
1 0.32248900293255134 0.7819383259911894 0.005681818181818182 0.00881057268722467
2 0.33220307917888564 0.7884085903083701 0.018511730205278593 0.01238986784140969
2 0.30800953079178883 0.8167676211453745 0.018511730205278593 0.01459251101321586
1 0.3125 0.6350495594713657 0.002565982404692082 0.008535242290748899
1 0.3385263929618768 0.6336729074889867 0.002932551319648094 0.005781938325991189
1 0.3180901759530792 0.6452367841409692 0.004215542521994135 0.006883259911894273
1 0.31433284457478006 0.6477147577092511 0.002932551319648094 0.010187224669603524
1 0.3333027859237537 0.6819933920704846 0.004582111436950147 0.008259911894273128
1 0.36326979472140764 0.7322411894273128 0.005131964809384164 0.008535242290748899
1 0.35859604105571846 0.739262114537445 0.0034824046920821114 0.00881057268722467