2 0.48444383259911894 0.969574780058651 0.017345814977973568 0.020161290322580645
2 0.4408039647577093 0.9487719941348973 0.018722466960352423 0.01997800586510264
2 0.32874449339207046 0.8723423753665689 0.015969162995594713 0.018511730205278593
2 0.2480726872246696 0.937041788856305 0.017070484581497798 0.019244868035190616
1 0.46723568281938327 0.9596774193548387 0.007709251101321586 0.004398826979472141
1 0.3404460352422907 0.8672104105571847 0.006332599118942731 0.005681818181818182
1 0.37417400881057267 0.8796737536656891 0.006057268722466961 0.00531524926686217
1 0.29529185022026433 0.9342008797653959 0.004129955947136564 0.0036656891495601175
1 0.2972191629955947 0.9518878299120235 0.010737885462555066 0.004582111436950147
1 0.3398953744493392 0.9594941348973607 0.006332599118942731 0.0076979472140762464
1 0.31869493392070486 0.9586693548387096 0.006332599118942731 0.006414956011730206