2 0.38518722466960353 0.7353372434017595 0.046255506607929514 0.04105571847507331
3 0.4786618942731278 0.7690615835777126 0.03661894273127753 0.01686217008797654
1 0.8204845814977973 0.7001466275659824 0.009911894273127754 0.010997067448680353
1 0.835352422907489 0.7714442815249267 0.009911894273127754 0.006964809384164223
1 0.9079019823788547 0.6988636363636364 0.00908590308370044 0.006964809384164223
1 0.9417676211453745 0.7106854838709677 0.008535242290748899 0.006414956011730206
1 0.9512665198237885 0.7266312316715543 0.00881057268722467 0.005681818181818182
1 0.9438325991189427 0.7525659824046921 0.009911894273127754 0.008797653958944282
1 0.974669603524229 0.7343291788856305 0.008259911894273128 0.011180351906158358
4 0.8163546255506607 0.7627382697947214 0.006057268722466961 0.006048387096774193
4 0.9399779735682819 0.7003299120234604 0.006607929515418502 0.005865102639296188