5 0.7070197947214076 0.42015418502202645 0.010813782991202347 0.015969162995594713
2 0.5668988269794721 0.8906938325991189 0.023826979472140762 0.06222466960352423
4 0.30581011730205276 0.8708700440528634 0.004582111436950147 0.006607929515418502
1 0.3057184750733138 0.8537995594713657 0.011730205278592375 0.012114537444933921
1 0.4037756598240469 0.8405837004405287 0.005131964809384164 0.00881057268722467
1 0.4163306451612903 0.8303964757709251 0.0071480938416422285 0.006607929515418502
1 0.42439516129032256 0.7998348017621145 0.009714076246334311 0.010462555066079295
1 0.3936033724340176 0.6777257709251101 0.0031158357771260995 0.005781938325991189
1 0.3548387096774194 0.6861233480176211 0.002932551319648094 0.006607929515418502
1 0.3697763929618768 0.6585903083700441 0.007514662756598241 0.007158590308370044
1 0.34274193548387094 0.6748348017621145 0.004765395894428153 0.012114537444933921
4 0.3376099706744868 0.686398678414097 0.004398826979472141 0.006607929515418502