4 0.873258797653959 0.43433370044052866 0.006414956011730206 0.005781938325991189
1 0.8724340175953079 0.44052863436123346 0.008064516129032258 0.004955947136563877
1 0.7779508797653959 0.5092235682819384 0.00531524926686217 0.006332599118942731
1 0.7606304985337243 0.522852422907489 0.005131964809384164 0.006607929515418502
1 0.7097690615835777 0.581635462555066 0.0038489736070381232 0.005781938325991189
1 0.8604288856304986 0.6585903083700441 0.004948680351906158 0.007709251101321586
1 0.843383431085044 0.6401431718061674 0.006781524926686217 0.006607929515418502
1 0.8576796187683284 0.6756607929515418 0.0031158357771260995 0.007158590308370044
1 0.843841642228739 0.6749724669603524 0.005865102639296188 0.008535242290748899
1 0.7914222873900293 0.6837830396475771 0.004765395894428153 0.005781938325991189
2 0.7292888563049853 0.8440253303964758 0.04032258064516129 0.04763215859030837
5 0.5073313782991202 0.9935297356828194 0.010263929618768328 0.012940528634361233