1 0.38498900293255134 0.6185297356828194 0.007881231671554252 0.011288546255506607
1 0.3470491202346041 0.6599669603524229 0.006781524926686217 0.009361233480176211
1 0.36849340175953077 0.6985132158590308 0.0071480938416422285 0.009911894273127754
1 0.3701429618768328 0.7173733480176211 0.004948680351906158 0.01238986784140969
1 0.30516862170087977 0.7608755506607929 0.0032991202346041057 0.006332599118942731
1 0.27456011730205276 0.7867566079295154 0.004032258064516129 0.006332599118942731
1 0.28308284457478006 0.8032764317180616 0.0034824046920821114 0.006883259911894273
1 0.28042521994134895 0.8177312775330396 0.004398826979472141 0.006607929515418502
1 0.31433284457478006 0.8204845814977973 0.005865102639296188 0.013766519823788546
3 0.2643878299120235 0.8862885462555066 0.019244868035190616 0.020374449339207047
5 0.15698313782991202 0.8097466960352423 0.0093475073313783 0.012665198237885462
2 0.05984237536656892 0.8466409691629956 0.021444281524926685 0.05066079295154185