5 0.5336326979472141 0.4369493392070485 0.007514662756598241 0.013215859030837005
2 0.4928519061583578 0.5801211453744494 0.036656891495601175 0.02643171806167401
3 0.3612536656891496 0.31828193832599116 0.020894428152492667 0.009361233480176211
1 0.3487903225806452 0.42001651982378857 0.0032991202346041057 0.0052312775330396475
1 0.3311950146627566 0.4540198237885463 0.004032258064516129 0.006057268722466961
1 0.31387463343108507 0.47590859030837 0.0034824046920821114 0.005781938325991189
1 0.28042521994134895 0.4220814977973568 0.004398826979472141 0.004405286343612335
4 0.28079178885630496 0.4275881057268722 0.0036656891495601175 0.005506607929515419
1 0.24569281524926687 0.40501101321585903 0.0034824046920821114 0.004955947136563877
1 0.24926686217008798 0.47563325991189426 0.0032991202346041057 0.005781938325991189
1 0.2284640762463343 0.4527808370044053 0.0023826979472140763 0.004680616740088106
1 0.20692815249266863 0.4259361233480176 0.004765395894428153 0.005506607929515419
1 0.2313966275659824 0.4906387665198238 0.0034824046920821114 0.004955947136563877