1 0.5530011013215859 0.406616568914956 0.015693832599118943 0.010447214076246334
1 0.5740638766519823 0.4031341642228739 0.01486784140969163 0.018145161290322582
2 0.713931718061674 0.3790322580645161 0.048458149779735685 0.05535190615835777
1 0.5739262114537445 0.5054985337243402 0.01459251101321586 0.01063049853372434
1 0.5925110132158591 0.5764296187683284 0.011013215859030838 0.009897360703812317
1 0.6591409691629956 0.5800036656891495 0.016519823788546256 0.0218108504398827
1 0.6647852422907489 0.6835593841642229 0.01459251101321586 0.010080645161290322
1 0.5845264317180616 0.6804435483870968 0.014317180616740088 0.0071480938416422285
1 0.5991189427312775 0.6971224340175953 0.011013215859030838 0.017045454545454544
1 0.5637389867841409 0.6941898826979472 0.010187224669603524 0.010447214076246334
1 0.5704845814977973 0.7083944281524927 0.010462555066079295 0.008797653958944282