1 0.8290872434017595 0.6561123348017621 0.008980938416422288 0.014317180616740088
1 0.7427602639296188 0.6335352422907489 0.009714076246334311 0.013766519823788546
1 0.7792338709677419 0.5823237885462555 0.0071480938416422285 0.019823788546255508
1 0.7934384164222874 0.6051762114537445 0.008797653958944282 0.011563876651982379
1 0.8035190615835777 0.6131607929515418 0.009530791788856305 0.021475770925110133
1 0.7996700879765396 0.5341409691629956 0.006964809384164223 0.00881057268722467
1 0.7988453079178885 0.5446035242290749 0.006414956011730206 0.011563876651982379
4 0.9435483870967742 0.35545154185022027 0.006598240469208211 0.012114537444933921
4 0.9265029325513197 0.3619218061674009 0.006964809384164223 0.010187224669603524
1 0.9470307917888563 0.3766519823788546 0.006231671554252199 0.009911894273127754
1 0.9432734604105572 0.3856002202643172 0.006048387096774193 0.011288546255506607
1 0.937225073313783 0.2724394273127753 0.007881231671554252 0.011288546255506607