5 0.8273460410557185 0.5256057268722467 0.014296187683284457 0.019823788546255508
1 0.6635813782991202 0.6722191629955947 0.011180351906158358 0.016244493392070486
1 0.7951796187683284 0.7969438325991189 0.004948680351906158 0.009636563876651983
1 0.6181268328445748 0.847329295154185 0.006414956011730206 0.00908590308370044
1 0.6306818181818182 0.871420704845815 0.007331378299120235 0.011563876651982379
1 0.5557184750733137 0.9340583700440529 0.0076979472140762464 0.015693832599118943
1 0.5090725806451613 0.9336453744493393 0.015212609970674487 0.012665198237885462
4 0.5135630498533724 0.9241464757709251 0.014296187683284457 0.010187224669603524
1 0.4217375366568915 0.9881607929515418 0.004032258064516129 0.013215859030837005
2 0.2682368035190616 0.9768722466960352 0.06286656891495601 0.046255506607929514
1 0.31066715542521994 0.9666850220264317 0.016129032258064516 0.010462555066079295