2 0.44176762114537443 0.19153225806451613 0.022301762114537445 0.030425219941348974
3 0.4566354625550661 0.187774926686217 0.010187224669603524 0.02584310850439883
2 0.5020649779735683 0.3991019061583578 0.04157488986784141 0.04343841642228739
1 0.5638766519823789 0.30507697947214074 0.009361233480176211 0.011180351906158358
1 0.6112334801762115 0.3099340175953079 0.015418502202643172 0.008797653958944282
1 0.6244493392070485 0.31726539589442815 0.00881057268722467 0.0076979472140762464
1 0.6055892070484582 0.33944281524926684 0.018447136563876653 0.007331378299120235
4 0.6770374449339207 0.24239369501466276 0.006057268722466961 0.0071480938416422285
1 0.71875 0.2122434017595308 0.006883259911894273 0.004765395894428153
1 0.76693281938326 0.29435483870967744 0.014041850220264317 0.008797653958944282
1 0.7700991189427313 0.3317448680351906 0.008259911894273128 0.00843108504398827
4 0.7645925110132159 0.33082844574780057 0.007158590308370044 0.005865102639296188
5 0.9933920704845814 0.4592192082111437 0.013215859030837005 0.010447214076246334