1 0.4886178861788618 0.03111587982832618 0.008130081300813009 0.01072961373390558
1 0.44715447154471544 0.00536480686695279 0.00975609756097561 0.01072961373390558
1 0.4146341463414634 0.011802575107296138 0.00975609756097561 0.015021459227467811
1 0.4121951219512195 0.03755364806866953 0.011382113821138212 0.015021459227467811
1 0.441869918699187 0.038090128755364806 0.00894308943089431 0.013948497854077254
1 0.4353658536585366 0.07725321888412018 0.00894308943089431 0.01072961373390558
1 0.49105691056910566 0.1636266094420601 0.008130081300813009 0.013948497854077254
1 0.5056910569105691 0.18830472103004292 0.008130081300813009 0.016094420600858368
1 0.4768292682926829 0.19527896995708155 0.00894308943089431 0.015021459227467811
2 0.5617886178861788 0.07027896995708155 0.030894308943089432 0.033261802575107295
2 0.45365853658536587 0.28594420600858367 0.03414634146341464 0.022532188841201718
2 0.42560975609756097 0.3106223175965665 0.03333333333333333 0.02467811158798283