2 0.73125 0.25462962962962965 0.041666666666666664 0.016666666666666666
2 0.884765625 0.30694444444444446 0.02890625 0.025925925925925925
1 0.7891927083333333 0.20555555555555555 0.00390625 0.005555555555555556
1 0.8186197916666667 0.22430555555555556 0.004427083333333333 0.0060185185185185185
1 0.8471354166666667 0.2111111111111111 0.0036458333333333334 0.005555555555555556
1 0.8600260416666666 0.2490740740740741 0.00546875 0.007407407407407408
1 0.7697916666666667 0.1925925925925926 0.0036458333333333334 0.005555555555555556
1 0.7458333333333333 0.22199074074074074 0.0046875 0.006944444444444444
1 0.8958333333333334 0.24675925925925926 0.004166666666666667 0.006481481481481481
1 0.9078125 0.25810185185185186 0.0046875 0.006944444444444444
2 0.946484375 0.23171296296296295 0.02578125 0.022685185185185187
1 0.8653645833333333 0.20578703703703705 0.0036458333333333334 0.006944444444444444
1 0.8803385416666667 0.2247685185185185 0.00390625 0.006944444444444444
1 0.9223958333333333 0.22546296296296298 0.0036458333333333334 0.007407407407407408