2 0.7126302083333333 0.2662037037037037 0.03984375 0.01574074074074074
2 0.86484375 0.31828703703703703 0.021875 0.02361111111111111
1 0.7643229166666666 0.21851851851851853 0.0036458333333333334 0.005555555555555556
1 0.794140625 0.23657407407407408 0.00390625 0.005555555555555556
1 0.817578125 0.22337962962962962 0.00390625 0.0060185185185185185
1 0.833203125 0.26157407407407407 0.0049479166666666664 0.006481481481481481
1 0.7462239583333333 0.20671296296296296 0.00390625 0.0060185185185185185
1 0.7204427083333333 0.23587962962962963 0.00546875 0.009722222222222222
1 0.8694010416666667 0.25925925925925924 0.00390625 0.006481481481481481
1 0.87890625 0.26944444444444443 0.0046875 0.006481481481481481
2 0.9151041666666667 0.24421296296296297 0.0234375 0.020833333333333332
1 0.8350260416666667 0.21875 0.00390625 0.00787037037037037
1 0.8477864583333333 0.2377314814814815 0.004427083333333333 0.00787037037037037
1 0.8901041666666667 0.23657407407407408 0.0036458333333333334 0.007407407407407408