2 0.6520833333333333 0.3085648148148148 0.034895833333333334 0.015277777777777777
2 0.7846354166666667 0.36064814814814816 0.018229166666666668 0.018518518518518517
2 0.8966145833333333 0.36064814814814816 0.0265625 0.024074074074074074
1 0.6921875 0.26875 0.0036458333333333334 0.005092592592592593
1 0.7119791666666667 0.28078703703703706 0.004166666666666667 0.0060185185185185185
1 0.7328125 0.27060185185185187 0.0036458333333333334 0.005092592592592593
1 0.7533854166666667 0.3037037037037037 0.005208333333333333 0.007407407407407408
1 0.6740885416666667 0.2590277777777778 0.0033854166666666668 0.005092592592592593
1 0.6571614583333333 0.2824074074074074 0.0033854166666666668 0.005555555555555556
1 0.7860677083333333 0.30092592592592593 0.00390625 0.005555555555555556
1 0.7944010416666667 0.30972222222222223 0.004427083333333333 0.005555555555555556
2 0.820703125 0.2861111111111111 0.018489583333333334 0.017592592592592594
1 0.7471354166666667 0.26666666666666666 0.0036458333333333334 0.006481481481481481
1 0.7548177083333333 0.2810185185185185 0.00390625 0.007407407407407408
1 0.79765625 0.28032407407407406 0.0036458333333333334 0.0060185185185185185