2 0.645703125 0.3145833333333333 0.03359375 0.015277777777777777
2 0.77578125 0.3685185185185185 0.018229166666666668 0.018518518518518517
2 0.8861979166666667 0.36527777777777776 0.026041666666666668 0.023148148148148147
1 0.6850260416666667 0.27569444444444446 0.0033854166666666668 0.005092592592592593
1 0.7029947916666667 0.2875 0.0033854166666666668 0.004629629629629629
1 0.7243489583333333 0.2777777777777778 0.00390625 0.005555555555555556
1 0.7455729166666667 0.30972222222222223 0.0046875 0.006481481481481481
1 0.6674479166666667 0.26666666666666666 0.0036458333333333334 0.005555555555555556
1 0.651953125 0.2898148148148148 0.00390625 0.006481481481481481
1 0.7778645833333333 0.3071759259259259 0.004166666666666667 0.0060185185185185185
1 0.7859375 0.3159722222222222 0.004166666666666667 0.005092592592592593
2 0.811328125 0.293287037037037 0.01796875 0.01712962962962963
1 0.7385416666666667 0.2740740740740741 0.0036458333333333334 0.006481481481481481
1 0.74609375 0.2881944444444444 0.0036458333333333334 0.006944444444444444
1 0.7884114583333334 0.28703703703703703 0.00390625 0.006481481481481481