2 0.6158854166666666 0.3439814814814815 0.03125 0.013888888888888888
2 0.726953125 0.4081018518518518 0.023177083333333334 0.01990740740740741
2 0.8368489583333333 0.3854166666666667 0.023177083333333334 0.020833333333333332
1 0.6489583333333333 0.30925925925925923 0.003125 0.004629629629629629
1 0.6596354166666667 0.319212962962963 0.0036458333333333334 0.005092592592592593
1 0.6821614583333333 0.3104166666666667 0.0033854166666666668 0.005092592592592593
1 0.7072916666666667 0.33958333333333335 0.005208333333333333 0.006944444444444444
1 0.6329427083333333 0.30115740740740743 0.00390625 0.0060185185185185185
1 0.7365885416666667 0.3375 0.00390625 0.005555555555555556
2 0.7670572916666667 0.3229166666666667 0.015885416666666666 0.015277777777777777
1 0.6973958333333333 0.30648148148148147 0.0036458333333333334 0.006481481481481481
1 0.7032552083333333 0.3189814814814815 0.00390625 0.007407407407407408
1 0.7453125 0.3173611111111111 0.004166666666666667 0.006944444444444444
1 0.7458333333333333 0.3458333333333333 0.004166666666666667 0.005555555555555556
1 0.6248697916666667 0.3236111111111111 0.00390625 0.006481481481481481