2 0.610546875 0.3488425925925926 0.031510416666666666 0.014351851851851852
2 0.7166666666666667 0.4166666666666667 0.024479166666666666 0.021296296296296296
2 0.8305989583333333 0.3891203703703704 0.022135416666666668 0.020833333333333332
1 0.644140625 0.31319444444444444 0.0033854166666666668 0.005092592592592593
1 0.6532552083333333 0.3229166666666667 0.00390625 0.005092592592592593
1 0.6772135416666667 0.3143518518518518 0.00390625 0.005555555555555556
1 0.7016927083333333 0.34375 0.0049479166666666664 0.006944444444444444
1 0.6283854166666667 0.3055555555555556 0.0036458333333333334 0.005555555555555556
1 0.73125 0.3414351851851852 0.004166666666666667 0.0060185185185185185
2 0.7618489583333333 0.32685185185185184 0.015885416666666666 0.014814814814814815
1 0.6920572916666666 0.30995370370370373 0.0033854166666666668 0.0060185185185185185
1 0.6973958333333333 0.3229166666666667 0.0036458333333333334 0.006944444444444444
1 0.740234375 0.3199074074074074 0.00390625 0.006481481481481481
1 0.740625 0.35 0.004166666666666667 0.005555555555555556
1 0.620703125 0.3282407407407407 0.00390625 0.006481481481481481