2 0.61171875 0.35324074074074074 0.03229166666666667 0.014814814814814815
2 0.6865885416666667 0.43842592592592594 0.02890625 0.025
2 0.83359375 0.399537037037037 0.023958333333333335 0.022222222222222223
1 0.6515625 0.31666666666666665 0.0036458333333333334 0.005555555555555556
1 0.6615885416666667 0.3263888888888889 0.0033854166666666668 0.004629629629629629
1 0.6859375 0.31805555555555554 0.0036458333333333334 0.005555555555555556
1 0.7072916666666667 0.34976851851851853 0.005208333333333333 0.006944444444444444
1 0.6384114583333333 0.3090277777777778 0.0033854166666666668 0.005092592592592593
1 0.7381510416666667 0.34814814814814815 0.00390625 0.005555555555555556
2 0.7717447916666667 0.33310185185185187 0.014322916666666666 0.014351851851851852
1 0.701171875 0.3145833333333333 0.0033854166666666668 0.0060185185185185185
1 0.7055989583333333 0.3282407407407407 0.0033854166666666668 0.006481481481481481
1 0.749609375 0.3263888888888889 0.00390625 0.006481481481481481
1 0.746875 0.35717592592592595 0.0046875 0.0060185185185185185
1 0.6313802083333333 0.3314814814814815 0.0033854166666666668 0.006481481481481481