2 0.62734375 0.3541666666666667 0.0328125 0.014814814814814815
2 0.6825520833333333 0.44814814814814813 0.03125 0.025
2 0.8510416666666667 0.40370370370370373 0.023958333333333335 0.022222222222222223
1 0.6694010416666667 0.3173611111111111 0.00390625 0.0060185185185185185
1 0.680078125 0.3282407407407407 0.0033854166666666668 0.004629629629629629
1 0.705859375 0.319212962962963 0.00390625 0.0060185185185185185
1 0.725 0.3525462962962963 0.005729166666666666 0.00787037037037037
1 0.6580729166666667 0.3101851851851852 0.0036458333333333334 0.005555555555555556
1 0.7572916666666667 0.35162037037037036 0.0036458333333333334 0.005092592592592593
2 0.79296875 0.33611111111111114 0.0140625 0.01574074074074074
1 0.7212239583333333 0.3159722222222222 0.0033854166666666668 0.0060185185185185185
1 0.7259114583333334 0.33055555555555555 0.002864583333333333 0.005555555555555556
1 0.7686197916666667 0.3287037037037037 0.00390625 0.006481481481481481
1 0.7662760416666666 0.3613425925925926 0.004427083333333333 0.0060185185185185185
1 0.65078125 0.33310185185185187 0.003125 0.0060185185185185185