2 0.651171875 0.35671296296296295 0.03359375 0.015277777777777777
2 0.671484375 0.4648148148148148 0.03463541666666667 0.027777777777777776
2 0.8783854166666667 0.41180555555555554 0.025520833333333333 0.02546296296296296
1 0.6977864583333333 0.319212962962963 0.00390625 0.0060185185185185185
1 0.7096354166666666 0.33078703703703705 0.0036458333333333334 0.005092592592592593
1 0.735546875 0.3210648148148148 0.00390625 0.0060185185185185185
1 0.75234375 0.3560185185185185 0.005729166666666666 0.007407407407407408
1 0.68828125 0.31157407407407406 0.0036458333333333334 0.005555555555555556
1 0.7856770833333333 0.35648148148148145 0.0036458333333333334 0.005555555555555556
2 0.824609375 0.3400462962962963 0.014322916666666666 0.016203703703703703
1 0.7518229166666667 0.31805555555555554 0.0036458333333333334 0.006481481481481481
1 0.7565104166666666 0.3349537037037037 0.005208333333333333 0.0060185185185185185
1 0.79921875 0.3326388888888889 0.004166666666666667 0.006944444444444444
1 0.7953125 0.3659722222222222 0.0046875 0.0060185185185185185
1 0.6815104166666667 0.33587962962962964 0.003125 0.0060185185185185185