2 0.675 0.35694444444444445 0.034895833333333334 0.01574074074074074
2 0.6532552083333333 0.47824074074074074 0.04140625 0.03333333333333333
2 0.9052083333333333 0.41875 0.028645833333333332 0.027314814814814816
1 0.7265625 0.32013888888888886 0.004166666666666667 0.0060185185185185185
1 0.7385416666666667 0.3326388888888889 0.0036458333333333334 0.005092592592592593
1 0.7654947916666667 0.32314814814814813 0.00390625 0.005555555555555556
1 0.7795572916666667 0.36018518518518516 0.005989583333333334 0.008333333333333333
1 0.7188802083333333 0.3127314814814815 0.00390625 0.0060185185185185185
1 0.813671875 0.3611111111111111 0.004427083333333333 0.006481481481481481
2 0.8571614583333333 0.34375 0.013802083333333333 0.016203703703703703
1 0.7822916666666667 0.32037037037037036 0.0036458333333333334 0.006481481481481481
1 0.7880208333333333 0.3400462962962963 0.004166666666666667 0.005092592592592593
1 0.8303385416666667 0.33564814814814814 0.004427083333333333 0.007407407407407408
1 0.8247395833333333 0.3712962962962963 0.004166666666666667 0.005555555555555556
1 0.711328125 0.3375 0.00390625 0.006481481481481481