2 0.6821614583333333 0.35833333333333334 0.03515625 0.01574074074074074
2 0.6442708333333333 0.4828703703703704 0.0453125 0.03611111111111111
2 0.9131510416666667 0.4212962962962963 0.02890625 0.027777777777777776
1 0.7361979166666667 0.3210648148148148 0.004166666666666667 0.0060185185185185185
1 0.7477864583333333 0.33287037037037037 0.0033854166666666668 0.004629629629629629
1 0.7752604166666667 0.324537037037037 0.0036458333333333334 0.005555555555555556
1 0.787890625 0.36180555555555555 0.005989583333333334 0.00787037037037037
1 0.7286458333333333 0.31342592592592594 0.0036458333333333334 0.005555555555555556
1 0.8223958333333333 0.3627314814814815 0.004166666666666667 0.0060185185185185185
2 0.8673177083333333 0.3451388888888889 0.013802083333333333 0.016203703703703703
1 0.79140625 0.3212962962962963 0.003125 0.005555555555555556
1 0.7970052083333333 0.34120370370370373 0.004427083333333333 0.005555555555555556
1 0.840234375 0.3375 0.0049479166666666664 0.008333333333333333
1 0.833203125 0.3729166666666667 0.004427083333333333 0.0060185185185185185
1 0.719921875 0.33773148148148147 0.00390625 0.0060185185185185185