2 0.6899739583333333 0.3613425925925926 0.03567708333333333 0.016203703703703703
2 0.634765625 0.48680555555555555 0.04869791666666667 0.03287037037037037
2 0.9217447916666667 0.425462962962963 0.029947916666666668 0.028703703703703703
1 0.7462239583333333 0.32407407407407407 0.004427083333333333 0.006481481481481481
1 0.7571614583333334 0.33587962962962964 0.00390625 0.005092592592592593
1 0.7860677083333333 0.3266203703703704 0.0033854166666666668 0.005092592592592593
1 0.7971354166666667 0.36574074074074076 0.005208333333333333 0.007407407407407408
1 0.7389322916666666 0.3164351851851852 0.00390625 0.0060185185185185185
1 0.8315104166666667 0.3662037037037037 0.0036458333333333334 0.005555555555555556
2 0.878125 0.3490740740740741 0.0140625 0.016666666666666666
1 0.8016927083333333 0.3247685185185185 0.00390625 0.0060185185185185185
1 0.807421875 0.3453703703703704 0.004427083333333333 0.005555555555555556
1 0.851171875 0.3414351851851852 0.005989583333333334 0.009722222222222222
1 0.8430989583333334 0.3768518518518518 0.0049479166666666664 0.006481481481481481
1 0.7283854166666667 0.34074074074074073 0.0036458333333333334 0.005555555555555556