1 0.33658536585365856 0.5477467811158798 0.00975609756097561 0.018240343347639486
1 0.4056910569105691 0.6051502145922747 0.008130081300813009 0.012875536480686695
1 0.3597560975609756 0.5761802575107297 0.015447154471544716 0.01072961373390558
1 0.3313008130081301 0.5826180257510729 0.012195121951219513 0.017167381974248927
1 0.35813008130081303 0.6083690987124464 0.00894308943089431 0.012875536480686695
1 0.35203252032520327 0.6555793991416309 0.00975609756097561 0.017167381974248927
1 0.31869918699186994 0.6003218884120172 0.011382113821138212 0.016094420600858368
1 0.42357723577235773 0.7655579399141631 0.008130081300813009 0.011802575107296138
1 0.408130081300813 0.7414163090128756 0.008130081300813009 0.01072961373390558
1 0.3951219512195122 0.7773605150214592 0.008130081300813009 0.018240343347639486
2 0.48008130081300815 0.648068669527897 0.03170731707317073 0.032188841201716736
2 0.3678861788617886 0.8669527896995708 0.034959349593495934 0.02145922746781116
2 0.33699186991869917 0.8959227467811158 0.03333333333333333 0.027896995708154508
2 0.2426829268292683 0.48283261802575106 0.01707317073170732 0.045064377682403435