3 0.6459349593495934 0.27009646302250806 0.013821138211382113 0.05144694533762058
1 0.5455284552845528 0.3161843515541265 0.016260162601626018 0.01714898177920686
4 0.4630081300813008 0.2390139335476956 0.00894308943089431 0.010718113612004287
1 0.42317073170731706 0.19346195069667738 0.013821138211382113 0.01822079314040729
1 0.5353658536585366 0.14255091103965703 0.01056910569105691 0.015005359056806002
1 0.38699186991869916 0.30385852090032156 0.00975609756097561 0.031082529474812434
1 0.3650406504065041 0.2840300107181136 0.016260162601626018 0.03215434083601286
1 0.3040650406504065 0.2877813504823151 0.01788617886178862 0.022508038585209004
4 0.2890243902439024 0.3536977491961415 0.00894308943089431 0.012861736334405145
1 0.2658536585365854 0.36763129689174706 0.00975609756097561 0.01714898177920686
5 0.036178861788617886 0.2652733118971061 0.01869918699186992 0.022508038585209004