2 0.5597075548334687 0.8065380493033226 0.06336311941510966 0.05680600214362272
4 0.553208773354996 0.8622722400857449 0.00974817221770918 0.013933547695605574
3 0.31478472786352557 0.7615219721329046 0.039805036555645816 0.02679528403001072
5 0.6754670999187652 0.2341907824222937 0.017059301380991064 0.022508038585209004
1 0.4358245329000812 0.25937834941050375 0.010560519902518278 0.01714898177920686
1 0.41145410235580826 0.25937834941050375 0.01380991064175467 0.01929260450160772
1 0.3724614134849716 0.37138263665594856 0.010560519902518278 0.013933547695605574
1 0.3249390739236393 0.3879957127545552 0.017871649065800164 0.015005359056806002
4 0.3233143785540211 0.3987138263665595 0.008123476848090982 0.012861736334405145
1 0.2896019496344435 0.372454448017149 0.020308692120227456 0.01822079314040729
1 0.2644191714053615 0.469989281886388 0.012185215272136474 0.01607717041800643
1 0.21852152721364745 0.5487674169346195 0.011372867587327376 0.01714898177920686
1 0.1620633631194151 0.41479099678456594 0.01380991064175467 0.015005359056806002