2 0.7184703010577705 0.8681672025723473 0.09601301871440195 0.08145766345123258
1 0.6729048006509357 0.6254019292604501 0.01952807160292921 0.031082529474812434
1 0.677379983726607 0.6564844587352626 0.03336045565500407 0.031082529474812434
1 0.5020341741253052 0.6580921757770632 0.022782750203417412 0.030010718113612004
1 0.37957689178193654 0.6881028938906752 0.01708706265256306 0.02572347266881029
1 0.3742880390561432 0.785101822079314 0.03905614320585842 0.031082529474812434
1 0.19894222945484133 0.7915326902465166 0.01871440195280716 0.02679528403001072
1 0.20545158665581773 0.672561629153269 0.01871440195280716 0.02679528403001072
1 0.177379983726607 0.642550911039657 0.01627339300244101 0.022508038585209004
1 0.15459723352318958 0.6527331189710611 0.01790073230268511 0.023579849946409433
1 0.17168429617575265 0.6966773847802786 0.024410089503661515 0.021436227224008574