2 0.7321614583333333 0.46041666666666664 0.04505208333333333 0.03287037037037037
1 0.533984375 0.6574074074074074 0.00546875 0.012962962962962963
1 0.58515625 0.6689814814814815 0.015625 0.009259259259259259
5 0.4942708333333333 0.7108796296296296 0.0125 0.033796296296296297
1 0.516015625 0.6520833333333333 0.007552083333333333 0.008796296296296297
1 0.588671875 0.6907407407407408 0.014322916666666666 0.012037037037037037
1 0.56328125 0.6881944444444444 0.00625 0.006944444444444444
1 0.58125 0.6391203703703704 0.0046875 0.009722222222222222
2 0.5709635416666666 0.03356481481481482 0.00859375 0.04398148148148148
2 0.5540364583333334 0.046064814814814815 0.009635416666666667 0.04675925925925926
2 0.6432291666666666 0.01574074074074074 0.008333333333333333 0.02962962962962963