2 0.7286458333333333 0.45625 0.04479166666666667 0.03194444444444444
1 0.5458333333333333 0.6564814814814814 0.005729166666666666 0.012962962962962963
1 0.596875 0.6638888888888889 0.015104166666666667 0.007407407407407408
5 0.50859375 0.7092592592592593 0.0125 0.03425925925925926
1 0.526171875 0.6506944444444445 0.007552083333333333 0.00787037037037037
1 0.601171875 0.6865740740740741 0.014322916666666666 0.012037037037037037
1 0.5759114583333333 0.6851851851851852 0.005989583333333334 0.007407407407407408
1 0.590625 0.6365740740740741 0.0046875 0.009259259259259259
2 0.5522135416666667 0.03680555555555556 0.00859375 0.043055555555555555
2 0.5360677083333333 0.049074074074074076 0.009114583333333334 0.04722222222222222
2 0.6235677083333333 0.017361111111111112 0.00859375 0.03287037037037037