2 0.6880208333333333 0.4289351851851852 0.040625 0.031018518518518518
1 0.5989583333333334 0.6446759259259259 0.005208333333333333 0.009722222222222222
1 0.648828125 0.6388888888888888 0.01328125 0.007407407407407408
5 0.5807291666666666 0.6923611111111111 0.0125 0.03287037037037037
1 0.5736979166666667 0.6381944444444444 0.005208333333333333 0.00787037037037037
1 0.6584635416666667 0.6594907407407408 0.006510416666666667 0.0125
1 0.6359375 0.6627314814814815 0.0067708333333333336 0.00787037037037037
1 0.63125 0.6101851851851852 0.0046875 0.009259259259259259
2 0.4283854166666667 0.052314814814814814 0.008333333333333333 0.04259259259259259
2 0.4153645833333333 0.06481481481481481 0.0078125 0.04722222222222222
2 0.492578125 0.026157407407407407 0.00859375 0.04027777777777778