2 0.6822916666666666 0.42916666666666664 0.04010416666666667 0.03148148148148148
1 0.608203125 0.642824074074074 0.005989583333333334 0.0125
1 0.65625 0.6335648148148149 0.013020833333333334 0.00787037037037037
5 0.5930989583333334 0.6914351851851852 0.012760416666666666 0.033796296296296297
1 0.5807291666666666 0.6358796296296296 0.005208333333333333 0.006944444444444444
1 0.6670572916666667 0.6534722222222222 0.005989583333333334 0.0125
1 0.6463541666666667 0.6571759259259259 0.008333333333333333 0.00787037037037037
1 0.6381510416666667 0.6048611111111111 0.004427083333333333 0.008796296296296297
2 0.4088541666666667 0.055092592592592596 0.008333333333333333 0.04351851851851852
2 0.39596354166666664 0.06782407407407408 0.007552083333333333 0.047685185185185185
2 0.47239583333333335 0.028703703703703703 0.008854166666666666 0.03981481481481482