2 0.6768229166666667 0.42939814814814814 0.03854166666666667 0.03287037037037037
1 0.616015625 0.6398148148148148 0.007552083333333333 0.011111111111111112
1 0.6643229166666667 0.6280092592592592 0.013020833333333334 0.00787037037037037
5 0.6036458333333333 0.6902777777777778 0.0125 0.03333333333333333
1 0.5880208333333333 0.6319444444444444 0.004166666666666667 0.008333333333333333
1 0.6756510416666667 0.6472222222222223 0.0049479166666666664 0.009259259259259259
1 0.6552083333333333 0.6509259259259259 0.0067708333333333336 0.008333333333333333
1 0.6446614583333333 0.6013888888888889 0.004427083333333333 0.009259259259259259
2 0.389453125 0.058333333333333334 0.008072916666666667 0.04351851851851852
2 0.37721354166666665 0.07199074074074074 0.007552083333333333 0.047685185185185185
2 0.45260416666666664 0.03194444444444444 0.008854166666666666 0.03981481481481482