2 0.65 0.4270833333333333 0.03125 0.02824074074074074
1 0.6240885416666667 0.6337962962962963 0.005989583333333334 0.012037037037037037
1 0.6734375 0.6199074074074075 0.010416666666666666 0.008333333333333333
5 0.6173177083333333 0.6821759259259259 0.012239583333333333 0.03287037037037037
1 0.5950520833333334 0.6266203703703703 0.0046875 0.008796296296296297
1 0.6872395833333333 0.6337962962962963 0.0046875 0.007407407407407408
1 0.6673177083333334 0.6430555555555556 0.006510416666666667 0.007407407407407408
1 0.64765625 0.5953703703703703 0.005208333333333333 0.010185185185185186
2 0.330078125 0.07407407407407407 0.008072916666666667 0.044444444444444446
2 0.31809895833333335 0.08888888888888889 0.008072916666666667 0.049074074074074076
2 0.393359375 0.04652777777777778 0.009114583333333334 0.03935185185185185