2 0.5180989583333333 0.5583333333333333 0.023177083333333334 0.032407407407407406
5 0.522265625 0.7842592592592592 0.01171875 0.03425925925925926
1 0.545703125 0.6958333333333333 0.004427083333333333 0.012037037037037037
1 0.569921875 0.7178240740740741 0.012760416666666666 0.011574074074074073
1 0.5850260416666667 0.73125 0.009635416666666667 0.011574074074074073
1 0.5670572916666666 0.7379629629629629 0.006510416666666667 0.011111111111111112
1 0.5240885416666666 0.7381944444444445 0.0049479166666666664 0.010648148148148148
1 0.4953125 0.7291666666666666 0.0046875 0.010185185185185186
2 0.262109375 0.18680555555555556 0.008072916666666667 0.04027777777777778
2 0.19583333333333333 0.21550925925925926 0.0078125 0.04490740740740741
2 0.18333333333333332 0.22800925925925927 0.008333333333333333 0.05138888888888889