2 0.5143229166666666 0.42800925925925926 0.0234375 0.03009259259259259
5 0.5213541666666667 0.649537037037037 0.011979166666666667 0.03148148148148148
1 0.54453125 0.5608796296296297 0.0046875 0.013425925925925926
1 0.5236979166666667 0.6055555555555555 0.005208333333333333 0.010185185185185186
2 0.2540364583333333 0.04722222222222222 0.009114583333333334 0.03981481481481482
2 0.18619791666666666 0.07708333333333334 0.008854166666666666 0.04953703703703704
2 0.17291666666666666 0.09050925925925926 0.009375 0.05416666666666667
1 0.5720052083333333 0.5837962962962963 0.01171875 0.009259259259259259
1 0.5873697916666667 0.5965277777777778 0.008072916666666667 0.010648148148148148
1 0.5680989583333333 0.6043981481481482 0.009114583333333334 0.010648148148148148
1 0.49505208333333334 0.5912037037037037 0.004166666666666667 0.010185185185185186