2 0.5138020833333333 0.4136574074074074 0.025 0.031018518518518518
5 0.5205729166666667 0.632175925925926 0.011979166666666667 0.03194444444444444
2 0.25234375 0.030555555555555555 0.008854166666666666 0.041666666666666664
2 0.184765625 0.05856481481481481 0.00859375 0.05138888888888889
2 0.17122395833333334 0.07199074074074074 0.009114583333333334 0.055092592592592596
1 0.544921875 0.5444444444444444 0.004427083333333333 0.012962962962962963
1 0.57109375 0.5678240740740741 0.0125 0.009722222222222222
1 0.5880208333333333 0.58125 0.009895833333333333 0.008796296296296297
1 0.5688802083333333 0.5881944444444445 0.00703125 0.010648148148148148
1 0.5227864583333334 0.5875 0.0049479166666666664 0.009259259259259259
1 0.495703125 0.5743055555555555 0.00390625 0.008796296296296297