2 0.5071614583333334 0.4287037037037037 0.026822916666666665 0.03425925925925926
5 0.52265625 0.6303240740740741 0.011979166666666667 0.03194444444444444
2 0.24947916666666667 0.029861111111111113 0.009375 0.04490740740740741
2 0.18255208333333334 0.06273148148148149 0.008854166666666666 0.052314814814814814
2 0.16666666666666666 0.07453703703703704 0.009375 0.05555555555555555
1 0.5455729166666666 0.54375 0.004166666666666667 0.013425925925925926
1 0.5723958333333333 0.5673611111111111 0.011458333333333333 0.010648148148148148
1 0.5904947916666666 0.5789351851851852 0.0049479166666666664 0.0060185185185185185
1 0.5694010416666667 0.5877314814814815 0.008072916666666667 0.011574074074074073
1 0.5239583333333333 0.586574074074074 0.005208333333333333 0.010185185185185186
1 0.4981770833333333 0.5715277777777777 0.004166666666666667 0.008796296296296297