2 0.501953125 0.4340277777777778 0.027864583333333335 0.033796296296296297
5 0.523046875 0.6300925925925925 0.01171875 0.03148148148148148
2 0.24908854166666666 0.030324074074074073 0.009635416666666667 0.043055555555555555
2 0.18138020833333332 0.061342592592592594 0.008072916666666667 0.05138888888888889
2 0.16536458333333334 0.07569444444444444 0.009375 0.056018518518518516
1 0.5475260416666666 0.5423611111111111 0.004427083333333333 0.013425925925925926
1 0.57265625 0.56875 0.009895833333333333 0.011574074074074073
1 0.5903645833333333 0.5826388888888889 0.0046875 0.0060185185185185185
1 0.5713541666666667 0.5893518518518519 0.009375 0.011111111111111112
1 0.5252604166666667 0.5863425925925926 0.005208333333333333 0.009722222222222222
1 0.49908854166666666 0.5717592592592593 0.00390625 0.008333333333333333