2 0.4446614583333333 0.4599537037037037 0.039322916666666666 0.03564814814814815
5 0.46966145833333334 0.6347222222222222 0.01171875 0.032407407407407406
2 0.235546875 0.03587962962962963 0.01015625 0.04490740740740741
2 0.165625 0.06574074074074074 0.009375 0.05
2 0.14674479166666668 0.08402777777777778 0.01015625 0.05694444444444444
1 0.5049479166666667 0.5469907407407407 0.005729166666666666 0.0125
1 0.53046875 0.5747685185185185 0.008854166666666666 0.0125
1 0.5477864583333333 0.5875 0.00546875 0.009259259259259259
1 0.5287760416666667 0.5990740740740741 0.008072916666666667 0.009259259259259259
1 0.47877604166666665 0.5905092592592592 0.005989583333333334 0.010648148148148148
1 0.4596354166666667 0.5747685185185185 0.005208333333333333 0.00787037037037037