2 0.3787760416666667 0.47453703703703703 0.03984375 0.03611111111111111
5 0.403125 0.6395833333333333 0.011458333333333333 0.031018518518518518
2 0.22135416666666666 0.03796296296296296 0.009895833333333333 0.044444444444444446
2 0.14544270833333334 0.06944444444444445 0.009635416666666667 0.05092592592592592
2 0.12552083333333333 0.08564814814814815 0.010416666666666666 0.05740740740740741
1 0.44817708333333334 0.5497685185185185 0.0078125 0.011574074074074073
1 0.47018229166666664 0.5731481481481482 0.00859375 0.012962962962962963
1 0.48359375 0.5868055555555556 0.00625 0.009722222222222222
1 0.4654947916666667 0.5995370370370371 0.00859375 0.008333333333333333
1 0.4200520833333333 0.594212962962963 0.00625 0.011574074074074073
1 0.40065104166666665 0.5782407407407407 0.0049479166666666664 0.009259259259259259