2 0.36028645833333334 0.47800925925925924 0.03984375 0.03657407407407407
5 0.38359375 0.6393518518518518 0.011458333333333333 0.03148148148148148
2 0.21614583333333334 0.038425925925925926 0.009895833333333333 0.044444444444444446
2 0.14075520833333333 0.06967592592592593 0.009635416666666667 0.050462962962962966
2 0.11953125 0.08587962962962963 0.010416666666666666 0.05787037037037037
1 0.43307291666666664 0.5513888888888889 0.0078125 0.011111111111111112
1 0.45481770833333335 0.5743055555555555 0.007552083333333333 0.0125
1 0.46796875 0.587037037037037 0.005729166666666666 0.008333333333333333
1 0.45 0.6002314814814815 0.007291666666666667 0.006944444444444444
1 0.40338541666666666 0.5939814814814814 0.00625 0.011111111111111112
1 0.38528645833333336 0.5787037037037037 0.0049479166666666664 0.008333333333333333