2 0.2615885416666667 0.4847222222222222 0.030989583333333334 0.03425925925925926
5 0.2889322916666667 0.6273148148148148 0.01171875 0.02962962962962963
2 0.19309895833333332 0.027777777777777776 0.010677083333333334 0.04537037037037037
2 0.11158854166666667 0.06018518518518518 0.009635416666666667 0.05185185185185185
2 0.08359375 0.0775462962962963 0.0109375 0.059722222222222225
1 0.35390625 0.5407407407407407 0.005208333333333333 0.011111111111111112
1 0.37252604166666664 0.5664351851851852 0.00703125 0.013425925925925926
1 0.38333333333333336 0.5791666666666667 0.013020833333333334 0.010185185185185186
1 0.36875 0.5923611111111111 0.005729166666666666 0.010648148148148148
1 0.318359375 0.5817129629629629 0.011197916666666667 0.013425925925925926
1 0.30559895833333334 0.5608796296296297 0.00703125 0.009722222222222222