2 0.21770833333333334 0.5118055555555555 0.041666666666666664 0.038425925925925926
5 0.25703125 0.6261574074074074 0.011979166666666667 0.03009259259259259
2 0.18385416666666668 0.02939814814814815 0.011458333333333333 0.04675925925925926
2 0.0984375 0.06550925925925925 0.010416666666666666 0.052314814814814814
2 0.06848958333333334 0.0824074074074074 0.011458333333333333 0.062037037037037036
1 0.3313802083333333 0.5303240740740741 0.006510416666666667 0.008796296296296297
1 0.3494791666666667 0.5576388888888889 0.00625 0.013425925925925926
1 0.3592447916666667 0.5766203703703704 0.00703125 0.0125
1 0.348828125 0.5770833333333333 0.00859375 0.015277777777777777
1 0.30559895833333334 0.5689814814814815 0.00859375 0.013888888888888888
1 0.29596354166666666 0.549074074074074 0.009114583333333334 0.010185185185185186