2 0.3248697916666667 0.4858796296296296 0.04296875 0.03657407407407407
5 0.362109375 0.5879629629629629 0.011197916666666667 0.027777777777777776
2 0.3528645833333333 0.020833333333333332 0.010416666666666666 0.041666666666666664
2 0.271875 0.05138888888888889 0.009895833333333333 0.05092592592592592
2 0.244140625 0.06597222222222222 0.01015625 0.05787037037037037
1 0.43828125 0.5034722222222222 0.005208333333333333 0.011574074074074073
1 0.457421875 0.530787037037037 0.008072916666666667 0.010648148148148148
1 0.46796875 0.5513888888888889 0.008333333333333333 0.013888888888888888
1 0.45859375 0.5430555555555555 0.008333333333333333 0.011111111111111112
1 0.42109375 0.530787037037037 0.007291666666666667 0.010648148148148148
1 0.41315104166666666 0.5092592592592593 0.008072916666666667 0.009259259259259259