2 0.294921875 0.4673611111111111 0.03567708333333333 0.03194444444444444
5 0.3522135416666667 0.5469907407407407 0.010677083333333334 0.02638888888888889
2 0.351171875 0.019675925925925927 0.009114583333333334 0.03935185185185185
2 0.2694010416666667 0.04884259259259259 0.00859375 0.04861111111111111
2 0.23893229166666666 0.06296296296296296 0.01015625 0.05925925925925926
1 0.431640625 0.4699074074074074 0.004427083333333333 0.010185185185185186
1 0.449609375 0.48842592592592593 0.00703125 0.009259259259259259
1 0.45286458333333335 0.4986111111111111 0.00625 0.012962962962962963
1 0.45872395833333335 0.5127314814814815 0.007552083333333333 0.010648148148148148
1 0.426171875 0.4914351851851852 0.009635416666666667 0.013425925925925926
1 0.415625 0.4738425925925926 0.007291666666666667 0.010648148148148148