2 0.281640625 0.45601851851851855 0.03046875 0.028703703703703703
5 0.34479166666666666 0.5365740740740741 0.010416666666666666 0.025925925925925925
2 0.3450520833333333 0.01712962962962963 0.008854166666666666 0.03425925925925926
2 0.26328125 0.04421296296296296 0.008333333333333333 0.04861111111111111
2 0.231640625 0.059027777777777776 0.01015625 0.0587962962962963
1 0.421484375 0.45740740740740743 0.004427083333333333 0.009259259259259259
1 0.44192708333333336 0.475462962962963 0.007291666666666667 0.009259259259259259
1 0.44440104166666666 0.48564814814814816 0.006510416666666667 0.011111111111111112
1 0.44973958333333336 0.49722222222222223 0.008333333333333333 0.011111111111111112
1 0.415625 0.4798611111111111 0.007291666666666667 0.009722222222222222
1 0.4069010416666667 0.4597222222222222 0.009114583333333334 0.012037037037037037