2 0.29830729166666664 0.45023148148148145 0.02734375 0.029166666666666667
5 0.36328125 0.5354166666666667 0.010416666666666666 0.02546296296296296
2 0.36302083333333335 0.016898148148148148 0.008854166666666666 0.033796296296296297
2 0.281640625 0.04490740740740741 0.00859375 0.05
2 0.24921875 0.05856481481481481 0.010416666666666666 0.0587962962962963
1 0.4393229166666667 0.4548611111111111 0.005729166666666666 0.009722222222222222
1 0.459765625 0.475 0.00703125 0.010185185185185186
1 0.46315104166666665 0.4840277777777778 0.007552083333333333 0.011574074074074073
1 0.46927083333333336 0.49537037037037035 0.007291666666666667 0.011111111111111112
1 0.43411458333333336 0.47685185185185186 0.007291666666666667 0.007407407407407408
1 0.425 0.45787037037037037 0.008333333333333333 0.009259259259259259