2 0.31484375 0.44583333333333336 0.024479166666666666 0.03333333333333333
5 0.37890625 0.5326388888888889 0.010416666666666666 0.02638888888888889
2 0.3834635416666667 0.016666666666666666 0.009114583333333334 0.03333333333333333
2 0.30182291666666666 0.04398148148148148 0.008333333333333333 0.049074074074074076
2 0.27096354166666664 0.059027777777777776 0.01015625 0.0587962962962963
1 0.4569010416666667 0.4537037037037037 0.00546875 0.008333333333333333
1 0.476953125 0.47199074074074077 0.007552083333333333 0.008796296296296297
1 0.4803385416666667 0.48217592592592595 0.00546875 0.011574074074074073
1 0.48671875 0.49398148148148147 0.005729166666666666 0.007407407407407408
1 0.45260416666666664 0.4736111111111111 0.00625 0.007407407407407408
1 0.4434895833333333 0.45393518518518516 0.0067708333333333336 0.00787037037037037