2 0.48125 0.42569444444444443 0.017708333333333333 0.03564814814814815
5 0.54140625 0.5208333333333334 0.009895833333333333 0.025925925925925925
2 0.5696614583333334 0.014814814814814815 0.00859375 0.02962962962962963
2 0.4884114583333333 0.03726851851851852 0.00859375 0.04953703703703704
2 0.45859375 0.052083333333333336 0.009895833333333333 0.0587962962962963
1 0.6251302083333333 0.4516203703703704 0.005989583333333334 0.006944444444444444
1 0.647265625 0.47199074074074077 0.008072916666666667 0.009722222222222222
1 0.648828125 0.480787037037037 0.00546875 0.008796296296296297
1 0.6141927083333333 0.45185185185185184 0.00546875 0.007407407407407408
1 0.6201822916666667 0.47337962962962965 0.007552083333333333 0.008796296296296297
1 0.653125 0.5002314814814814 0.008333333333333333 0.0125