2 0.460546875 0.38680555555555557 0.029947916666666668 0.031018518518518518
5 0.5104166666666666 0.4775462962962963 0.009375 0.02361111111111111
2 0.5576822916666667 0.015509259259259259 0.009635416666666667 0.031018518518518518
2 0.47604166666666664 0.03611111111111111 0.009375 0.04722222222222222
2 0.44427083333333334 0.04976851851851852 0.011458333333333333 0.055092592592592596
1 0.5984375 0.41574074074074074 0.00625 0.008333333333333333
1 0.6180989583333333 0.4335648148148148 0.00859375 0.008796296296296297
1 0.62109375 0.4409722222222222 0.005208333333333333 0.008796296296296297
1 0.5899739583333333 0.4111111111111111 0.0049479166666666664 0.005555555555555556
1 0.5946614583333333 0.43449074074074073 0.00859375 0.006944444444444444
1 0.619140625 0.45740740740740743 0.005989583333333334 0.010185185185185186