2 0.41653645833333336 0.37407407407407406 0.03463541666666667 0.03148148148148148
5 0.4434895833333333 0.46574074074074073 0.009375 0.024074074074074074
2 0.530859375 0.017592592592592594 0.010677083333333334 0.02962962962962963
2 0.44361979166666665 0.041435185185185186 0.009114583333333334 0.04953703703703704
2 0.4095052083333333 0.05625 0.011197916666666667 0.05416666666666667
1 0.540234375 0.4023148148148148 0.005989583333333334 0.008333333333333333
1 0.560546875 0.41458333333333336 0.006510416666666667 0.00787037037037037
1 0.5565104166666667 0.4219907407407407 0.0046875 0.00787037037037037
1 0.5330729166666667 0.39699074074074076 0.005208333333333333 0.0060185185185185185
1 0.5385416666666667 0.4212962962962963 0.008333333333333333 0.007407407407407408
1 0.5513020833333333 0.4356481481481482 0.00625 0.007407407407407408