2 0.376953125 0.375 0.03515625 0.03148148148148148
5 0.3904947916666667 0.4685185185185185 0.009635416666666667 0.024074074074074074
2 0.5147135416666667 0.019212962962962963 0.011197916666666667 0.03287037037037037
2 0.4244791666666667 0.044444444444444446 0.009375 0.05
2 0.387890625 0.059953703703703703 0.01328125 0.056018518518518516
1 0.49583333333333335 0.4060185185185185 0.005729166666666666 0.007407407407407408
1 0.5158854166666667 0.4166666666666667 0.0067708333333333336 0.008333333333333333
1 0.5098958333333333 0.42407407407407405 0.004166666666666667 0.007407407407407408
1 0.48932291666666666 0.4 0.0046875 0.004629629629629629
1 0.4953125 0.425462962962963 0.0078125 0.006481481481481481
1 0.5026041666666666 0.4398148148148148 0.00625 0.009259259259259259