2 0.5389322916666667 0.38819444444444445 0.03515625 0.031018518518518518
5 0.48333333333333334 0.4951388888888889 0.009895833333333333 0.022685185185185187
2 0.8106770833333333 0.024537037037037038 0.011458333333333333 0.04259259259259259
2 0.6934895833333333 0.05393518518518518 0.0109375 0.052314814814814814
2 0.645703125 0.06643518518518518 0.016927083333333332 0.056018518518518516
1 0.6217447916666666 0.4479166666666667 0.006510416666666667 0.00787037037037037
1 0.6233072916666667 0.4550925925925926 0.009114583333333334 0.007407407407407408
1 0.6446614583333333 0.47152777777777777 0.00859375 0.009722222222222222
1 0.6295572916666666 0.47685185185185186 0.005989583333333334 0.009259259259259259
1 0.613671875 0.47800925925925924 0.010677083333333334 0.00787037037037037
1 0.615625 0.4925925925925926 0.008854166666666666 0.011111111111111112