2 0.8571614583333333 0.42314814814814816 0.04244791666666667 0.02962962962962963
5 0.741015625 0.5108796296296296 0.011197916666666667 0.027314814814814816
1 0.921875 0.5101851851851852 0.00625 0.005555555555555556
1 0.920703125 0.5194444444444445 0.010677083333333334 0.007407407407407408
1 0.919921875 0.5476851851851852 0.01015625 0.010185185185185186
1 0.945703125 0.5460648148148148 0.011197916666666667 0.009722222222222222
1 0.9 0.5428240740740741 0.013020833333333334 0.00787037037037037
1 0.8967447916666667 0.5585648148148148 0.015364583333333333 0.009722222222222222
5 0.33177083333333335 0.1685185185185185 0.004166666666666667 0.012962962962962963
5 0.18502604166666667 0.10578703703703704 0.004427083333333333 0.010648148148148148
3 0.17096354166666666 0.5988425925925925 0.03046875 0.01712962962962963
2 0.085546875 0.5201388888888889 0.047135416666666666 0.08287037037037037