2 0.925390625 0.42569444444444443 0.04765625 0.03194444444444444
5 0.7665364583333333 0.5148148148148148 0.011197916666666667 0.025925925925925925
1 0.96796875 0.5155092592592593 0.011458333333333333 0.00787037037037037
1 0.9615885416666666 0.524074074074074 0.01171875 0.007407407407407408
1 0.96015625 0.5504629629629629 0.010416666666666666 0.009259259259259259
1 0.9919270833333333 0.5511574074074074 0.011458333333333333 0.009722222222222222
1 0.9384114583333333 0.5469907407407407 0.01484375 0.00787037037037037
1 0.9399739583333333 0.5594907407407408 0.01328125 0.009722222222222222
5 0.3645833333333333 0.15902777777777777 0.0046875 0.011574074074074073
5 0.22174479166666666 0.09537037037037037 0.0049479166666666664 0.010185185185185186
3 0.35794270833333336 0.5990740740740741 0.03203125 0.018518518518518517
2 0.1140625 0.5083333333333333 0.0484375 0.0824074074074074