2 0.9471354166666667 0.42268518518518516 0.049479166666666664 0.030555555555555555
5 0.7678385416666667 0.5104166666666666 0.011197916666666667 0.027314814814814816
1 0.9811197916666666 0.5127314814814815 0.008072916666666667 0.006944444444444444
1 0.9688802083333333 0.5180555555555556 0.009635416666666667 0.008333333333333333
1 0.96953125 0.5439814814814815 0.0171875 0.011111111111111112
1 0.997265625 0.5458333333333333 0.00546875 0.007407407407407408
1 0.9453125 0.5418981481481482 0.0140625 0.008796296296296297
1 0.9489583333333333 0.5530092592592593 0.015625 0.009722222222222222
5 0.36575520833333336 0.15648148148148147 0.004427083333333333 0.011111111111111112
5 0.22278645833333333 0.09421296296296296 0.0049479166666666664 0.009722222222222222
3 0.4641927083333333 0.6157407407407407 0.030989583333333334 0.017592592592592594
2 0.11471354166666667 0.5106481481481482 0.05286458333333333 0.07777777777777778