2 0.9526041666666667 0.4199074074074074 0.050520833333333334 0.03148148148148148
5 0.7684895833333333 0.5083333333333333 0.011458333333333333 0.026851851851851852
1 0.9842447916666667 0.5115740740740741 0.008072916666666667 0.006481481481481481
1 0.9716145833333333 0.5159722222222223 0.009375 0.00787037037037037
1 0.976171875 0.5414351851851852 0.00859375 0.009722222222222222
1 0.9463541666666667 0.5407407407407407 0.0140625 0.008333333333333333
1 0.9497395833333333 0.5513888888888889 0.015104166666666667 0.010185185185185186
5 0.36640625 0.15625 0.0046875 0.010648148148148148
5 0.223046875 0.09398148148148149 0.0049479166666666664 0.010185185185185186
3 0.487890625 0.6229166666666667 0.03203125 0.018055555555555554
2 0.11510416666666666 0.5113425925925926 0.05260416666666667 0.07916666666666666