5 0.39947916666666666 0.4900462962962963 0.0125 0.03287037037037037
2 0.8643229166666667 0.41064814814814815 0.05520833333333333 0.03518518518518519
3 0.35885416666666664 0.7754629629629629 0.0453125 0.024074074074074074
1 0.663671875 0.42685185185185187 0.00546875 0.006481481481481481
1 0.684375 0.4423611111111111 0.010416666666666666 0.010648148148148148
1 0.6334635416666666 0.42962962962962964 0.008072916666666667 0.011111111111111112
1 0.6411458333333333 0.4666666666666667 0.0067708333333333336 0.010185185185185186
1 0.6087239583333334 0.46087962962962964 0.012760416666666666 0.008796296296296297
1 0.618359375 0.46828703703703706 0.01328125 0.010648148148148148
2 0.61796875 0.04212962962962963 0.017708333333333333 0.06944444444444445
2 0.536328125 0.05717592592592593 0.01953125 0.07361111111111111
2 0.7885416666666667 0.017592592592592594 0.0125 0.03518518518518519
1 0.7006510416666667 0.5018518518518519 0.00546875 0.009259259259259259
1 0.672265625 0.5016203703703703 0.009114583333333334 0.010648148148148148