5 0.39309895833333336 0.41041666666666665 0.012760416666666666 0.03287037037037037
2 0.890625 0.33611111111111114 0.04583333333333333 0.03796296296296296
3 0.027994791666666668 0.7886574074074074 0.055989583333333336 0.03287037037037037
1 0.659765625 0.35138888888888886 0.004427083333333333 0.006481481481481481
1 0.6838541666666667 0.3590277777777778 0.011458333333333333 0.010648148148148148
1 0.6294270833333333 0.3527777777777778 0.009375 0.009259259259259259
1 0.6328125 0.3909722222222222 0.007291666666666667 0.011574074074074073
1 0.6075520833333333 0.37962962962962965 0.0067708333333333336 0.010185185185185186
1 0.6141927083333333 0.38587962962962963 0.01015625 0.009722222222222222
2 0.6002604166666666 0.025925925925925925 0.016145833333333335 0.05185185185185185
2 0.5158854166666667 0.03287037037037037 0.019270833333333334 0.06574074074074074
1 0.69140625 0.42569444444444443 0.005729166666666666 0.009722222222222222
1 0.6609375 0.4203703703703704 0.005729166666666666 0.009259259259259259