5 0.2537760416666667 0.5641203703703703 0.015364583333333333 0.04027777777777778
2 0.8223958333333333 0.3872685185185185 0.04114583333333333 0.038425925925925926
1 0.5940104166666667 0.4476851851851852 0.009895833333333333 0.012962962962962963
1 0.56015625 0.4534722222222222 0.0046875 0.0060185185185185185
1 0.5302083333333333 0.45925925925925926 0.013020833333333334 0.012037037037037037
1 0.528515625 0.5189814814814815 0.009114583333333334 0.012962962962962963
1 0.5765625 0.549074074074074 0.0125 0.012037037037037037
1 0.5359375 0.5388888888888889 0.005208333333333333 0.009259259259259259
2 0.32838541666666665 0.1111111111111111 0.027604166666666666 0.0824074074074074
2 0.4239583333333333 0.09490740740740741 0.022395833333333334 0.07037037037037037
2 0.6141927083333333 0.04791666666666667 0.020052083333333335 0.06620370370370371
1 0.5165364583333333 0.4951388888888889 0.005989583333333334 0.009722222222222222
1 0.519140625 0.5041666666666667 0.012239583333333333 0.010185185185185186