2 0.41888020833333334 0.39166666666666666 0.06067708333333333 0.049074074074074076
1 0.52265625 0.5076388888888889 0.019270833333333334 0.010648148148148148
1 0.5868489583333333 0.43657407407407406 0.015364583333333333 0.011111111111111112
1 0.5407552083333333 0.47847222222222224 0.00703125 0.008796296296296297
1 0.4602864583333333 0.44837962962962963 0.00546875 0.010648148148148148
1 0.481640625 0.5585648148148148 0.009114583333333334 0.009722222222222222
1 0.47630208333333335 0.5925925925925926 0.007291666666666667 0.013888888888888888
1 0.45169270833333336 0.5923611111111111 0.012239583333333333 0.014351851851851852
1 0.44583333333333336 0.6233796296296297 0.0140625 0.010648148148148148
5 0.116796875 0.6284722222222222 0.020572916666666666 0.04861111111111111
2 0.0796875 0.05694444444444444 0.03697916666666667 0.11296296296296296