2 0.4259114583333333 0.39652777777777776 0.05859375 0.047685185185185185
1 0.539453125 0.5090277777777777 0.017447916666666667 0.010648148148148148
1 0.6029947916666667 0.4414351851851852 0.015885416666666666 0.011574074074074073
1 0.557421875 0.47962962962962963 0.00546875 0.006481481481481481
1 0.47486979166666665 0.4449074074074074 0.006510416666666667 0.010185185185185186
1 0.494140625 0.5541666666666667 0.01328125 0.012962962962962963
1 0.486328125 0.5861111111111111 0.00703125 0.012962962962962963
1 0.462890625 0.5842592592592593 0.010677083333333334 0.013888888888888888
1 0.45703125 0.6175925925925926 0.0125 0.011111111111111112
5 0.13815104166666667 0.6034722222222222 0.01953125 0.047685185185185185
2 0.11471354166666667 0.056018518518518516 0.03723958333333333 0.11203703703703703