2 0.44557291666666665 0.3951388888888889 0.058854166666666666 0.050462962962962966
1 0.566015625 0.5097222222222222 0.01640625 0.012037037037037037
1 0.630078125 0.4414351851851852 0.01484375 0.013425925925925926
1 0.5850260416666667 0.4837962962962963 0.0049479166666666664 0.008333333333333333
1 0.50390625 0.44305555555555554 0.0067708333333333336 0.011111111111111112
1 0.5204427083333333 0.5493055555555556 0.009635416666666667 0.011574074074074073
1 0.5088541666666667 0.580787037037037 0.007291666666666667 0.0125
1 0.4861979166666667 0.5775462962962963 0.011458333333333333 0.014351851851851852
1 0.47877604166666665 0.6083333333333333 0.012760416666666666 0.010185185185185186
5 0.17018229166666668 0.575 0.018489583333333334 0.04537037037037037
2 0.164453125 0.05277777777777778 0.03619791666666667 0.10555555555555556