2 0.4114583333333333 0.37824074074074077 0.058854166666666666 0.044444444444444446
1 0.5548177083333333 0.5092592592592593 0.01015625 0.011111111111111112
2 0.729296875 0.016666666666666666 0.03723958333333333 0.02962962962962963
1 0.6239583333333333 0.45578703703703705 0.016666666666666666 0.014351851851851852
1 0.5109375 0.41782407407407407 0.007291666666666667 0.009722222222222222
1 0.486328125 0.5233796296296296 0.008072916666666667 0.00787037037037037
1 0.453515625 0.5523148148148148 0.005989583333333334 0.008333333333333333
1 0.44557291666666665 0.5368055555555555 0.008854166666666666 0.0125
1 0.4225260416666667 0.5638888888888889 0.012239583333333333 0.010185185185185186
5 0.21419270833333334 0.4550925925925926 0.015364583333333333 0.03611111111111111
2 0.35078125 0.041435185185185186 0.036458333333333336 0.08287037037037037
2 0.203515625 0.049074074074074076 0.03828125 0.09814814814814815
5 0.087109375 0.05277777777777778 0.006510416666666667 0.012962962962962963
1 0.5772135416666667 0.49560185185185185 0.007552083333333333 0.009722222222222222