2 0.44296875 0.3351851851851852 0.027083333333333334 0.04259259259259259
1 0.5536458333333333 0.4810185185185185 0.0067708333333333336 0.011111111111111112
2 0.9078125 0.022916666666666665 0.04583333333333333 0.03564814814814815
1 0.6256510416666666 0.4375 0.009635416666666667 0.012037037037037037
1 0.53828125 0.38425925925925924 0.0067708333333333336 0.008333333333333333
1 0.48776041666666664 0.48032407407407407 0.007291666666666667 0.008796296296296297
1 0.4446614583333333 0.5030092592592592 0.012239583333333333 0.010648148148148148
1 0.4471354166666667 0.4837962962962963 0.0078125 0.011111111111111112
1 0.41484375 0.5074074074074074 0.011458333333333333 0.008333333333333333
5 0.27877604166666664 0.3710648148148148 0.01328125 0.03194444444444444
2 0.4953125 0.03125 0.03333333333333333 0.0625
2 0.35859375 0.03356481481481482 0.034895833333333334 0.06712962962962964
5 0.30390625 0.017361111111111112 0.005208333333333333 0.010648148148148148
1 0.5755208333333334 0.47314814814814815 0.008333333333333333 0.011111111111111112