2 0.45078125 0.32337962962962963 0.025520833333333333 0.04861111111111111
1 0.5532552083333333 0.4752314814814815 0.006510416666666667 0.010648148148148148
2 0.941796875 0.02476851851851852 0.048177083333333336 0.038425925925925926
1 0.62734375 0.4321759259259259 0.008854166666666666 0.013425925925925926
1 0.5430989583333333 0.37962962962962965 0.006510416666666667 0.008333333333333333
1 0.48932291666666666 0.47199074074074077 0.009895833333333333 0.006944444444444444
1 0.443359375 0.4925925925925926 0.010677083333333334 0.009259259259259259
1 0.44830729166666666 0.47129629629629627 0.00859375 0.011111111111111112
1 0.41640625 0.49583333333333335 0.0109375 0.007407407407407408
5 0.29127604166666665 0.35856481481481484 0.012760416666666666 0.031018518518518518
2 0.5209635416666667 0.029861111111111113 0.03307291666666667 0.059722222222222225
2 0.386328125 0.03125 0.03359375 0.0625
5 0.33932291666666664 0.013194444444444444 0.005729166666666666 0.010648148148148148
1 0.5755208333333334 0.46782407407407406 0.0078125 0.010648148148148148