2 0.4022135416666667 0.30324074074074076 0.03307291666666667 0.03981481481481482
1 0.47799479166666664 0.45902777777777776 0.005989583333333334 0.010648148148148148
2 0.93046875 0.02199074074074074 0.049479166666666664 0.03935185185185185
1 0.5544270833333333 0.4217592592592593 0.010416666666666666 0.011111111111111112
1 0.48216145833333335 0.3659722222222222 0.0049479166666666664 0.009722222222222222
1 0.418359375 0.4546296296296296 0.00859375 0.007407407407407408
1 0.36614583333333334 0.4671296296296296 0.009895833333333333 0.011111111111111112
1 0.3763020833333333 0.4513888888888889 0.0078125 0.009259259259259259
1 0.342578125 0.46458333333333335 0.011197916666666667 0.010648148148148148
5 0.244140625 0.34282407407407406 0.012760416666666666 0.03009259259259259
2 0.509375 0.025694444444444443 0.0328125 0.05138888888888889
2 0.378515625 0.026851851851851852 0.03203125 0.053703703703703705
5 0.35325520833333335 0.004629629629629629 0.00390625 0.009259259259259259
1 0.501171875 0.4527777777777778 0.004427083333333333 0.009259259259259259