2 0.3763020833333333 0.28541666666666665 0.04635416666666667 0.038425925925925926
1 0.4388020833333333 0.44583333333333336 0.00625 0.010185185185185186
2 0.8928385416666667 0.01712962962962963 0.04869791666666667 0.02962962962962963
1 0.51171875 0.4041666666666667 0.008333333333333333 0.011111111111111112
1 0.44309895833333335 0.3506944444444444 0.005989583333333334 0.00787037037037037
1 0.38177083333333334 0.4444444444444444 0.007291666666666667 0.007407407407407408
1 0.3265625 0.4587962962962963 0.005729166666666666 0.010185185185185186
1 0.337109375 0.4414351851851852 0.008072916666666667 0.009722222222222222
1 0.303515625 0.4615740740740741 0.012239583333333333 0.011111111111111112
5 0.21640625 0.3266203703703704 0.0125 0.03009259259259259
2 0.4766927083333333 0.019675925925925927 0.031510416666666666 0.03935185185185185
2 0.34713541666666664 0.01990740740740741 0.03177083333333333 0.03981481481481482
1 0.45794270833333334 0.4439814814814815 0.0049479166666666664 0.008333333333333333