2 0.390234375 0.27870370370370373 0.05130208333333333 0.03518518518518519
1 0.4421875 0.44583333333333336 0.005729166666666666 0.011111111111111112
2 0.8673177083333333 0.017592592592592594 0.04921875 0.02962962962962963
1 0.507421875 0.39675925925925926 0.008072916666666667 0.011111111111111112
1 0.4373697916666667 0.34421296296296294 0.00546875 0.006944444444444444
1 0.38333333333333336 0.4423611111111111 0.004166666666666667 0.008796296296296297
1 0.3274739583333333 0.45555555555555555 0.005989583333333334 0.011111111111111112
1 0.33684895833333334 0.4395833333333333 0.00703125 0.008796296296296297
1 0.3028645833333333 0.45902777777777776 0.0125 0.011574074074074073
5 0.21497395833333333 0.3298611111111111 0.012760416666666666 0.029166666666666667
2 0.4546875 0.02013888888888889 0.03177083333333333 0.04027777777777778
2 0.32565104166666664 0.019212962962962963 0.03203125 0.038425925925925926
1 0.459375 0.44189814814814815 0.005208333333333333 0.008796296296296297