2 0.399609375 0.27685185185185185 0.04921875 0.03425925925925926
1 0.43802083333333336 0.44375 0.005208333333333333 0.009722222222222222
2 0.8458333333333333 0.016898148148148148 0.04791666666666667 0.029166666666666667
1 0.49908854166666666 0.3951388888888889 0.008072916666666667 0.009722222222222222
1 0.433203125 0.34074074074074073 0.00546875 0.007407407407407408
1 0.3848958333333333 0.44328703703703703 0.005729166666666666 0.006944444444444444
1 0.32916666666666666 0.4548611111111111 0.00625 0.010648148148148148
1 0.33619791666666665 0.4395833333333333 0.008333333333333333 0.009722222222222222
1 0.30078125 0.45949074074074076 0.013020833333333334 0.011574074074074073
5 0.21341145833333333 0.33032407407407405 0.012760416666666666 0.03009259259259259
2 0.4356770833333333 0.02013888888888889 0.03125 0.04027777777777778
2 0.30690104166666665 0.019212962962962963 0.030989583333333334 0.038425925925925926
1 0.455078125 0.4412037037037037 0.00546875 0.010185185185185186