2 0.405078125 0.274537037037037 0.04765625 0.037037037037037035
1 0.43658854166666666 0.4446759259259259 0.0049479166666666664 0.008796296296296297
2 0.835546875 0.016898148148148148 0.048177083333333336 0.03009259259259259
1 0.4959635416666667 0.39282407407407405 0.00859375 0.009722222222222222
1 0.43072916666666666 0.34120370370370373 0.005729166666666666 0.007407407407407408
1 0.38372395833333334 0.44189814814814815 0.00703125 0.00787037037037037
1 0.32890625 0.4530092592592593 0.0067708333333333336 0.011574074074074073
1 0.33450520833333336 0.4395833333333333 0.008072916666666667 0.009722222222222222
1 0.300390625 0.45902777777777776 0.01328125 0.009722222222222222
5 0.21341145833333333 0.3333333333333333 0.012760416666666666 0.02962962962962963
2 0.4259114583333333 0.020370370370370372 0.030989583333333334 0.040740740740740744
2 0.2970052083333333 0.019212962962962963 0.030989583333333334 0.038425925925925926
1 0.4529947916666667 0.44328703703703703 0.006510416666666667 0.010648148148148148