2 0.4139322916666667 0.2775462962962963 0.047135416666666666 0.03564814814814815
1 0.433984375 0.44513888888888886 0.00546875 0.008796296296296297
2 0.8196614583333334 0.018287037037037036 0.04973958333333333 0.031018518518518518
1 0.4928385416666667 0.3939814814814815 0.007552083333333333 0.010185185185185186
1 0.42630208333333336 0.34120370370370373 0.005729166666666666 0.007407407407407408
1 0.3809895833333333 0.4446759259259259 0.008854166666666666 0.00787037037037037
1 0.3287760416666667 0.4532407407407407 0.005989583333333334 0.010185185185185186
1 0.3319010416666667 0.44305555555555554 0.00859375 0.009259259259259259
1 0.29765625 0.46087962962962964 0.0125 0.009722222222222222
5 0.212890625 0.33240740740740743 0.012760416666666666 0.02962962962962963
2 0.41067708333333336 0.02060185185185185 0.03125 0.0412037037037037
2 0.2828125 0.02013888888888889 0.030729166666666665 0.04027777777777778
1 0.45221354166666666 0.44305555555555554 0.004427083333333333 0.009259259259259259