3 0.50859375 0.4587962962962963 0.016145833333333335 0.041666666666666664
5 0.39231770833333335 0.29791666666666666 0.012760416666666666 0.031018518518518518
1 0.46328125 0.4666666666666667 0.0140625 0.012962962962962963
1 0.5669270833333333 0.6472222222222223 0.011458333333333333 0.022222222222222223
1 0.50390625 0.6043981481481482 0.010416666666666666 0.02175925925925926
1 0.43359375 0.7284722222222222 0.015625 0.01712962962962963
2 0.7727864583333334 0.4962962962962963 0.05078125 0.07407407407407407
1 0.6572916666666667 0.6106481481481482 0.009895833333333333 0.013888888888888888
1 0.355859375 0.5085648148148149 0.005989583333333334 0.010648148148148148
1 0.4055989583333333 0.5502314814814815 0.008072916666666667 0.010648148148148148
1 0.39700520833333336 0.580787037037037 0.005989583333333334 0.013425925925925926