3 0.1625 0.32893518518518516 0.0390625 0.020833333333333332
5 0.39921875 0.30162037037037037 0.0125 0.03009259259259259
1 0.47044270833333335 0.4622685185185185 0.01171875 0.013425925925925926
1 0.5673177083333333 0.6574074074074074 0.007552083333333333 0.012037037037037037
1 0.5033854166666667 0.6159722222222223 0.017708333333333333 0.02175925925925926
1 0.43528645833333335 0.7351851851851852 0.016927083333333332 0.017592592592592594
2 0.7826822916666667 0.5083333333333333 0.04921875 0.08425925925925926
1 0.37213541666666666 0.5097222222222222 0.0067708333333333336 0.009259259259259259
1 0.41432291666666665 0.5481481481481482 0.008333333333333333 0.007407407407407408
1 0.40859375 0.593287037037037 0.0078125 0.013425925925925926
1 0.6583333333333333 0.6099537037037037 0.008854166666666666 0.011574074074074073