5 0.4432291666666667 0.36898148148148147 0.011458333333333333 0.026851851851851852
2 0.5569010416666667 0.7076388888888889 0.05859375 0.08194444444444444
1 0.18763020833333333 0.6928240740740741 0.01171875 0.013425925925925926
1 0.36888020833333335 0.5155092592592593 0.012239583333333333 0.00787037037037037
1 0.29986979166666666 0.5201388888888889 0.005989583333333334 0.00787037037037037
1 0.28684895833333335 0.5395833333333333 0.006510416666666667 0.010648148148148148
1 0.25872395833333334 0.5736111111111111 0.007552083333333333 0.009259259259259259
1 0.2994791666666667 0.6363425925925926 0.00625 0.0125
1 0.32473958333333336 0.6875 0.015625 0.014814814814814815
1 0.41510416666666666 0.6861111111111111 0.0067708333333333336 0.010185185185185186
2 0.18216145833333333 0.17777777777777778 0.06848958333333334 0.037037037037037035
2 0.44557291666666665 0.010416666666666666 0.0171875 0.01712962962962963
3 0.05703125 0.20925925925925926 0.010416666666666666 0.013888888888888888
5 0.9559895833333333 0.059027777777777776 0.005729166666666666 0.015277777777777777