5 0.43776041666666665 0.3590277777777778 0.011979166666666667 0.027314814814814816
2 0.5444010416666667 0.7131944444444445 0.06015625 0.0837962962962963
1 0.16002604166666667 0.6888888888888889 0.010677083333333334 0.014814814814814815
1 0.359765625 0.5009259259259259 0.012760416666666666 0.008333333333333333
1 0.2970052083333333 0.5120370370370371 0.006510416666666667 0.008333333333333333
1 0.2774739583333333 0.5324074074074074 0.00546875 0.008333333333333333
1 0.2515625 0.5662037037037037 0.005208333333333333 0.007407407407407408
1 0.28958333333333336 0.6368055555555555 0.0067708333333333336 0.0125
1 0.3118489583333333 0.6819444444444445 0.01796875 0.016666666666666666
1 0.4041666666666667 0.680787037037037 0.0078125 0.0125
2 0.19361979166666668 0.1625 0.06640625 0.03518518518518519
2 0.43255208333333334 0.004398148148148148 0.0171875 0.008796296296296297
3 0.07083333333333333 0.18541666666666667 0.011979166666666667 0.016203703703703703
5 0.9529947916666667 0.059953703703703703 0.0049479166666666664 0.014351851851851852