5 0.4375 0.3611111111111111 0.011458333333333333 0.026851851851851852
2 0.5397135416666666 0.7111111111111111 0.06328125 0.08518518518518518
1 0.15247395833333333 0.6912037037037037 0.01171875 0.016666666666666666
1 0.353125 0.49583333333333335 0.010416666666666666 0.008333333333333333
1 0.2950520833333333 0.5081018518518519 0.00625 0.00787037037037037
1 0.27565104166666665 0.5289351851851852 0.005989583333333334 0.00787037037037037
1 0.24752604166666667 0.5581018518518519 0.00546875 0.00787037037037037
1 0.28567708333333336 0.6418981481481482 0.0078125 0.010648148148148148
1 0.30807291666666664 0.6814814814814815 0.01875 0.014814814814814815
1 0.403125 0.6833333333333333 0.00625 0.012962962962962963
2 0.19557291666666668 0.1587962962962963 0.06614583333333333 0.03611111111111111
3 0.07252604166666667 0.17847222222222223 0.017447916666666667 0.014351851851851852
5 0.9524739583333334 0.059953703703703703 0.0049479166666666664 0.014351851851851852