5 0.46536458333333336 0.35439814814814813 0.011458333333333333 0.027314814814814816
2 0.5548177083333333 0.7194444444444444 0.061197916666666664 0.07777777777777778
1 0.17278645833333334 0.6768518518518518 0.00859375 0.008333333333333333
1 0.37018229166666666 0.49537037037037035 0.006510416666666667 0.007407407407407408
1 0.29453125 0.5196759259259259 0.005729166666666666 0.008796296296296297
1 0.3078125 0.632175925925926 0.008333333333333333 0.014351851851851852
1 0.327734375 0.6747685185185185 0.018489583333333334 0.014351851851851852
1 0.42473958333333334 0.6712962962962963 0.007291666666666667 0.013888888888888888
2 0.230078125 0.15347222222222223 0.06640625 0.033796296296296297
1 0.31692708333333336 0.500462962962963 0.005729166666666666 0.010185185185185186
1 0.27044270833333334 0.5504629629629629 0.0049479166666666664 0.012037037037037037
3 0.11158854166666667 0.16782407407407407 0.016927083333333332 0.0125