5 0.740234375 0.36550925925925926 0.01171875 0.029166666666666667
2 0.7106770833333333 0.7611111111111111 0.075 0.07685185185185185
2 0.578125 0.12939814814814815 0.058854166666666666 0.03009259259259259
1 0.3834635416666667 0.5770833333333333 0.01640625 0.010648148148148148
1 0.52734375 0.4775462962962963 0.0046875 0.009722222222222222
1 0.5587239583333333 0.47199074074074077 0.0049479166666666664 0.008796296296296297
1 0.5986979166666667 0.4752314814814815 0.008333333333333333 0.008796296296296297
1 0.5029947916666667 0.49074074074074076 0.01171875 0.011111111111111112
3 0.489453125 0.12523148148148147 0.015364583333333333 0.011574074074074073
1 0.5100260416666667 0.5995370370370371 0.007552083333333333 0.010185185185185186
1 0.5203125 0.6247685185185186 0.0067708333333333336 0.014351851851851852
1 0.607421875 0.6548611111111111 0.00703125 0.0125