5 0.7352864583333333 0.362962962962963 0.011197916666666667 0.028703703703703703
2 0.6967447916666667 0.75625 0.07630208333333334 0.0763888888888889
2 0.578125 0.12476851851851851 0.0578125 0.03009259259259259
1 0.3736979166666667 0.5694444444444444 0.017708333333333333 0.011111111111111112
1 0.5212239583333333 0.4752314814814815 0.0049479166666666664 0.010648148148148148
1 0.5895833333333333 0.4710648148148148 0.0067708333333333336 0.009722222222222222
3 0.49049479166666665 0.12291666666666666 0.015364583333333333 0.0125
1 0.5533854166666666 0.4666666666666667 0.005208333333333333 0.008333333333333333
1 0.49609375 0.49212962962962964 0.0109375 0.011111111111111112
1 0.5020833333333333 0.5956018518518519 0.007291666666666667 0.009722222222222222
1 0.5125 0.6189814814814815 0.005729166666666666 0.012962962962962963
1 0.5962239583333333 0.649074074074074 0.00859375 0.012037037037037037