5 0.7385416666666667 0.36203703703703705 0.011458333333333333 0.028703703703703703
2 0.6973958333333333 0.7594907407407407 0.07552083333333333 0.0763888888888889
2 0.5821614583333333 0.12384259259259259 0.05755208333333333 0.031018518518518518
1 0.3734375 0.56875 0.0171875 0.011574074074074073
1 0.5932291666666667 0.4701388888888889 0.009375 0.00787037037037037
3 0.49388020833333335 0.12361111111111112 0.015364583333333333 0.012037037037037037
1 0.55546875 0.46620370370370373 0.005729166666666666 0.007407407407407408
1 0.5229166666666667 0.475 0.0046875 0.010185185185185186
1 0.49765625 0.4909722222222222 0.009895833333333333 0.009722222222222222
1 0.502734375 0.5935185185185186 0.009114583333333334 0.010185185185185186
1 0.5125 0.6148148148148148 0.00625 0.012962962962962963
1 0.596484375 0.6493055555555556 0.007552083333333333 0.011574074074074073