5 0.7932291666666667 0.3701388888888889 0.011979166666666667 0.029166666666666667
2 0.7341145833333333 0.7793981481481481 0.078125 0.07824074074074074
2 0.6408854166666667 0.12314814814814815 0.0578125 0.030555555555555555
1 0.41184895833333335 0.5622685185185186 0.015885416666666666 0.009722222222222222
3 0.5563802083333333 0.12106481481481482 0.01640625 0.0125
1 0.6361979166666667 0.47430555555555554 0.0125 0.008796296296296297
1 0.5986979166666667 0.46782407407407406 0.005208333333333333 0.00787037037037037
1 0.5658854166666667 0.4708333333333333 0.00625 0.009259259259259259
1 0.5411458333333333 0.4842592592592593 0.013020833333333334 0.009259259259259259
1 0.536328125 0.5914351851851852 0.008072916666666667 0.0125
1 0.545703125 0.6138888888888889 0.005989583333333334 0.012962962962962963
1 0.6330729166666667 0.6520833333333333 0.009375 0.011574074074074073