5 0.7903645833333334 0.37083333333333335 0.013020833333333334 0.02962962962962963
2 0.726953125 0.7789351851851852 0.07890625 0.08101851851851852
2 0.6397135416666667 0.12407407407407407 0.05859375 0.03148148148148148
1 0.404296875 0.5622685185185186 0.017447916666666667 0.011574074074074073
3 0.55625 0.1224537037037037 0.015625 0.011574074074074073
1 0.6311197916666667 0.47476851851851853 0.012760416666666666 0.008796296296296297
1 0.5942708333333333 0.46944444444444444 0.005208333333333333 0.008333333333333333
1 0.5602864583333333 0.4724537037037037 0.005989583333333334 0.008796296296296297
1 0.5346354166666667 0.4849537037037037 0.0125 0.010648148148148148
1 0.5299479166666666 0.5930555555555556 0.007291666666666667 0.012037037037037037
1 0.5389322916666667 0.6164351851851851 0.005989583333333334 0.013425925925925926
1 0.6287760416666667 0.6483796296296296 0.009114583333333334 0.0125