5 0.738671875 0.37037037037037035 0.012239583333333333 0.028703703703703703
2 0.632421875 0.781712962962963 0.08046875 0.0837962962962963
2 0.6166666666666667 0.12546296296296297 0.058333333333333334 0.03148148148148148
1 0.33203125 0.5615740740740741 0.015625 0.010185185185185186
3 0.53828125 0.12291666666666666 0.015104166666666667 0.011574074074074073
1 0.5678385416666667 0.47430555555555554 0.01328125 0.008796296296296297
1 0.537109375 0.4708333333333333 0.006510416666666667 0.009259259259259259
1 0.50546875 0.47800925925925924 0.009895833333333333 0.013425925925925926
1 0.4759114583333333 0.48865740740740743 0.01328125 0.008796296296296297
1 0.46393229166666666 0.5944444444444444 0.00546875 0.010185185185185186
1 0.47291666666666665 0.6157407407407407 0.005729166666666666 0.012962962962962963
1 0.5497395833333333 0.6206018518518519 0.007291666666666667 0.0125