5 0.723046875 0.45185185185185184 0.011197916666666667 0.025925925925925925
2 0.590234375 0.9412037037037037 0.07057291666666667 0.07592592592592592
2 0.6240885416666667 0.11736111111111111 0.05546875 0.03194444444444444
1 0.33619791666666665 0.6752314814814815 0.013541666666666667 0.010648148148148148
3 0.551953125 0.11921296296296297 0.007552083333333333 0.011574074074074073
1 0.5505208333333333 0.5657407407407408 0.004166666666666667 0.006481481481481481
1 0.4984375 0.5831018518518518 0.00625 0.011574074074074073
1 0.4725260416666667 0.5814814814814815 0.007552083333333333 0.011111111111111112
1 0.463671875 0.7293981481481482 0.006510416666666667 0.0125
1 0.52109375 0.6842592592592592 0.005729166666666666 0.010185185185185186
1 0.5251302083333333 0.5708333333333333 0.00546875 0.009259259259259259
1 0.45677083333333335 0.7138888888888889 0.005208333333333333 0.010185185185185186