5 0.7171875 0.5064814814814815 0.011458333333333333 0.025
2 0.6260416666666667 0.15324074074074073 0.05520833333333333 0.03333333333333333
1 0.3359375 0.7344907407407407 0.0125 0.008796296296296297
3 0.551953125 0.15671296296296297 0.00703125 0.011574074074074073
1 0.5453125 0.6284722222222222 0.004166666666666667 0.011574074074074073
1 0.4942708333333333 0.649537037037037 0.00625 0.012037037037037037
1 0.46953125 0.6349537037037037 0.007291666666666667 0.010648148148148148
1 0.4630208333333333 0.7865740740740741 0.00625 0.012962962962962963
1 0.51640625 0.7407407407407407 0.004166666666666667 0.006481481481481481
1 0.51875 0.6319444444444444 0.005208333333333333 0.009259259259259259
1 0.45546875 0.7731481481481481 0.005729166666666666 0.012037037037037037