5 0.7170572916666667 0.5069444444444444 0.010677083333333334 0.025925925925925925
2 0.626171875 0.1527777777777778 0.054427083333333334 0.03333333333333333
1 0.3338541666666667 0.7324074074074074 0.0125 0.009259259259259259
3 0.5540364583333334 0.1613425925925926 0.00546875 0.0125
1 0.5428385416666667 0.6280092592592592 0.00390625 0.010648148148148148
1 0.49440104166666665 0.6583333333333333 0.006510416666666667 0.009259259259259259
1 0.468359375 0.6358796296296296 0.007552083333333333 0.011574074074074073
1 0.4610677083333333 0.7796296296296297 0.00546875 0.012037037037037037
1 0.5108072916666667 0.73125 0.00390625 0.006944444444444444
1 0.5173177083333333 0.6335648148148149 0.005989583333333334 0.010648148148148148
1 0.4524739583333333 0.7717592592592593 0.005989583333333334 0.009259259259259259