5 0.719921875 0.5081018518518519 0.010677083333333334 0.02546296296296296
2 0.628125 0.1553240740740741 0.05416666666666667 0.03287037037037037
1 0.333203125 0.7356481481481482 0.011197916666666667 0.008333333333333333
3 0.55546875 0.1648148148148148 0.005729166666666666 0.012962962962962963
1 0.543359375 0.6310185185185185 0.004427083333333333 0.010185185185185186
1 0.4947916666666667 0.6648148148148149 0.005729166666666666 0.012037037037037037
1 0.47044270833333335 0.6344907407407407 0.00703125 0.0125
1 0.459765625 0.7803240740740741 0.005989583333333334 0.013425925925925926
1 0.512109375 0.7400462962962963 0.004427083333333333 0.008796296296296297
1 0.5169270833333334 0.6337962962962963 0.005208333333333333 0.009259259259259259
1 0.44921875 0.7706018518518518 0.0067708333333333336 0.011574074074074073