5 0.7197916666666667 0.50625 0.0109375 0.02638888888888889
2 0.6302083333333334 0.15601851851851853 0.05364583333333333 0.03425925925925926
1 0.32981770833333335 0.7375 0.012239583333333333 0.009259259259259259
3 0.5548177083333333 0.16620370370370371 0.00703125 0.012037037037037037
1 0.5430989583333333 0.6347222222222222 0.0049479166666666664 0.007407407407407408
1 0.49583333333333335 0.6715277777777777 0.00625 0.008796296296296297
1 0.46875 0.6331018518518519 0.005208333333333333 0.015277777777777777
1 0.4641927083333333 0.7847222222222222 0.00703125 0.012037037037037037
1 0.5147135416666667 0.7412037037037037 0.00546875 0.010185185185185186
1 0.5177083333333333 0.6372685185185185 0.005729166666666666 0.009722222222222222
1 0.44778645833333336 0.7770833333333333 0.005989583333333334 0.011574074074074073