5 0.719140625 0.5069444444444444 0.010677083333333334 0.026851851851851852
2 0.63046875 0.15555555555555556 0.053125 0.03425925925925926
1 0.32838541666666665 0.7393518518518518 0.013020833333333334 0.009259259259259259
3 0.5544270833333333 0.16782407407407407 0.008333333333333333 0.013425925925925926
1 0.5430989583333333 0.6361111111111111 0.00546875 0.009259259259259259
1 0.4953125 0.6775462962962963 0.0067708333333333336 0.009722222222222222
1 0.4680989583333333 0.6349537037037037 0.005989583333333334 0.014351851851851852
1 0.46458333333333335 0.7849537037037037 0.0046875 0.009722222222222222
1 0.5141927083333333 0.7405092592592593 0.00546875 0.009722222222222222
1 0.5178385416666667 0.638425925925926 0.005989583333333334 0.008333333333333333
1 0.448828125 0.7787037037037037 0.005989583333333334 0.011111111111111112