5 0.718359375 0.5081018518518519 0.010677083333333334 0.02546296296296296
2 0.6305989583333333 0.15625 0.05390625 0.033796296296296297
1 0.326953125 0.7416666666666667 0.012239583333333333 0.009259259259259259
3 0.555078125 0.16898148148148148 0.010677083333333334 0.013888888888888888
1 0.5423177083333334 0.637962962962963 0.005989583333333334 0.011111111111111112
1 0.496875 0.680787037037037 0.00625 0.009722222222222222
1 0.4686197916666667 0.6347222222222222 0.00546875 0.012962962962962963
1 0.46575520833333334 0.7833333333333333 0.0049479166666666664 0.011111111111111112
1 0.5153645833333333 0.7393518518518518 0.005729166666666666 0.009259259259259259
1 0.51796875 0.6409722222222223 0.005729166666666666 0.009722222222222222
1 0.44973958333333336 0.7770833333333333 0.00625 0.010648148148148148