5 0.7173177083333333 0.34097222222222223 0.01171875 0.02546296296296296
2 0.55546875 0.8430555555555556 0.06979166666666667 0.07962962962962963
1 0.3248697916666667 0.5738425925925926 0.009635416666666667 0.014351851851851852
3 0.5513020833333333 0.007638888888888889 0.011458333333333333 0.015277777777777777
1 0.46953125 0.6018518518518519 0.00625 0.013888888888888888
1 0.49557291666666664 0.5180555555555556 0.0078125 0.012037037037037037
1 0.4510416666666667 0.5949074074074074 0.005208333333333333 0.010185185185185186
1 0.5147135416666667 0.475462962962963 0.006510416666666667 0.008333333333333333
1 0.46731770833333336 0.45925925925925926 0.0049479166666666664 0.011111111111111112
1 0.5356770833333333 0.47824074074074074 0.005729166666666666 0.008333333333333333
1 0.5119791666666667 0.5638888888888889 0.00625 0.010185185185185186