5 0.710546875 0.38819444444444445 0.011197916666666667 0.02638888888888889
2 0.5244791666666667 0.9164351851851852 0.07291666666666667 0.07083333333333333
1 0.5040364583333333 0.6138888888888889 0.005989583333333334 0.011111111111111112
1 0.5046875 0.518287037037037 0.0078125 0.009722222222222222
1 0.459375 0.5023148148148148 0.005208333333333333 0.009259259259259259
1 0.4861979166666667 0.5944444444444444 0.005729166666666666 0.009259259259259259
1 0.45625 0.6525462962962963 0.0067708333333333336 0.010648148148148148
3 0.5115885416666667 0.09930555555555555 0.006510416666666667 0.014351851851851852
2 0.64375 0.021064814814814814 0.05625 0.04212962962962963
1 0.5279947916666666 0.5358796296296297 0.005989583333333334 0.00787037037037037
1 0.4322916666666667 0.6361111111111111 0.007291666666666667 0.009259259259259259
1 0.31328125 0.6201388888888889 0.009375 0.013425925925925926