5 0.7162760416666667 0.4222222222222222 0.010677083333333334 0.025925925925925925
2 0.5252604166666667 0.9599537037037037 0.07447916666666667 0.06898148148148148
1 0.5290364583333333 0.5715277777777777 0.0049479166666666664 0.009722222222222222
1 0.5045572916666666 0.5523148148148148 0.009114583333333334 0.012037037037037037
1 0.45703125 0.5361111111111111 0.004166666666666667 0.009259259259259259
1 0.486328125 0.631712962962963 0.006510416666666667 0.010648148148148148
1 0.458203125 0.6835648148148148 0.007552083333333333 0.0125
1 0.43515625 0.6673611111111111 0.004166666666666667 0.00787037037037037
1 0.3067708333333333 0.6532407407407408 0.011458333333333333 0.013888888888888888
3 0.4962239583333333 0.17314814814814813 0.00859375 0.016666666666666666
1 0.5104166666666666 0.6446759259259259 0.00625 0.009722222222222222
2 0.6453125 0.05648148148148148 0.0578125 0.040740740740740744