5 0.7201822916666667 0.22291666666666668 0.011197916666666667 0.027314814814814816
2 0.5075520833333333 0.8 0.07447916666666667 0.07777777777777778
1 0.49895833333333334 0.3659722222222222 0.008854166666666666 0.016203703703703703
1 0.4549479166666667 0.3511574074074074 0.005208333333333333 0.009722222222222222
1 0.45 0.5053240740740741 0.0067708333333333336 0.0125
1 0.29791666666666666 0.48032407407407407 0.0109375 0.0125
1 0.523046875 0.39351851851851855 0.006510416666666667 0.009259259259259259
1 0.501953125 0.47337962962962965 0.008072916666666667 0.009722222222222222
1 0.47708333333333336 0.4671296296296296 0.007291666666666667 0.010185185185185186
1 0.42916666666666664 0.49398148148148147 0.005729166666666666 0.012037037037037037
3 0.4524739583333333 0.02939814814814815 0.007552083333333333 0.018055555555555554