5 0.723828125 0.24074074074074073 0.011197916666666667 0.02962962962962963
2 0.5029947916666667 0.850925925925926 0.07734375 0.08425925925925926
1 0.496484375 0.387037037037037 0.00703125 0.012037037037037037
1 0.45169270833333336 0.3747685185185185 0.00546875 0.008796296296296297
1 0.444921875 0.5363425925925925 0.005989583333333334 0.013425925925925926
1 0.2928385416666667 0.5108796296296296 0.010677083333333334 0.0125
1 0.5203125 0.4224537037037037 0.00625 0.008796296296296297
1 0.499609375 0.5025462962962963 0.00703125 0.009722222222222222
1 0.47408854166666664 0.500462962962963 0.007552083333333333 0.010185185185185186
1 0.42291666666666666 0.5284722222222222 0.005208333333333333 0.009722222222222222
3 0.44049479166666666 0.07777777777777778 0.00703125 0.016666666666666666