5 0.7311197916666666 0.2763888888888889 0.01171875 0.02962962962962963
2 0.49908854166666666 0.9356481481481481 0.08098958333333334 0.08518518518518518
1 0.49557291666666664 0.4300925925925926 0.00625 0.010185185185185186
1 0.44778645833333336 0.42453703703703705 0.00546875 0.009259259259259259
1 0.43854166666666666 0.5875 0.0067708333333333336 0.012037037037037037
1 0.2825520833333333 0.5634259259259259 0.011458333333333333 0.012962962962962963
1 0.5194010416666667 0.47291666666666665 0.006510416666666667 0.00787037037037037
1 0.4981770833333333 0.549074074074074 0.0067708333333333336 0.009259259259259259
1 0.4700520833333333 0.5543981481481481 0.0067708333333333336 0.0125
1 0.41549479166666664 0.5787037037037037 0.00703125 0.012037037037037037
3 0.421875 0.17754629629629629 0.009375 0.02638888888888889