5 0.73125 0.5770833333333333 0.011979166666666667 0.02824074074074074
1 0.49661458333333336 0.8530092592592593 0.005729166666666666 0.011574074074074073
1 0.5123697916666666 0.7717592592592593 0.005989583333333334 0.009259259259259259
1 0.469140625 0.862037037037037 0.0049479166666666664 0.012962962962962963
1 0.409375 0.8858796296296296 0.005729166666666666 0.011574074074074073
3 0.4005208333333333 0.6386574074074074 0.0109375 0.03287037037037037
1 0.49583333333333335 0.7159722222222222 0.005729166666666666 0.013425925925925926
1 0.4484375 0.7247685185185185 0.005208333333333333 0.00787037037037037
1 0.432421875 0.8898148148148148 0.006510416666666667 0.011111111111111112
2 0.6520833333333333 0.1599537037037037 0.06302083333333333 0.04398148148148148
1 0.2649739583333333 0.8608796296296296 0.01171875 0.014351851851851852