5 0.6822916666666666 0.5432870370370371 0.013020833333333334 0.02824074074074074
1 0.47513020833333336 0.7576388888888889 0.00703125 0.010648148148148148
3 0.3458333333333333 0.7111111111111111 0.0140625 0.03611111111111111
1 0.45729166666666665 0.6972222222222222 0.005729166666666666 0.010185185185185186
1 0.409375 0.7085648148148148 0.005208333333333333 0.00787037037037037
1 0.46263020833333335 0.8287037037037037 0.00546875 0.012962962962962963
1 0.4317708333333333 0.8398148148148148 0.0067708333333333336 0.011111111111111112
1 0.39427083333333335 0.8627314814814815 0.007291666666666667 0.011574074074074073
2 0.605859375 0.14814814814814814 0.06015625 0.04537037037037037
1 0.37591145833333334 0.8611111111111112 0.005989583333333334 0.011111111111111112
1 0.22890625 0.857175925925926 0.011979166666666667 0.018055555555555554