5 0.662890625 0.44305555555555554 0.011197916666666667 0.027777777777777776
3 0.33203125 0.6925925925925925 0.010416666666666666 0.04351851851851852
1 0.46145833333333336 0.6347222222222222 0.00625 0.011111111111111112
1 0.4510416666666667 0.5826388888888889 0.005208333333333333 0.006944444444444444
1 0.4016927083333333 0.6043981481481482 0.00390625 0.006944444444444444
1 0.455859375 0.6974537037037037 0.00390625 0.015277777777777777
1 0.42421875 0.7101851851851851 0.005729166666666666 0.009259259259259259
1 0.3865885416666667 0.7293981481481482 0.00703125 0.009722222222222222
2 0.588671875 0.06736111111111111 0.05963541666666667 0.04398148148148148
1 0.37161458333333336 0.7349537037037037 0.007291666666666667 0.00787037037037037
1 0.23385416666666667 0.7270833333333333 0.010416666666666666 0.016203703703703703