5 0.634765625 0.43425925925925923 0.011197916666666667 0.027777777777777776
3 0.30963541666666666 0.725462962962963 0.010416666666666666 0.04537037037037037
1 0.433984375 0.638425925925926 0.005989583333333334 0.010185185185185186
1 0.42265625 0.5851851851851851 0.005729166666666666 0.005555555555555556
1 0.3731770833333333 0.6064814814814815 0.0046875 0.008333333333333333
1 0.4309895833333333 0.6974537037037037 0.005208333333333333 0.014351851851851852
1 0.39752604166666666 0.7122685185185185 0.0049479166666666664 0.008796296296296297
1 0.3580729166666667 0.7266203703703704 0.0067708333333333336 0.010648148148148148
2 0.5555989583333333 0.06828703703703703 0.06067708333333333 0.0412037037037037
1 0.34817708333333336 0.7347222222222223 0.00625 0.010185185185185186
1 0.20390625 0.7381944444444445 0.009375 0.015277777777777777