5 0.5709635416666666 0.3548611111111111 0.01015625 0.02546296296296296
3 0.2591145833333333 0.7168981481481481 0.0125 0.04583333333333333
1 0.39309895833333336 0.5460648148148148 0.00390625 0.00787037037037037
1 0.378515625 0.5009259259259259 0.004427083333333333 0.006481481481481481
1 0.332421875 0.5152777777777777 0.00703125 0.010185185185185186
1 0.39622395833333335 0.5819444444444445 0.005989583333333334 0.011111111111111112
1 0.35260416666666666 0.6053240740740741 0.00625 0.010648148148148148
1 0.3177083333333333 0.6011574074074074 0.007291666666666667 0.0125
2 0.492578125 0.043055555555555555 0.05703125 0.03796296296296296
1 0.3157552083333333 0.6199074074074075 0.010677083333333334 0.010185185185185186
1 0.17825520833333333 0.6386574074074074 0.004427083333333333 0.006944444444444444
2 0.3578125 0.8875 0.07291666666666667 0.07962962962962963