5 0.50859375 0.25462962962962965 0.008854166666666666 0.021296296296296296
3 0.25091145833333334 0.5673611111111111 0.015885416666666666 0.02361111111111111
1 0.355078125 0.4085648148148148 0.004427083333333333 0.00787037037037037
1 0.34401041666666665 0.37430555555555556 0.0046875 0.00787037037037037
1 0.30377604166666666 0.38125 0.005989583333333334 0.009722222222222222
1 0.36015625 0.42916666666666664 0.004166666666666667 0.007407407407407408
1 0.320703125 0.4516203703703704 0.0049479166666666664 0.00787037037037037
1 0.291796875 0.44513888888888886 0.006510416666666667 0.0125
1 0.2994791666666667 0.45694444444444443 0.0046875 0.009259259259259259
2 0.3296875 0.6412037037037037 0.05677083333333333 0.05925925925925926
1 0.172265625 0.4861111111111111 0.00546875 0.010185185185185186
1 0.24765625 0.5402777777777777 0.0046875 0.007407407407407408