5 0.5084635416666666 0.15208333333333332 0.00703125 0.018055555555555554
3 0.317578125 0.3784722222222222 0.023697916666666666 0.01712962962962963
1 0.38697916666666665 0.25949074074074074 0.003125 0.005092592592592593
1 0.37864583333333335 0.24027777777777778 0.004166666666666667 0.007407407407407408
1 0.34348958333333335 0.24537037037037038 0.007291666666666667 0.006481481481481481
1 0.390625 0.2724537037037037 0.004166666666666667 0.009722222222222222
1 0.3606770833333333 0.2875 0.0036458333333333334 0.007407407407407408
1 0.3346354166666667 0.28680555555555554 0.0036458333333333334 0.0060185185185185185
1 0.34401041666666665 0.2951388888888889 0.0046875 0.0060185185185185185
2 0.36692708333333335 0.40879629629629627 0.041666666666666664 0.041666666666666664
1 0.2375 0.30810185185185185 0.005208333333333333 0.008796296296296297
1 0.31002604166666664 0.34675925925925927 0.004427083333333333 0.007407407407407408