5 0.5095052083333333 0.13495370370370371 0.00703125 0.01712962962962963
3 0.3313802083333333 0.3435185185185185 0.02265625 0.01574074074074074
1 0.39166666666666666 0.23217592592592592 0.0036458333333333334 0.005092592592592593
1 0.383203125 0.21319444444444444 0.0033854166666666668 0.0060185185185185185
1 0.35104166666666664 0.21921296296296297 0.00625 0.0060185185185185185
1 0.3953125 0.24583333333333332 0.004166666666666667 0.008333333333333333
1 0.36692708333333335 0.25949074074074074 0.0036458333333333334 0.006944444444444444
1 0.3424479166666667 0.2587962962962963 0.003125 0.005555555555555556
1 0.3509114583333333 0.26851851851851855 0.004427083333333333 0.006481481481481481
2 0.37200520833333334 0.3710648148148148 0.039322916666666666 0.038425925925925926
1 0.249609375 0.28055555555555556 0.0049479166666666664 0.007407407407407408
1 0.3196614583333333 0.31180555555555556 0.00390625 0.006944444444444444