2 0.38046875 0.8011574074074074 0.0359375 0.034722222222222224
3 0.36796875 0.7780092592592592 0.022395833333333334 0.016203703703703703
1 0.35625 0.705787037037037 0.004166666666666667 0.008796296296296297
1 0.2791666666666667 0.7215277777777778 0.0046875 0.008796296296296297
2 0.45546875 0.4576388888888889 0.041666666666666664 0.02546296296296296
5 0.51171875 0.5997685185185185 0.0067708333333333336 0.016203703703703703
2 0.6696614583333333 0.36435185185185187 0.012239583333333333 0.05277777777777778
1 0.334765625 0.7516203703703703 0.004427083333333333 0.00787037037037037
2 0.500390625 0.2652777777777778 0.007552083333333333 0.02962962962962963
2 0.490625 0.2710648148148148 0.008333333333333333 0.02824074074074074
2 0.49440104166666665 0.28912037037037036 0.008072916666666667 0.01898148148148148