2 0.38450520833333335 0.6895833333333333 0.03619791666666667 0.033796296296296297
3 0.37669270833333335 0.6590277777777778 0.022135416666666668 0.014351851851851852
2 0.4557291666666667 0.35671296296296295 0.04114583333333333 0.02638888888888889
2 0.45559895833333336 0.35625 0.040364583333333336 0.02546296296296296
5 0.5114583333333333 0.4951388888888889 0.0067708333333333336 0.016203703703703703
2 0.6686197916666666 0.2599537037037037 0.012239583333333333 0.055092592592592596
1 0.35911458333333335 0.5981481481481481 0.004166666666666667 0.008333333333333333
1 0.28463541666666664 0.6129629629629629 0.005208333333333333 0.007407407407407408
2 0.49973958333333335 0.16203703703703703 0.0078125 0.02962962962962963
2 0.489453125 0.16944444444444445 0.008072916666666667 0.03148148148148148
2 0.49375 0.18703703703703703 0.0078125 0.018518518518518517