2 0.39088541666666665 0.6289351851851852 0.0359375 0.033796296296296297
3 0.399609375 0.6104166666666667 0.022135416666666668 0.0125
2 0.4596354166666667 0.3287037037037037 0.0390625 0.022222222222222223
5 0.51171875 0.45787037037037037 0.0067708333333333336 0.01574074074074074
2 0.6596354166666667 0.2326388888888889 0.013541666666666667 0.05324074074074074
1 0.36614583333333334 0.5493055555555556 0.004166666666666667 0.00787037037037037
1 0.2970052083333333 0.5618055555555556 0.00546875 0.006944444444444444
5 0.989453125 0.3122685185185185 0.0049479166666666664 0.0125
2 0.49973958333333335 0.13842592592592592 0.007291666666666667 0.030555555555555555
2 0.488671875 0.14583333333333334 0.00703125 0.030555555555555555
2 0.49309895833333334 0.1638888888888889 0.008072916666666667 0.016666666666666666