2 0.39309895833333336 0.6083333333333333 0.03463541666666667 0.030555555555555555
3 0.41067708333333336 0.5909722222222222 0.021354166666666667 0.015277777777777777
2 0.4609375 0.32037037037037036 0.0390625 0.021296296296296296
5 0.51171875 0.4446759259259259 0.00625 0.015277777777777777
2 0.655859375 0.22777777777777777 0.01328125 0.05185185185185185
1 0.36953125 0.5340277777777778 0.0036458333333333334 0.006944444444444444
1 0.303125 0.544675925925926 0.0046875 0.006944444444444444
5 0.98203125 0.3050925925925926 0.0046875 0.012962962962962963
2 0.49973958333333335 0.13912037037037037 0.0067708333333333336 0.02824074074074074
2 0.48854166666666665 0.14212962962962963 0.00625 0.02962962962962963
2 0.4921875 0.15902777777777777 0.008333333333333333 0.016203703703703703