2 0.39114583333333336 0.6050925925925926 0.03333333333333333 0.027777777777777776
2 0.46184895833333334 0.32037037037037036 0.03828125 0.021296296296296296
5 0.5111979166666667 0.44375 0.00625 0.015277777777777777
2 0.6494791666666667 0.2275462962962963 0.011979166666666667 0.04861111111111111
3 0.42734375 0.5842592592592593 0.0203125 0.016666666666666666
1 0.3723958333333333 0.5300925925925926 0.004166666666666667 0.006481481481481481
1 0.30690104166666665 0.5409722222222222 0.005989583333333334 0.00787037037037037
5 0.9786458333333333 0.30486111111111114 0.0046875 0.0125
2 0.496875 0.1363425925925926 0.005729166666666666 0.027314814814814816
2 0.48658854166666665 0.14537037037037037 0.005989583333333334 0.025925925925925925
2 0.48997395833333335 0.16111111111111112 0.008072916666666667 0.014814814814814815