2 0.4203125 0.5506944444444445 0.0171875 0.014351851851851852
2 0.4622395833333333 0.43657407407407406 0.027083333333333334 0.014814814814814815
5 0.49895833333333334 0.49166666666666664 0.004166666666666667 0.010185185185185186
2 0.5766927083333333 0.37175925925925923 0.008072916666666667 0.03333333333333333
3 0.50078125 0.5212962962962963 0.010416666666666666 0.007407407407407408
2 0.4766927083333333 0.32175925925925924 0.004427083333333333 0.018518518518518517
2 0.42018229166666665 0.5502314814814815 0.016927083333333332 0.014351851851851852
2 0.46236979166666664 0.4361111111111111 0.026822916666666665 0.014814814814814815
5 0.49921875 0.49166666666666664 0.004166666666666667 0.010185185185185186
2 0.5766927083333333 0.37222222222222223 0.008072916666666667 0.03333333333333333
3 0.5009114583333333 0.5210648148148148 0.010677083333333334 0.00787037037037037
2 0.47682291666666665 0.32199074074074074 0.004166666666666667 0.018055555555555554
2 0.465625 0.3266203703703704 0.0046875 0.01990740740740741
5 0.8213541666666667 0.42939814814814814 0.004166666666666667 0.008796296296296297