2 0.53359375 0.24722222222222223 0.020833333333333332 0.05648148148148148
2 0.662890625 0.6416666666666667 0.02890625 0.03518518518518519
2 0.23854166666666668 0.14375 0.008854166666666666 0.020833333333333332
5 0.56328125 0.4530092592592593 0.0078125 0.018055555555555554
3 0.4484375 0.8078703703703703 0.030729166666666665 0.021296296296296296
1 0.5528645833333333 0.6972222222222222 0.00625 0.008333333333333333
1 0.50703125 0.6442129629629629 0.0036458333333333334 0.0060185185185185185
1 0.48541666666666666 0.6414351851851852 0.0036458333333333334 0.006944444444444444
1 0.48828125 0.65625 0.004166666666666667 0.006944444444444444
1 0.5014322916666667 0.6831018518518519 0.008072916666666667 0.010648148148148148
1 0.46705729166666665 0.6548611111111111 0.004427083333333333 0.0060185185185185185
1 0.451953125 0.6511574074074075 0.00390625 0.006944444444444444
1 0.44947916666666665 0.6583333333333333 0.0036458333333333334 0.006481481481481481
1 0.467578125 0.6701388888888888 0.0033854166666666668 0.006944444444444444
5 0.5899739583333333 0.25069444444444444 0.002864583333333333 0.010648148148148148
5 0.554296875 0.20046296296296295 0.004427083333333333 0.009259259259259259