2 0.52421875 0.10625 0.021875 0.0587962962962963
2 0.6674479166666667 0.49444444444444446 0.022395833333333334 0.03611111111111111
5 0.5833333333333334 0.3212962962962963 0.0078125 0.018518518518518517
3 0.505078125 0.6849537037037037 0.032552083333333336 0.022685185185185187
5 0.61171875 0.1125 0.004166666666666667 0.010185185185185186
5 0.57421875 0.059027777777777776 0.004166666666666667 0.008796296296296297
1 0.529296875 0.5074074074074074 0.00546875 0.006481481481481481
1 0.4998697916666667 0.5131944444444444 0.005989583333333334 0.00787037037037037
1 0.501953125 0.5298611111111111 0.00703125 0.00787037037037037
1 0.47734375 0.5270833333333333 0.005208333333333333 0.00787037037037037
1 0.457421875 0.5233796296296296 0.004427083333333333 0.008796296296296297
1 0.45703125 0.5340277777777778 0.0046875 0.008796296296296297
1 0.507421875 0.5467592592592593 0.008072916666666667 0.009259259259259259
1 0.47734375 0.5453703703703704 0.0036458333333333334 0.007407407407407408
1 0.5665364583333333 0.5664351851851852 0.006510416666666667 0.008796296296296297