2 0.673828125 0.3502314814814815 0.018489583333333334 0.034722222222222224
5 0.588671875 0.1673611111111111 0.008072916666666667 0.020833333333333332
3 0.5286458333333334 0.5791666666666667 0.035416666666666666 0.023148148148148147
1 0.56796875 0.4409722222222222 0.008333333333333333 0.0125
1 0.5303385416666667 0.368287037037037 0.0049479166666666664 0.009722222222222222
1 0.5046875 0.375 0.005208333333333333 0.007407407407407408
1 0.48098958333333336 0.39652777777777776 0.005208333333333333 0.010648148148148148
1 0.457421875 0.3905092592592593 0.00546875 0.00787037037037037
1 0.4546875 0.4074074074074074 0.00625 0.010185185185185186
1 0.4765625 0.418287037037037 0.0046875 0.008796296296296297
1 0.503515625 0.394212962962963 0.00546875 0.009722222222222222
1 0.5055989583333333 0.4125 0.0049479166666666664 0.009259259259259259