2 0.680078125 0.4361111111111111 0.025260416666666667 0.03611111111111111
5 0.5924479166666666 0.2548611111111111 0.008854166666666666 0.01990740740740741
3 0.547265625 0.7013888888888888 0.03411458333333333 0.028703703703703703
1 0.5766927083333333 0.5375 0.009114583333333334 0.012037037037037037
2 0.50390625 0.022222222222222223 0.023958333333333335 0.044444444444444446
1 0.5326822916666667 0.4601851851851852 0.0049479166666666664 0.008333333333333333
1 0.5109375 0.47175925925925927 0.005208333333333333 0.008333333333333333
1 0.5100260416666667 0.4946759259259259 0.006510416666666667 0.00787037037037037
1 0.48489583333333336 0.4875 0.005729166666666666 0.010185185185185186
1 0.4571614583333333 0.4858796296296296 0.00703125 0.010648148148148148
1 0.5084635416666666 0.5157407407407407 0.012239583333333333 0.012037037037037037
1 0.477734375 0.5162037037037037 0.00703125 0.009259259259259259
1 0.4549479166666667 0.5034722222222222 0.0125 0.013425925925925926
5 0.620703125 0.017361111111111112 0.004427083333333333 0.010648148148148148