2 0.6946614583333334 0.4479166666666667 0.02890625 0.03657407407407407
5 0.5997395833333333 0.26319444444444445 0.008854166666666666 0.01990740740740741
3 0.5751302083333333 0.7199074074074074 0.030989583333333334 0.037037037037037035
1 0.583984375 0.5604166666666667 0.009635416666666667 0.013425925925925926
2 0.4934895833333333 0.02337962962962963 0.023958333333333335 0.04583333333333333
1 0.5352864583333333 0.4664351851851852 0.00546875 0.00787037037037037
1 0.5208333333333334 0.4844907407407407 0.00625 0.00787037037037037
1 0.5173177083333333 0.5064814814814815 0.00390625 0.009259259259259259
1 0.49296875 0.5018518518518519 0.005208333333333333 0.009259259259259259
1 0.5134114583333333 0.5319444444444444 0.009114583333333334 0.013888888888888888
1 0.4811197916666667 0.530787037037037 0.01015625 0.0125
1 0.4640625 0.5180555555555556 0.008333333333333333 0.009259259259259259
1 0.46263020833333335 0.5011574074074074 0.008072916666666667 0.011574074074074073
5 0.626953125 0.023148148148148147 0.00390625 0.008333333333333333