2 0.6287760416666667 0.45439814814814816 0.03203125 0.03287037037037037
5 0.5229166666666667 0.2886574074074074 0.008854166666666666 0.01898148148148148
3 0.5274739583333333 0.732175925925926 0.016927083333333332 0.0412037037037037
2 0.39895833333333336 0.049074074074074076 0.025 0.058333333333333334
1 0.46263020833333335 0.48564814814814816 0.0049479166666666664 0.010185185185185186
1 0.45481770833333335 0.5090277777777777 0.005989583333333334 0.009722222222222222
1 0.4524739583333333 0.5300925925925926 0.00546875 0.007407407407407408
1 0.42630208333333336 0.5275462962962963 0.0078125 0.009722222222222222
1 0.4440104166666667 0.5550925925925926 0.0078125 0.013888888888888888
1 0.41796875 0.5527777777777778 0.0067708333333333336 0.012962962962962963
1 0.39622395833333335 0.531712962962963 0.00859375 0.0125
1 0.401953125 0.5435185185185185 0.00546875 0.010185185185185186
1 0.5126302083333333 0.5777777777777777 0.00703125 0.012037037037037037
5 0.5428385416666667 0.052314814814814814 0.00390625 0.009259259259259259