2 0.629296875 0.45393518518518516 0.032552083333333336 0.034722222222222224
5 0.5217447916666667 0.2886574074074074 0.00859375 0.01990740740740741
3 0.527734375 0.7300925925925926 0.012760416666666666 0.040740740740740744
2 0.39283854166666665 0.049074074074074076 0.02421875 0.06111111111111111
1 0.46341145833333336 0.48125 0.005989583333333334 0.011574074074074073
1 0.4544270833333333 0.5092592592592593 0.005729166666666666 0.009259259259259259
1 0.4515625 0.5333333333333333 0.009375 0.012962962962962963
1 0.424609375 0.5252314814814815 0.00546875 0.008796296296296297
1 0.5122395833333333 0.5773148148148148 0.008333333333333333 0.010185185185185186
1 0.44375 0.5541666666666667 0.005208333333333333 0.012037037037037037
1 0.41640625 0.5539351851851851 0.005729166666666666 0.0125
1 0.3997395833333333 0.5458333333333333 0.0109375 0.011111111111111112
1 0.39479166666666665 0.5321759259259259 0.007291666666666667 0.010648148148148148
5 0.5408854166666667 0.052083333333333336 0.004166666666666667 0.010648148148148148