2 0.63515625 0.46597222222222223 0.0328125 0.034722222222222224
5 0.5216145833333333 0.30069444444444443 0.008854166666666666 0.020833333333333332
3 0.5309895833333333 0.7483796296296297 0.011458333333333333 0.04398148148148148
2 0.3815104166666667 0.05324074074074074 0.024479166666666666 0.062037037037037036
1 0.46393229166666666 0.4909722222222222 0.005989583333333334 0.009722222222222222
1 0.455859375 0.5224537037037037 0.006510416666666667 0.009722222222222222
1 0.45338541666666665 0.5421296296296296 0.0046875 0.008333333333333333
1 0.42356770833333335 0.5405092592592593 0.0049479166666666664 0.009722222222222222
1 0.5123697916666666 0.5898148148148148 0.007552083333333333 0.011111111111111112
1 0.441796875 0.5729166666666666 0.004427083333333333 0.011574074074074073
1 0.41497395833333334 0.5650462962962963 0.00703125 0.0125
1 0.4015625 0.5581018518518519 0.008854166666666666 0.010648148148148148
1 0.3921875 0.549074074074074 0.008854166666666666 0.012037037037037037
5 0.5395833333333333 0.056712962962962965 0.0036458333333333334 0.00787037037037037