2 0.68125 0.47847222222222224 0.03177083333333333 0.0375
5 0.5596354166666667 0.3104166666666667 0.008854166666666666 0.020833333333333332
3 0.4954427083333333 0.7208333333333333 0.027864583333333335 0.030555555555555555
2 0.42330729166666664 0.05810185185185185 0.02265625 0.06157407407407407
1 0.47356770833333334 0.4912037037037037 0.006510416666666667 0.009259259259259259
1 0.4688802083333333 0.5263888888888889 0.007552083333333333 0.009259259259259259
1 0.46875 0.538425925925926 0.005729166666666666 0.008333333333333333
1 0.435546875 0.5331018518518519 0.00546875 0.008796296296296297
1 0.5041666666666667 0.5907407407407408 0.005729166666666666 0.009259259259259259
1 0.44778645833333336 0.5655092592592592 0.005989583333333334 0.013425925925925926
1 0.4295572916666667 0.5458333333333333 0.004427083333333333 0.010185185185185186
1 0.4141927083333333 0.5516203703703704 0.009114583333333334 0.010648148148148148
1 0.40481770833333336 0.544675925925926 0.0049479166666666664 0.008796296296296297
5 0.6149739583333333 0.06597222222222222 0.004427083333333333 0.00787037037037037