2 0.7473958333333334 0.5016203703703703 0.03802083333333333 0.04027777777777778
5 0.676953125 0.3178240740740741 0.009114583333333334 0.01990740740740741
3 0.4473958333333333 0.649537037037037 0.013020833333333334 0.032407407407407406
2 0.6295572916666666 0.04699074074074074 0.021614583333333333 0.0625
1 0.5287760416666667 0.45787037037037037 0.006510416666666667 0.008333333333333333
1 0.51171875 0.487962962962963 0.007291666666666667 0.006481481481481481
1 0.5119791666666667 0.49675925925925923 0.004166666666666667 0.007407407407407408
1 0.48138020833333334 0.48703703703703705 0.00546875 0.007407407407407408
1 0.516796875 0.5518518518518518 0.0049479166666666664 0.008333333333333333
1 0.48203125 0.5166666666666667 0.008854166666666666 0.011111111111111112
1 0.4725260416666667 0.4858796296296296 0.006510416666666667 0.010648148148148148
1 0.452734375 0.49050925925925926 0.00703125 0.008796296296296297
1 0.45807291666666666 0.4949074074074074 0.0125 0.010185185185185186
5 0.8563802083333333 0.07430555555555556 0.004427083333333333 0.008796296296296297