2 0.74765625 0.5085648148148149 0.0390625 0.04027777777777778
5 0.6950520833333333 0.32037037037037036 0.009375 0.020370370370370372
3 0.42721354166666664 0.6194444444444445 0.013802083333333333 0.030555555555555555
2 0.6766927083333333 0.04537037037037037 0.02109375 0.06296296296296296
1 0.5345052083333334 0.45185185185185184 0.007552083333333333 0.009259259259259259
1 0.5088541666666667 0.48217592592592595 0.0078125 0.0060185185185185185
1 0.5092447916666667 0.48865740740740743 0.0033854166666666668 0.0060185185185185185
1 0.47890625 0.47291666666666665 0.005729166666666666 0.006944444444444444
1 0.50703125 0.5393518518518519 0.005208333333333333 0.008333333333333333
1 0.47513020833333336 0.5027777777777778 0.00859375 0.009259259259259259
1 0.47291666666666665 0.46782407407407406 0.00625 0.008796296296296297
1 0.4537760416666667 0.47291666666666665 0.006510416666666667 0.008796296296296297
1 0.46002604166666666 0.47685185185185186 0.00546875 0.008333333333333333
5 0.916796875 0.0798611111111111 0.004427083333333333 0.008796296296296297