2 0.6854166666666667 0.5138888888888888 0.04375 0.037037037037037035
5 0.684765625 0.3282407407407407 0.009114583333333334 0.021296296296296296
3 0.3296875 0.5527777777777778 0.008333333333333333 0.025925925925925925
2 0.7520833333333333 0.04351851851851852 0.01875 0.062037037037037036
1 0.49856770833333336 0.42939814814814814 0.009114583333333334 0.008796296296296297
1 0.461328125 0.4550925925925926 0.006510416666666667 0.005555555555555556
1 0.43216145833333336 0.4476851851851852 0.004427083333333333 0.007407407407407408
1 0.4356770833333333 0.5064814814814815 0.00625 0.006481481481481481
1 0.4171875 0.4722222222222222 0.0109375 0.007407407407407408
1 0.4276041666666667 0.4393518518518518 0.0067708333333333336 0.007407407407407408
1 0.406640625 0.4449074074074074 0.00390625 0.006481481481481481
1 0.4114583333333333 0.44884259259259257 0.005729166666666666 0.0060185185185185185