2 0.6705729166666666 0.512962962962963 0.04479166666666667 0.03611111111111111
5 0.6778645833333333 0.3287037037037037 0.009375 0.021296296296296296
3 0.31171875 0.5430555555555555 0.008333333333333333 0.025
2 0.75859375 0.04259259259259259 0.018229166666666668 0.06388888888888888
1 0.4876302083333333 0.42662037037037037 0.00703125 0.008796296296296297
1 0.44778645833333336 0.449537037037037 0.007552083333333333 0.006481481481481481
1 0.4203125 0.4428240740740741 0.005208333333333333 0.006944444444444444
1 0.4197916666666667 0.49930555555555556 0.005729166666666666 0.0060185185185185185
1 0.40768229166666664 0.46782407407407406 0.00703125 0.008796296296296297
1 0.413671875 0.4351851851851852 0.00703125 0.007407407407407408
1 0.393359375 0.4388888888888889 0.008072916666666667 0.007407407407407408
1 0.4002604166666667 0.44351851851851853 0.0046875 0.004629629629629629