2 0.6393229166666666 0.5125 0.04479166666666667 0.03611111111111111
5 0.65390625 0.32708333333333334 0.009895833333333333 0.01990740740740741
3 0.2799479166666667 0.5377314814814815 0.009895833333333333 0.02546296296296296
2 0.7471354166666667 0.04189814814814815 0.01875 0.06342592592592593
1 0.462890625 0.42453703703703705 0.007552083333333333 0.008333333333333333
1 0.42044270833333336 0.4479166666666667 0.006510416666666667 0.0060185185185185185
1 0.3932291666666667 0.44050925925925927 0.00625 0.006944444444444444
1 0.389453125 0.49537037037037035 0.00546875 0.005555555555555556
1 0.378515625 0.46597222222222223 0.0033854166666666668 0.006944444444444444
1 0.3873697916666667 0.43287037037037035 0.005989583333333334 0.006481481481481481
1 0.36888020833333335 0.4340277777777778 0.0033854166666666668 0.0060185185185185185
1 0.37408854166666666 0.44027777777777777 0.0049479166666666664 0.004629629629629629