2 0.612890625 0.5076388888888889 0.04401041666666667 0.03564814814814815
5 0.6307291666666667 0.324537037037037 0.009895833333333333 0.020370370370370372
3 0.2513020833333333 0.5314814814814814 0.010416666666666666 0.024074074074074074
2 0.7341145833333333 0.03935185185185185 0.01875 0.06296296296296296
1 0.4412760416666667 0.418287037037037 0.009114583333333334 0.00787037037037037
1 0.3953125 0.4465277777777778 0.0067708333333333336 0.006944444444444444
1 0.3692708333333333 0.43842592592592594 0.005729166666666666 0.006481481481481481
1 0.3626302083333333 0.4912037037037037 0.00546875 0.007407407407407408
1 0.35390625 0.4615740740740741 0.004166666666666667 0.007407407407407408
1 0.3625 0.4303240740740741 0.004166666666666667 0.006944444444444444
1 0.344921875 0.43148148148148147 0.00390625 0.005555555555555556
1 0.3484375 0.4351851851851852 0.003125 0.005555555555555556