2 0.6111979166666667 0.4900462962962963 0.04375 0.03287037037037037
5 0.6130208333333333 0.3085648148148148 0.009375 0.020833333333333332
3 0.22981770833333334 0.47939814814814813 0.00859375 0.02361111111111111
2 0.7221354166666667 0.028009259259259258 0.016666666666666666 0.056018518518518516
1 0.43854166666666666 0.39791666666666664 0.0067708333333333336 0.008796296296296297
1 0.37799479166666666 0.42060185185185184 0.00390625 0.005092592592592593
1 0.35234375 0.40925925925925927 0.005208333333333333 0.007407407407407408
1 0.3463541666666667 0.4599537037037037 0.005208333333333333 0.006944444444444444
1 0.33307291666666666 0.4335648148148148 0.009375 0.006944444444444444
1 0.34609375 0.3993055555555556 0.0036458333333333334 0.006944444444444444
1 0.3282552083333333 0.40162037037037035 0.00390625 0.0060185185185185185
1 0.33203125 0.40717592592592594 0.0046875 0.0060185185185185185