2 0.652734375 0.4895833333333333 0.04401041666666667 0.034722222222222224
5 0.6178385416666666 0.30833333333333335 0.009114583333333334 0.020370370370370372
3 0.240625 0.44560185185185186 0.0109375 0.01990740740740741
2 0.7045572916666667 0.025231481481481483 0.015364583333333333 0.050462962962962966
1 0.44973958333333336 0.3888888888888889 0.00625 0.008333333333333333
1 0.39205729166666664 0.40949074074074077 0.00390625 0.005092592592592593
1 0.36796875 0.39814814814814814 0.0046875 0.005555555555555556
1 0.3575520833333333 0.45185185185185184 0.005208333333333333 0.005555555555555556
1 0.3497395833333333 0.425462962962963 0.011458333333333333 0.008333333333333333
1 0.3580729166666667 0.39143518518518516 0.003125 0.0060185185185185185
1 0.3424479166666667 0.39375 0.0046875 0.005092592592592593
1 0.3455729166666667 0.4 0.008854166666666666 0.007407407407407408