2 0.65625 0.4877314814814815 0.04479166666666667 0.03564814814814815
5 0.6184895833333334 0.30787037037037035 0.009375 0.021296296296296296
3 0.24283854166666666 0.44375 0.011197916666666667 0.02175925925925926
2 0.7028645833333333 0.025 0.015104166666666667 0.05
1 0.45091145833333335 0.38819444444444445 0.0049479166666666664 0.00787037037037037
1 0.393359375 0.4101851851851852 0.00390625 0.005555555555555556
1 0.3670572916666667 0.39791666666666664 0.00390625 0.005092592592592593
1 0.35963541666666665 0.45208333333333334 0.005729166666666666 0.0060185185185185185
1 0.3502604166666667 0.425 0.011458333333333333 0.008333333333333333
1 0.35768229166666665 0.3902777777777778 0.0033854166666666668 0.005555555555555556
1 0.34322916666666664 0.39282407407407405 0.005208333333333333 0.0060185185185185185
1 0.3450520833333333 0.3993055555555556 0.008854166666666666 0.00787037037037037