2 0.841796875 0.5256944444444445 0.04765625 0.0375
3 0.408984375 0.39814814814814814 0.015885416666666666 0.017592592592592594
2 0.8912760416666666 0.029861111111111113 0.018489583333333334 0.059722222222222225
1 0.6083333333333333 0.38680555555555557 0.004166666666666667 0.005092592592592593
5 0.78828125 0.33217592592592593 0.009375 0.020833333333333332
1 0.521484375 0.38263888888888886 0.0049479166666666664 0.005092592592592593
1 0.5587239583333333 0.40208333333333335 0.008072916666666667 0.0060185185185185185
1 0.5290364583333333 0.38958333333333334 0.002864583333333333 0.0060185185185185185
1 0.5065104166666666 0.3824074074074074 0.003125 0.006481481481481481
1 0.5119791666666667 0.4166666666666667 0.011979166666666667 0.008333333333333333
1 0.509375 0.3902777777777778 0.008333333333333333 0.005555555555555556
1 0.52109375 0.44050925925925927 0.007291666666666667 0.00787037037037037