2 0.846875 0.5284722222222222 0.042708333333333334 0.03657407407407407
3 0.412109375 0.39699074074074076 0.015364583333333333 0.018055555555555554
2 0.891015625 0.02939814814814815 0.017447916666666667 0.0587962962962963
1 0.6096354166666667 0.38773148148148145 0.0046875 0.0060185185185185185
5 0.7901041666666667 0.3296296296296296 0.009375 0.022222222222222223
1 0.5239583333333333 0.3821759259259259 0.0036458333333333334 0.0060185185185185185
1 0.5626302083333333 0.4 0.007552083333333333 0.006481481481481481
1 0.5298177083333333 0.3900462962962963 0.002864583333333333 0.005092592592592593
1 0.5075520833333333 0.38101851851851853 0.0036458333333333334 0.005555555555555556
1 0.512890625 0.41550925925925924 0.01171875 0.0125
1 0.5109375 0.38842592592592595 0.0078125 0.005555555555555556
1 0.5225260416666667 0.4358796296296296 0.006510416666666667 0.008796296296296297