2 0.9498697916666666 0.5645833333333333 0.04244791666666667 0.04212962962962963
3 0.496875 0.38564814814814813 0.0140625 0.016666666666666666
2 0.9916666666666667 0.035416666666666666 0.016666666666666666 0.06435185185185185
1 0.6927083333333334 0.3990740740740741 0.004166666666666667 0.007407407407407408
5 0.8807291666666667 0.35 0.009895833333333333 0.022222222222222223
1 0.6041666666666666 0.3861111111111111 0.00625 0.008333333333333333
1 0.6479166666666667 0.4081018518518518 0.0078125 0.006944444444444444
1 0.6420572916666667 0.4152777777777778 0.004427083333333333 0.008333333333333333
1 0.6088541666666667 0.39305555555555555 0.0046875 0.007407407407407408
1 0.5881510416666667 0.38333333333333336 0.00390625 0.007407407407407408
1 0.59140625 0.3900462962962963 0.005208333333333333 0.006944444444444444
1 0.591796875 0.41712962962962963 0.01171875 0.008333333333333333
1 0.5994791666666667 0.4423611111111111 0.00625 0.008796296296296297