2 0.9755208333333333 0.5710648148148149 0.040625 0.043055555555555555
3 0.5127604166666667 0.38263888888888886 0.013541666666666667 0.01990740740740741
1 0.712109375 0.40347222222222223 0.004427083333333333 0.00787037037037037
5 0.9006510416666667 0.35555555555555557 0.010677083333333334 0.022222222222222223
1 0.62109375 0.38634259259259257 0.00625 0.00787037037037037
1 0.6673177083333334 0.41064814814814815 0.00703125 0.008333333333333333
1 0.66015625 0.41712962962962963 0.005729166666666666 0.008333333333333333
1 0.6264322916666667 0.39490740740740743 0.0049479166666666664 0.009259259259259259
1 0.60546875 0.3849537037037037 0.005208333333333333 0.00787037037037037
1 0.608203125 0.3912037037037037 0.004427083333333333 0.007407407407407408
1 0.6114583333333333 0.41759259259259257 0.008333333333333333 0.010185185185185186
1 0.6192708333333333 0.4425925925925926 0.005729166666666666 0.010185185185185186