3 0.534765625 0.36921296296296297 0.014322916666666666 0.018055555555555554
1 0.7322916666666667 0.4023148148148148 0.005729166666666666 0.008333333333333333
5 0.9200520833333333 0.3594907407407407 0.010416666666666666 0.02361111111111111
1 0.6927083333333334 0.4127314814814815 0.007291666666666667 0.0060185185185185185
1 0.68203125 0.4173611111111111 0.004166666666666667 0.0060185185185185185
1 0.625 0.3840277777777778 0.0036458333333333334 0.0060185185185185185
1 0.626953125 0.3909722222222222 0.005989583333333334 0.005092592592592593
1 0.642578125 0.3872685185185185 0.008072916666666667 0.0060185185185185185
1 0.6459635416666667 0.3958333333333333 0.0049479166666666664 0.008333333333333333
1 0.6295572916666666 0.41689814814814813 0.01171875 0.008796296296296297
1 0.6356770833333333 0.44305555555555554 0.005729166666666666 0.008333333333333333