3 0.547265625 0.36342592592592593 0.014322916666666666 0.016666666666666666
1 0.74296875 0.399537037037037 0.00625 0.006481481481481481
5 0.9290364583333334 0.35555555555555557 0.01015625 0.023148148148148147
1 0.70546875 0.41388888888888886 0.0078125 0.006481481481481481
1 0.6890625 0.4148148148148148 0.003125 0.004629629629629629
1 0.6342447916666667 0.37962962962962965 0.00390625 0.007407407407407408
1 0.640234375 0.38842592592592595 0.006510416666666667 0.004629629629629629
1 0.6513020833333333 0.38125 0.009375 0.00787037037037037
1 0.6557291666666667 0.3909722222222222 0.005729166666666666 0.006944444444444444
1 0.6419270833333334 0.4131944444444444 0.00625 0.006944444444444444
1 0.6444010416666667 0.4388888888888889 0.005989583333333334 0.006481481481481481