3 0.5614583333333333 0.3511574074074074 0.0171875 0.016203703703703703
1 0.7526041666666666 0.40162037037037035 0.00625 0.006944444444444444
5 0.929296875 0.3560185185185185 0.01015625 0.024074074074074074
1 0.7166666666666667 0.4148148148148148 0.0078125 0.006481481481481481
1 0.697265625 0.4162037037037037 0.005989583333333334 0.006481481481481481
1 0.6420572916666667 0.38078703703703703 0.00390625 0.008796296296296297
1 0.65078125 0.3875 0.004166666666666667 0.006481481481481481
1 0.661328125 0.38425925925925924 0.00703125 0.005555555555555556
1 0.6647135416666666 0.3905092592592593 0.00546875 0.006944444444444444
1 0.6514322916666667 0.41064814814814815 0.007552083333333333 0.006481481481481481
1 0.6553385416666667 0.4398148148148148 0.00703125 0.007407407407407408