3 0.5703125 0.34814814814814815 0.021354166666666667 0.014814814814814815
1 0.7569010416666667 0.4060185185185185 0.006510416666666667 0.007407407407407408
5 0.9326822916666667 0.35856481481481484 0.01015625 0.02361111111111111
1 0.72109375 0.4150462962962963 0.007291666666666667 0.0060185185185185185
1 0.7022135416666667 0.41805555555555557 0.00390625 0.004629629629629629
1 0.6463541666666667 0.3840277777777778 0.005208333333333333 0.006944444444444444
1 0.654296875 0.39166666666666666 0.0049479166666666664 0.006481481481481481
1 0.6670572916666667 0.3849537037037037 0.00859375 0.0060185185185185185
1 0.66953125 0.39444444444444443 0.0046875 0.007407407407407408
1 0.655078125 0.4150462962962963 0.00703125 0.0060185185185185185
1 0.66015625 0.44166666666666665 0.005208333333333333 0.006481481481481481