3 0.5747395833333333 0.34629629629629627 0.021354166666666667 0.014814814814814815
1 0.762109375 0.4074074074074074 0.006510416666666667 0.008333333333333333
5 0.935546875 0.3627314814814815 0.01015625 0.02361111111111111
1 0.723046875 0.41712962962962963 0.00703125 0.005555555555555556
1 0.7055989583333333 0.4201388888888889 0.0049479166666666664 0.006944444444444444
1 0.64921875 0.38333333333333336 0.005729166666666666 0.005555555555555556
1 0.65703125 0.39166666666666666 0.004166666666666667 0.005555555555555556
1 0.66875 0.3854166666666667 0.008333333333333333 0.0060185185185185185
1 0.673046875 0.39444444444444443 0.00546875 0.006481481481481481
1 0.658984375 0.41597222222222224 0.00546875 0.006944444444444444
1 0.662109375 0.4425925925925926 0.00546875 0.006481481481481481