3 0.587109375 0.34675925925925927 0.021614583333333333 0.013888888888888888
1 0.7669270833333334 0.40555555555555556 0.0067708333333333336 0.005555555555555556
5 0.9397135416666667 0.36180555555555555 0.010677083333333334 0.02361111111111111
1 0.7307291666666667 0.41412037037037036 0.007291666666666667 0.00787037037037037
1 0.71640625 0.42106481481481484 0.0036458333333333334 0.0060185185185185185
1 0.6540364583333333 0.38333333333333336 0.007552083333333333 0.007407407407407408
1 0.6626302083333333 0.39282407407407405 0.004427083333333333 0.0060185185185185185
1 0.6764322916666666 0.3872685185185185 0.007552083333333333 0.006944444444444444
1 0.6803385416666666 0.39699074074074076 0.00546875 0.006944444444444444
1 0.6614583333333334 0.4162037037037037 0.010416666666666666 0.008333333333333333
1 0.6694010416666667 0.4444444444444444 0.005989583333333334 0.007407407407407408