3 0.5595052083333333 0.3453703703703704 0.019010416666666665 0.014814814814814815
1 0.7313802083333333 0.40162037037037035 0.0049479166666666664 0.00787037037037037
5 0.8923177083333333 0.3506944444444444 0.01015625 0.022685185185185187
2 0.957421875 0.5025462962962963 0.04505208333333333 0.04490740740740741
1 0.6395833333333333 0.3814814814814815 0.004166666666666667 0.008333333333333333
1 0.62265625 0.3798611111111111 0.005208333333333333 0.008796296296296297
1 0.6459635416666667 0.3886574074074074 0.004427083333333333 0.00787037037037037
1 0.6291666666666667 0.3891203703703704 0.005729166666666666 0.009722222222222222
1 0.6856770833333333 0.41087962962962965 0.0109375 0.009722222222222222
1 0.678515625 0.4173611111111111 0.004427083333333333 0.00787037037037037
1 0.6299479166666667 0.4113425925925926 0.007291666666666667 0.00787037037037037
1 0.6354166666666666 0.43842592592592594 0.00625 0.008333333333333333
2 0.951171875 0.022916666666666665 0.012760416666666666 0.04583333333333333