3 0.5466145833333333 0.3449074074074074 0.01875 0.014814814814814815
1 0.7143229166666667 0.3988425925925926 0.005729166666666666 0.008796296296296297
5 0.867578125 0.3449074074074074 0.01015625 0.022222222222222223
2 0.9229166666666667 0.4875 0.044270833333333336 0.04259259259259259
2 0.9194010416666667 0.021064814814814814 0.01328125 0.04212962962962963
1 0.6731770833333334 0.4101851851851852 0.008333333333333333 0.006481481481481481
1 0.6188802083333333 0.38263888888888886 0.004427083333333333 0.0060185185185185185
1 0.5998697916666667 0.3789351851851852 0.00390625 0.006944444444444444
1 0.625390625 0.3907407407407407 0.002864583333333333 0.007407407407407408
1 0.607421875 0.387037037037037 0.008072916666666667 0.006481481481481481
1 0.6615885416666667 0.4166666666666667 0.004427083333333333 0.006481481481481481
1 0.6076822916666667 0.41087962962962965 0.009114583333333334 0.006944444444444444
1 0.6190104166666667 0.43796296296296294 0.005729166666666666 0.006481481481481481