3 0.4947916666666667 0.3402777777777778 0.018229166666666668 0.01574074074074074
1 0.6526041666666667 0.39143518518518516 0.008333333333333333 0.009722222222222222
2 0.8376302083333333 0.4622685185185185 0.038802083333333334 0.03935185185185185
1 0.5622395833333333 0.3798611111111111 0.0046875 0.00787037037037037
1 0.543359375 0.37962962962962965 0.00390625 0.007407407407407408
1 0.6182291666666667 0.40532407407407406 0.009375 0.00787037037037037
1 0.6055989583333333 0.41087962962962965 0.006510416666666667 0.00787037037037037
1 0.5510416666666667 0.3872685185185185 0.005208333333333333 0.008796296296296297
1 0.5716145833333334 0.3886574074074074 0.005208333333333333 0.008796296296296297
1 0.5522135416666667 0.41087962962962965 0.00859375 0.00787037037037037
1 0.570703125 0.43449074074074073 0.007552083333333333 0.009722222222222222
5 0.7970052083333333 0.33449074074074076 0.009635416666666667 0.02546296296296296
2 0.83359375 0.017361111111111112 0.013541666666666667 0.034722222222222224