3 0.44700520833333335 0.34074074074074073 0.019010416666666665 0.016666666666666666
1 0.6002604166666666 0.38425925925925924 0.004166666666666667 0.009259259259259259
2 0.7748697916666667 0.444212962962963 0.03619791666666667 0.03657407407407407
5 0.7404947916666667 0.32546296296296295 0.009114583333333334 0.021296296296296296
1 0.5126302083333333 0.37754629629629627 0.005989583333333334 0.00787037037037037
1 0.5697916666666667 0.399537037037037 0.007291666666666667 0.008333333333333333
1 0.49140625 0.37962962962962965 0.004166666666666667 0.006481481481481481
1 0.5546875 0.4078703703703704 0.0078125 0.007407407407407408
1 0.520703125 0.38842592592592595 0.005989583333333334 0.009259259259259259
1 0.49908854166666666 0.38773148148148145 0.005989583333333334 0.008796296296296297
1 0.502734375 0.40902777777777777 0.009114583333333334 0.006944444444444444
1 0.5208333333333334 0.4305555555555556 0.0078125 0.007407407407407408
2 0.765625 0.014814814814814815 0.0125 0.02962962962962963