3 0.485546875 0.32939814814814816 0.018489583333333334 0.015277777777777777
1 0.61953125 0.3909722222222222 0.0036458333333333334 0.0060185185185185185
5 0.757421875 0.3280092592592593 0.009114583333333334 0.02175925925925926
1 0.53203125 0.37222222222222223 0.0036458333333333334 0.004629629629629629
1 0.5946614583333333 0.40023148148148147 0.00859375 0.006944444444444444
1 0.512890625 0.37407407407407406 0.00390625 0.006481481481481481
1 0.5713541666666667 0.4039351851851852 0.00625 0.00787037037037037
1 0.54296875 0.3875 0.005729166666666666 0.008333333333333333
1 0.51875 0.3824074074074074 0.008854166666666666 0.007407407407407408
1 0.5239583333333333 0.4074074074074074 0.008333333333333333 0.006481481481481481
1 0.5470052083333333 0.42453703703703705 0.007552083333333333 0.006481481481481481
2 0.7733072916666667 0.430787037037037 0.023177083333333334 0.03287037037037037
2 0.7752604166666667 0.01412037037037037 0.0125 0.02824074074074074