3 0.46627604166666664 0.3287037037037037 0.018489583333333334 0.01574074074074074
1 0.59765625 0.38587962962962963 0.005208333333333333 0.0060185185185185185
5 0.7291666666666666 0.3229166666666667 0.009375 0.02175925925925926
1 0.509765625 0.37060185185185185 0.0049479166666666664 0.006944444444444444
1 0.5752604166666667 0.3997685185185185 0.0067708333333333336 0.0060185185185185185
1 0.49270833333333336 0.3787037037037037 0.005208333333333333 0.006481481481481481
1 0.5489583333333333 0.4046296296296296 0.008333333333333333 0.008333333333333333
1 0.5216145833333333 0.38587962962962963 0.0067708333333333336 0.00787037037037037
1 0.49765625 0.38657407407407407 0.007291666666666667 0.005555555555555556
1 0.5028645833333333 0.4076388888888889 0.008333333333333333 0.0060185185185185185
1 0.5225260416666667 0.42407407407407405 0.00546875 0.007407407407407408
2 0.7423177083333333 0.42060185185185184 0.021614583333333333 0.03935185185185185
2 0.7416666666666667 0.012268518518518519 0.011979166666666667 0.02361111111111111