3 0.473828125 0.32893518518518516 0.018489583333333334 0.015277777777777777
1 0.6022135416666666 0.38634259259259257 0.0049479166666666664 0.0060185185185185185
5 0.7338541666666667 0.3263888888888889 0.009375 0.021296296296296296
1 0.5130208333333334 0.3726851851851852 0.005208333333333333 0.008333333333333333
1 0.580078125 0.40046296296296297 0.007552083333333333 0.006481481481481481
1 0.4981770833333333 0.37777777777777777 0.0046875 0.008333333333333333
1 0.5533854166666666 0.40671296296296294 0.008854166666666666 0.008796296296296297
1 0.5266927083333334 0.3888888888888889 0.006510416666666667 0.007407407407407408
1 0.5020833333333333 0.38634259259259257 0.008333333333333333 0.006944444444444444
1 0.5072916666666667 0.4099537037037037 0.008333333333333333 0.0060185185185185185
1 0.5274739583333333 0.42800925925925926 0.005989583333333334 0.00787037037037037
2 0.7459635416666667 0.42314814814814816 0.023177083333333334 0.03611111111111111
2 0.7481770833333333 0.012962962962962963 0.011979166666666667 0.025925925925925925