3 0.4986979166666667 0.3275462962962963 0.01875 0.014351851851851852
1 0.6208333333333333 0.39328703703703705 0.004166666666666667 0.00787037037037037
5 0.756640625 0.33425925925925926 0.009635416666666667 0.021296296296296296
1 0.53515625 0.3763888888888889 0.007291666666666667 0.009259259259259259
1 0.6 0.40300925925925923 0.0078125 0.0060185185185185185
1 0.5171875 0.37939814814814815 0.004166666666666667 0.00787037037037037
1 0.5735677083333334 0.4081018518518518 0.00859375 0.00787037037037037
1 0.5490885416666667 0.39166666666666666 0.006510416666666667 0.006481481481481481
1 0.52109375 0.38773148148148145 0.009375 0.0060185185185185185
1 0.5265625 0.41180555555555554 0.009895833333333333 0.006944444444444444
1 0.5470052083333333 0.42962962962962964 0.007552083333333333 0.007407407407407408
2 0.7643229166666666 0.42662037037037037 0.029166666666666667 0.033796296296296297
2 0.7786458333333334 0.01412037037037037 0.011979166666666667 0.02824074074074074