1 0.6180989583333333 0.40208333333333335 0.005989583333333334 0.0060185185185185185
2 0.7901041666666667 0.4199074074074074 0.043229166666666666 0.02962962962962963
2 0.816015625 0.010416666666666666 0.01328125 0.01990740740740741
1 0.5606770833333333 0.3650462962962963 0.0067708333333333336 0.00787037037037037
1 0.5459635416666667 0.37222222222222223 0.0033854166666666668 0.005555555555555556
1 0.5475260416666666 0.3814814814814815 0.005989583333333334 0.007407407407407408
1 0.5501302083333334 0.4060185185185185 0.012760416666666666 0.008333333333333333
1 0.5734375 0.38587962962962963 0.005729166666666666 0.006944444444444444
3 0.5485677083333333 0.31666666666666665 0.01171875 0.013888888888888888
5 0.7783854166666667 0.33958333333333335 0.008854166666666666 0.020833333333333332
1 0.63984375 0.3912037037037037 0.0036458333333333334 0.008333333333333333
1 0.565625 0.4212962962962963 0.005208333333333333 0.008333333333333333
1 0.5915364583333333 0.4064814814814815 0.00703125 0.010185185185185186