1 0.63046875 0.4041666666666667 0.0067708333333333336 0.006481481481481481
2 0.8069010416666667 0.42407407407407405 0.04401041666666667 0.030555555555555555
2 0.835546875 0.011342592592592593 0.012760416666666666 0.020833333333333332
1 0.575390625 0.3685185185185185 0.007552083333333333 0.006481481481481481
1 0.5598958333333334 0.37407407407407406 0.0036458333333333334 0.005555555555555556
1 0.5610677083333333 0.3837962962962963 0.00546875 0.006481481481481481
1 0.5630208333333333 0.4078703703703704 0.0109375 0.008333333333333333
1 0.5869791666666667 0.3861111111111111 0.00625 0.005555555555555556
3 0.5626302083333333 0.3178240740740741 0.009635416666666667 0.014351851851851852
5 0.7932291666666667 0.34305555555555556 0.009375 0.021296296296296296
1 0.6522135416666667 0.39467592592592593 0.00390625 0.009722222222222222
1 0.5764322916666667 0.42291666666666666 0.0049479166666666664 0.010648148148148148
1 0.603125 0.40717592592592594 0.007291666666666667 0.010648148148148148