1 0.6140625 0.4150462962962963 0.0046875 0.0060185185185185185
2 0.8009114583333333 0.43819444444444444 0.04453125 0.033796296296296297
2 0.8157552083333334 0.008796296296296297 0.011197916666666667 0.016666666666666666
1 0.559765625 0.3761574074074074 0.002864583333333333 0.005092592592592593
1 0.5453125 0.38310185185185186 0.004166666666666667 0.006944444444444444
1 0.5473958333333333 0.3905092592592593 0.0046875 0.0060185185185185185
1 0.5494791666666666 0.41805555555555557 0.0109375 0.008333333333333333
1 0.571484375 0.39837962962962964 0.0049479166666666664 0.0060185185185185185
3 0.5489583333333333 0.33125 0.015104166666666667 0.015277777777777777
5 0.7783854166666667 0.350462962962963 0.009375 0.021296296296296296
1 0.6376302083333333 0.40324074074074073 0.00390625 0.008333333333333333
1 0.5626302083333333 0.43148148148148147 0.00546875 0.009259259259259259
1 0.5908854166666667 0.41921296296296295 0.00625 0.008796296296296297