1 0.6098958333333333 0.41875 0.004166666666666667 0.006944444444444444
2 0.8061197916666667 0.4439814814814815 0.045572916666666664 0.03425925925925926
2 0.81171875 0.006481481481481481 0.013020833333333334 0.012962962962962963
1 0.558984375 0.38101851851851853 0.002864583333333333 0.004629629629629629
1 0.5424479166666667 0.38680555555555557 0.005208333333333333 0.006944444444444444
1 0.5455729166666666 0.39537037037037037 0.005208333333333333 0.006481481481481481
1 0.5479166666666667 0.42592592592592593 0.0109375 0.007407407407407408
1 0.5712239583333333 0.4025462962962963 0.0049479166666666664 0.0060185185185185185
3 0.5438802083333333 0.33541666666666664 0.01640625 0.014351851851851852
5 0.7782552083333333 0.35300925925925924 0.009114583333333334 0.02175925925925926
1 0.6334635416666666 0.40694444444444444 0.004427083333333333 0.009259259259259259
1 0.5606770833333333 0.4393518518518518 0.005208333333333333 0.007407407407407408
1 0.58984375 0.4224537037037037 0.005729166666666666 0.008796296296296297