3 0.462109375 0.3592592592592593 0.01484375 0.013888888888888888
5 0.7119791666666667 0.35208333333333336 0.009375 0.020833333333333332
1 0.5006510416666666 0.39166666666666666 0.00546875 0.007407407407407408
1 0.5165364583333333 0.41388888888888886 0.006510416666666667 0.007407407407407408
1 0.5561197916666667 0.4064814814814815 0.00546875 0.007407407407407408
1 0.54609375 0.42800925925925926 0.00625 0.00787037037037037
1 0.534765625 0.43125 0.007552083333333333 0.00787037037037037
1 0.482421875 0.4 0.004427083333333333 0.006481481481481481
1 0.490625 0.40694444444444444 0.005729166666666666 0.009259259259259259
1 0.491796875 0.4395833333333333 0.010677083333333334 0.00787037037037037
2 0.7618489583333333 0.4587962962962963 0.03619791666666667 0.03888888888888889
1 0.5018229166666667 0.45 0.00625 0.008333333333333333