3 0.45950520833333336 0.36157407407407405 0.01484375 0.013888888888888888
5 0.7115885416666666 0.3527777777777778 0.009114583333333334 0.021296296296296296
1 0.5018229166666667 0.3921296296296296 0.004166666666666667 0.006481481481481481
1 0.5180989583333333 0.4125 0.00703125 0.008333333333333333
1 0.5541666666666667 0.40578703703703706 0.0067708333333333336 0.00787037037037037
1 0.5462239583333334 0.42777777777777776 0.006510416666666667 0.007407407407407408
1 0.5338541666666666 0.4310185185185185 0.008333333333333333 0.008333333333333333
1 0.48098958333333336 0.40046296296296297 0.005208333333333333 0.008333333333333333
1 0.49114583333333334 0.4060185185185185 0.0067708333333333336 0.008333333333333333
1 0.49270833333333336 0.4395833333333333 0.013020833333333334 0.00787037037037037
2 0.7639322916666667 0.4599537037037037 0.03515625 0.038425925925925926
1 0.5018229166666667 0.45023148148148145 0.005208333333333333 0.009722222222222222