1 0.5071614583333334 0.41759259259259257 0.0033854166666666668 0.006481481481481481
1 0.519921875 0.44166666666666665 0.00546875 0.007407407407407408
1 0.5231770833333333 0.430787037037037 0.004166666666666667 0.0060185185185185185
1 0.5462239583333334 0.45555555555555555 0.005989583333333334 0.007407407407407408
1 0.5390625 0.46435185185185185 0.0067708333333333336 0.007407407407407408
1 0.483203125 0.42777777777777776 0.00546875 0.007407407407407408
1 0.49075520833333336 0.4354166666666667 0.005989583333333334 0.00787037037037037
3 0.4407552083333333 0.4060185185185185 0.01796875 0.01574074074074074
1 0.49700520833333334 0.475462962962963 0.01015625 0.009259259259259259
2 0.7893229166666667 0.5150462962962963 0.025 0.043055555555555555
5 0.7208333333333333 0.3770833333333333 0.009375 0.02175925925925926
1 0.5016927083333333 0.48356481481481484 0.005989583333333334 0.008796296296296297