1 0.5471354166666667 0.4085648148148148 0.005729166666666666 0.009722222222222222
1 0.5403645833333334 0.41805555555555557 0.0067708333333333336 0.009259259259259259
1 0.491796875 0.38773148148148145 0.005989583333333334 0.008796296296296297
3 0.43802083333333336 0.36041666666666666 0.018229166666666668 0.01712962962962963
1 0.4979166666666667 0.4303240740740741 0.011458333333333333 0.008796296296296297
2 0.7989583333333333 0.47476851851851853 0.0265625 0.04398148148148148
5 0.7259114583333334 0.32708333333333334 0.01015625 0.02175925925925926
1 0.50234375 0.44050925925925927 0.005729166666666666 0.009722222222222222
1 0.508203125 0.36875 0.00703125 0.00787037037037037
1 0.5233072916666667 0.3819444444444444 0.00390625 0.007407407407407408
1 0.48489583333333336 0.38263888888888886 0.004166666666666667 0.00787037037037037
1 0.5216145833333333 0.3960648148148148 0.005208333333333333 0.00787037037037037