3 0.419921875 0.1789351851851852 0.012760416666666666 0.02175925925925926
2 0.85 0.3298611111111111 0.028645833333333332 0.059722222222222225
5 0.758984375 0.12361111111111112 0.011197916666666667 0.025
1 0.5135416666666667 0.18009259259259258 0.005208333333333333 0.009259259259259259
1 0.5264322916666667 0.1935185185185185 0.00546875 0.009259259259259259
1 0.490234375 0.19375 0.004427083333333333 0.009722222222222222
1 0.4934895833333333 0.20069444444444445 0.004166666666666667 0.008796296296296297
1 0.5270833333333333 0.20787037037037037 0.005729166666666666 0.009259259259259259
1 0.5557291666666667 0.22615740740740742 0.005729166666666666 0.0125
1 0.5493489583333333 0.2423611111111111 0.005989583333333334 0.009722222222222222
1 0.5057291666666667 0.25787037037037036 0.0125 0.010185185185185186
1 0.5102864583333333 0.269212962962963 0.005989583333333334 0.010648148148148148