3 0.41263020833333336 0.2439814814814815 0.01171875 0.025925925925925925
2 0.8799479166666667 0.4217592592592593 0.03229166666666667 0.06574074074074074
5 0.7770833333333333 0.17407407407407408 0.011979166666666667 0.025925925925925925
1 0.5177083333333333 0.23217592592592592 0.0067708333333333336 0.008796296296296297
1 0.5283854166666667 0.2516203703703704 0.005208333333333333 0.008796296296296297
1 0.4915364583333333 0.25046296296296294 0.00546875 0.008333333333333333
1 0.49361979166666664 0.25972222222222224 0.0049479166666666664 0.010185185185185186
1 0.5311197916666667 0.2675925925925926 0.00546875 0.010185185185185186
1 0.5608072916666667 0.2861111111111111 0.005989583333333334 0.011111111111111112
1 0.5548177083333333 0.3055555555555556 0.006510416666666667 0.012037037037037037
1 0.51015625 0.32314814814814813 0.013541666666666667 0.012037037037037037
1 0.5143229166666666 0.33449074074074076 0.00625 0.009722222222222222