3 0.4069010416666667 0.3226851851851852 0.012760416666666666 0.02962962962962963
2 0.9141927083333333 0.5293981481481481 0.03359375 0.07453703703703704
5 0.7958333333333333 0.23541666666666666 0.0125 0.02824074074074074
1 0.5639322916666667 0.36342592592592593 0.006510416666666667 0.011111111111111112
1 0.557421875 0.3840277777777778 0.006510416666666667 0.008796296296296297
1 0.5122395833333333 0.4043981481481482 0.011458333333333333 0.010648148148148148
1 0.517578125 0.41805555555555557 0.005989583333333334 0.011111111111111112
1 0.51953125 0.3013888888888889 0.008854166666666666 0.011111111111111112
1 0.5294270833333333 0.32384259259259257 0.0046875 0.008796296296296297
1 0.531640625 0.34120370370370373 0.00546875 0.010185185185185186
1 0.4903645833333333 0.32337962962962963 0.009375 0.009722222222222222
1 0.49244791666666665 0.3365740740740741 0.005208333333333333 0.009259259259259259