3 0.3455729166666667 0.4263888888888889 0.013020833333333334 0.032407407407407406
2 0.8908854166666667 0.6261574074074074 0.03854166666666667 0.09398148148148149
5 0.7561197916666667 0.2898148148148148 0.01328125 0.027777777777777776
1 0.5188802083333334 0.44907407407407407 0.006510416666666667 0.014814814814814815
1 0.5118489583333333 0.475462962962963 0.00703125 0.010185185185185186
1 0.46731770833333336 0.49699074074074073 0.00859375 0.011574074074074073
1 0.47044270833333335 0.5122685185185185 0.00703125 0.011574074074074073
1 0.47825520833333335 0.37800925925925927 0.00859375 0.010648148148148148
1 0.4803385416666667 0.40694444444444444 0.00546875 0.010185185185185186
1 0.48606770833333335 0.4275462962962963 0.005989583333333334 0.0125
1 0.441015625 0.4083333333333333 0.01328125 0.010185185185185186
1 0.44192708333333336 0.4201388888888889 0.00625 0.010648148148148148