1 0.7360677083333333 0.4335648148148148 0.00703125 0.010648148148148148
1 0.671875 0.44305555555555554 0.005729166666666666 0.009259259259259259
1 0.662109375 0.45740740740740743 0.007552083333333333 0.011111111111111112
1 0.7065104166666667 0.462037037037037 0.005729166666666666 0.011111111111111112
1 0.719921875 0.48171296296296295 0.007552083333333333 0.009722222222222222
1 0.7369791666666666 0.513425925925926 0.0067708333333333336 0.01574074074074074
1 0.7298177083333334 0.5532407407407407 0.012239583333333333 0.014814814814814815
1 0.6770833333333334 0.5506944444444445 0.0067708333333333336 0.01712962962962963
1 0.6813802083333333 0.5766203703703704 0.01015625 0.013425925925925926
3 0.558984375 0.4787037037037037 0.01796875 0.041666666666666664
3 0.5583333333333333 0.47685185185185186 0.017708333333333333 0.041666666666666664