3 0.4434895833333333 0.5076388888888889 0.023958333333333335 0.034722222222222224
1 0.6399739583333334 0.43703703703703706 0.007552083333333333 0.012962962962962963
1 0.5576822916666667 0.4444444444444444 0.005989583333333334 0.014814814814814815
1 0.5860677083333333 0.4689814814814815 0.00390625 0.008333333333333333
1 0.5510416666666667 0.4613425925925926 0.00625 0.009722222222222222
1 0.6098958333333333 0.4858796296296296 0.005729166666666666 0.009722222222222222
1 0.6108072916666667 0.5136574074074074 0.009635416666666667 0.014351851851851852
1 0.5541666666666667 0.5451388888888888 0.007291666666666667 0.0125
1 0.5532552083333333 0.5724537037037037 0.01015625 0.011574074074074073
1 0.6104166666666667 0.5518518518518518 0.0036458333333333334 0.009259259259259259
5 0.9471354166666667 0.4648148148148148 0.016666666666666666 0.03796296296296296