1 0.617578125 0.30462962962962964 0.01171875 0.01574074074074074
1 0.621484375 0.33958333333333335 0.01171875 0.02361111111111111
1 0.5227864583333334 0.39675925925925926 0.01015625 0.013888888888888888
1 0.487109375 0.40671296296296294 0.008072916666666667 0.016203703703703703
1 0.8453125 0.6902777777777778 0.0203125 0.020370370370370372
1 0.9677083333333333 0.6824074074074075 0.016666666666666666 0.025
2 0.07669270833333333 0.6335648148148149 0.11588541666666667 0.09398148148148149
5 0.5408854166666667 0.11180555555555556 0.016145833333333335 0.04027777777777778
1 0.6526041666666667 0.32731481481481484 0.007291666666666667 0.012962962962962963
1 0.8774739583333333 0.5956018518518519 0.01171875 0.015277777777777777
1 0.8571614583333333 0.6597222222222222 0.010677083333333334 0.014814814814814815