1 0.43359375 0.30069444444444443 0.0109375 0.01712962962962963
1 0.4432291666666667 0.33958333333333335 0.020833333333333332 0.02824074074074074
1 0.36328125 0.3608796296296296 0.027604166666666666 0.02546296296296296
1 0.3260416666666667 0.3576388888888889 0.007291666666666667 0.018055555555555554
1 0.5834635416666667 0.6854166666666667 0.01796875 0.016203703703703703
1 0.7119791666666667 0.680324074074074 0.011979166666666667 0.020833333333333332
5 0.40182291666666664 0.10972222222222222 0.015625 0.041666666666666664
1 0.47734375 0.33217592592592593 0.0078125 0.0125
1 0.6424479166666667 0.5900462962962963 0.008333333333333333 0.0125
1 0.6014322916666667 0.6513888888888889 0.00859375 0.012962962962962963
3 0.30520833333333336 0.8405092592592592 0.041666666666666664 0.10231481481481482