1 0.4278645833333333 0.29907407407407405 0.008333333333333333 0.012037037037037037
1 0.43216145833333336 0.3560185185185185 0.023697916666666666 0.01574074074074074
1 0.37057291666666664 0.3539351851851852 0.020833333333333332 0.01898148148148148
1 0.3333333333333333 0.35185185185185186 0.008854166666666666 0.020370370370370372
1 0.59453125 0.6793981481481481 0.019270833333333334 0.018055555555555554
1 0.7139322916666667 0.6712962962962963 0.013802083333333333 0.018518518518518517
5 0.40286458333333336 0.10787037037037037 0.015625 0.040740740740740744
1 0.47799479166666664 0.33310185185185187 0.009114583333333334 0.011574074074074073
1 0.6520833333333333 0.5879629629629629 0.008333333333333333 0.013888888888888888
1 0.6106770833333334 0.6476851851851851 0.009895833333333333 0.014814814814814815
3 0.2845052083333333 0.7831018518518519 0.054427083333333334 0.08009259259259259