1 0.4239583333333333 0.30185185185185187 0.00625 0.012037037037037037
1 0.4239583333333333 0.3525462962962963 0.0234375 0.01712962962962963
1 0.37213541666666666 0.34814814814814815 0.009895833333333333 0.016666666666666666
1 0.3372395833333333 0.34282407407407406 0.013541666666666667 0.020833333333333332
1 0.5924479166666666 0.6831018518518519 0.01875 0.01712962962962963
1 0.7200520833333334 0.6796296296296296 0.016145833333333335 0.019444444444444445
5 0.40325520833333334 0.10694444444444444 0.015885416666666666 0.040740740740740744
1 0.476953125 0.33402777777777776 0.00859375 0.011574074074074073
1 0.6526041666666667 0.5958333333333333 0.008333333333333333 0.014814814814814815
1 0.608984375 0.6541666666666667 0.009635416666666667 0.013888888888888888
3 0.27200520833333336 0.7597222222222222 0.05286458333333333 0.07592592592592592
2 0.03216145833333333 0.4849537037037037 0.06067708333333333 0.13194444444444445