1 0.42486979166666666 0.3074074074074074 0.005989583333333334 0.012962962962962963
1 0.41106770833333334 0.36944444444444446 0.020052083333333335 0.01574074074074074
1 0.37578125 0.34629629629629627 0.00625 0.01574074074074074
1 0.3522135416666667 0.33402777777777776 0.012239583333333333 0.016203703703703703
1 0.5888020833333333 0.6868055555555556 0.016145833333333335 0.020833333333333332
1 0.7154947916666666 0.6844907407407408 0.01640625 0.01712962962962963
5 0.3990885416666667 0.10439814814814814 0.015885416666666666 0.0412037037037037
1 0.48203125 0.33541666666666664 0.008854166666666666 0.011574074074074073
1 0.6484375 0.5918981481481481 0.0078125 0.015277777777777777
1 0.6076822916666667 0.6564814814814814 0.009635416666666667 0.013888888888888888
3 0.225 0.6939814814814815 0.05 0.06759259259259259
2 0.059895833333333336 0.4300925925925926 0.0609375 0.12407407407407407