1 0.41940104166666664 0.3039351851851852 0.005989583333333334 0.013425925925925926
1 0.40130208333333334 0.3662037037037037 0.020833333333333332 0.016666666666666666
1 0.3723958333333333 0.3402777777777778 0.008333333333333333 0.012037037037037037
1 0.35703125 0.3261574074074074 0.011979166666666667 0.015277777777777777
1 0.58984375 0.6847222222222222 0.016666666666666666 0.022222222222222223
1 0.7139322916666667 0.680324074074074 0.01640625 0.020833333333333332
5 0.40078125 0.10694444444444444 0.016145833333333335 0.040740740740740744
1 0.47630208333333335 0.3372685185185185 0.008854166666666666 0.011574074074074073
1 0.6498697916666667 0.5905092592592592 0.007552083333333333 0.016203703703703703
1 0.6100260416666666 0.6527777777777778 0.01015625 0.014814814814814815
3 0.20911458333333333 0.6798611111111111 0.043229166666666666 0.06620370370370371
2 0.07213541666666666 0.4097222222222222 0.057291666666666664 0.125