1 0.41953125 0.3071759259259259 0.007291666666666667 0.015277777777777777
1 0.39817708333333335 0.3659722222222222 0.01875 0.015277777777777777
1 0.370703125 0.34375 0.009114583333333334 0.011574074074074073
1 0.359765625 0.32523148148148145 0.010677083333333334 0.013425925925925926
1 0.5881510416666667 0.6842592592592592 0.013802083333333333 0.018518518518518517
1 0.7157552083333333 0.6777777777777778 0.018489583333333334 0.022222222222222223
5 0.4015625 0.11157407407407408 0.016145833333333335 0.03981481481481482
1 0.4747395833333333 0.337037037037037 0.008333333333333333 0.011111111111111112
1 0.648828125 0.5946759259259259 0.007552083333333333 0.016203703703703703
1 0.6096354166666667 0.65625 0.010416666666666666 0.015277777777777777
3 0.20638020833333334 0.6731481481481482 0.03567708333333333 0.07962962962962963
2 0.07513020833333334 0.4039351851851852 0.055989583333333336 0.11990740740740741