1 0.41822916666666665 0.30694444444444446 0.0078125 0.012962962962962963
1 0.3958333333333333 0.3715277777777778 0.022395833333333334 0.01712962962962963
1 0.372265625 0.3449074074074074 0.011197916666666667 0.012037037037037037
1 0.36380208333333336 0.3247685185185185 0.010416666666666666 0.013425925925925926
1 0.585546875 0.6884259259259259 0.015364583333333333 0.019444444444444445
1 0.716015625 0.6858796296296297 0.01796875 0.020833333333333332
5 0.401953125 0.10972222222222222 0.015885416666666666 0.03981481481481482
1 0.4734375 0.3372685185185185 0.0078125 0.010648148148148148
1 0.6475260416666667 0.5965277777777778 0.007552083333333333 0.016203703703703703
1 0.6080729166666666 0.6613425925925925 0.009895833333333333 0.014351851851851852
3 0.20026041666666666 0.6587962962962963 0.030208333333333334 0.08518518518518518
2 0.07981770833333333 0.38958333333333334 0.054427083333333334 0.11712962962962963