1 0.4212239583333333 0.3113425925925926 0.011197916666666667 0.015277777777777777
1 0.3944010416666667 0.37754629629629627 0.023177083333333334 0.018055555555555554
1 0.37057291666666664 0.3525462962962963 0.014583333333333334 0.01712962962962963
1 0.36666666666666664 0.3266203703703704 0.0109375 0.013425925925925926
1 0.5819010416666667 0.6886574074074074 0.01953125 0.01990740740740741
1 0.7149739583333333 0.6895833333333333 0.018489583333333334 0.01990740740740741
5 0.40130208333333334 0.1050925925925926 0.016145833333333335 0.041666666666666664
1 0.47708333333333336 0.33773148148148147 0.0078125 0.010648148148148148
1 0.6459635416666667 0.5997685185185185 0.009114583333333334 0.014351851851851852
1 0.6065104166666667 0.6625 0.0109375 0.014814814814814815
3 0.19205729166666666 0.6298611111111111 0.025260416666666667 0.08287037037037037
2 0.0890625 0.36666666666666664 0.053125 0.11851851851851852