1 0.4161458333333333 0.30995370370370373 0.009895833333333333 0.018055555555555554
1 0.373828125 0.38842592592592595 0.022135416666666668 0.014814814814814815
1 0.3690104166666667 0.3537037037037037 0.015625 0.013888888888888888
1 0.370703125 0.31875 0.010677083333333334 0.013425925925925926
1 0.5798177083333333 0.6951388888888889 0.01796875 0.01898148148148148
1 0.7102864583333334 0.6949074074074074 0.017447916666666667 0.023148148148148147
5 0.39947916666666666 0.10532407407407407 0.016145833333333335 0.04027777777777778
1 0.47565104166666666 0.34814814814814815 0.00859375 0.012037037037037037
1 0.6509114583333333 0.6074074074074074 0.01015625 0.014814814814814815
1 0.6041666666666666 0.6722222222222223 0.019791666666666666 0.026851851851851852
3 0.18294270833333334 0.5689814814814815 0.019010416666666665 0.07777777777777778
2 0.11015625 0.3337962962962963 0.04895833333333333 0.10092592592592593