1 0.44088541666666664 0.31180555555555556 0.00625 0.0125
1 0.379296875 0.3886574074074074 0.02421875 0.015277777777777777
1 0.3860677083333333 0.35185185185185186 0.015364583333333333 0.012962962962962963
1 0.40143229166666666 0.31828703703703703 0.009114583333333334 0.010648148148148148
1 0.59296875 0.7046296296296296 0.016666666666666666 0.017592592592592594
1 0.7322916666666667 0.718287037037037 0.016666666666666666 0.01712962962962963
5 0.42356770833333335 0.10740740740740741 0.015885416666666666 0.03888888888888889
1 0.5018229166666667 0.35162037037037036 0.008333333333333333 0.010648148148148148
1 0.6705729166666666 0.6233796296296297 0.009375 0.016203703703703703
1 0.609375 0.680787037037037 0.025 0.024537037037037038
3 0.21471354166666667 0.48356481481481484 0.025260416666666667 0.06620370370370371
2 0.145703125 0.2747685185185185 0.055989583333333336 0.0875