1 0.554296875 0.37453703703703706 0.020052083333333335 0.018518518518518517
1 0.744140625 0.7659722222222223 0.022135416666666668 0.020833333333333332
1 0.8958333333333334 0.8425925925925926 0.019270833333333334 0.018518518518518517
5 0.6342447916666667 0.10324074074074074 0.01640625 0.03981481481481482
1 0.7638020833333333 0.7425925925925926 0.025 0.02962962962962963
3 0.3951822916666667 0.3875 0.019010416666666665 0.05740740740740741
2 0.3703125 0.1909722222222222 0.04895833333333333 0.08009259259259259
1 0.841015625 0.7178240740740741 0.010677083333333334 0.01898148148148148
1 0.5901041666666667 0.31875 0.008854166666666666 0.0125
1 0.6283854166666667 0.32685185185185184 0.005208333333333333 0.012037037037037037
1 0.5708333333333333 0.34837962962962965 0.0109375 0.013425925925925926
1 0.6877604166666667 0.3886574074074074 0.009895833333333333 0.013425925925925926