1 0.5505208333333333 0.3738425925925926 0.0234375 0.01898148148148148
1 0.74296875 0.7662037037037037 0.021875 0.020370370370370372
1 0.898046875 0.8462962962962963 0.01953125 0.019444444444444445
5 0.6348958333333333 0.10277777777777777 0.016666666666666666 0.03981481481481482
1 0.7627604166666667 0.7418981481481481 0.022395833333333334 0.031018518518518518
3 0.3990885416666667 0.37222222222222223 0.01796875 0.05925925925925926
2 0.37838541666666664 0.17916666666666667 0.04791666666666667 0.08888888888888889
1 0.592578125 0.3178240740740741 0.008072916666666667 0.010648148148148148
1 0.62890625 0.3247685185185185 0.005729166666666666 0.011574074074074073
1 0.5700520833333333 0.35162037037037036 0.0125 0.0125
1 0.6884114583333333 0.387037037037037 0.009635416666666667 0.013888888888888888
1 0.8419270833333333 0.7231481481481481 0.010416666666666666 0.020370370370370372