1 0.5944010416666666 0.3766203703703704 0.018489583333333334 0.015277777777777777
1 0.7856770833333333 0.7935185185185185 0.01875 0.022222222222222223
1 0.946484375 0.893287037037037 0.018489583333333334 0.02824074074074074
5 0.6928385416666667 0.11157407407407408 0.016927083333333332 0.03888888888888889
1 0.805859375 0.7675925925925926 0.02265625 0.028703703703703703
3 0.44973958333333336 0.35 0.017708333333333333 0.05555555555555555
2 0.4376302083333333 0.16087962962962962 0.047135416666666666 0.0875
1 0.6407552083333333 0.3194444444444444 0.007552083333333333 0.012037037037037037
1 0.616796875 0.3541666666666667 0.01484375 0.013888888888888888
1 0.73515625 0.4013888888888889 0.008854166666666666 0.011111111111111112
1 0.8899739583333334 0.7608796296296296 0.011197916666666667 0.020833333333333332
1 0.6748697916666667 0.33425925925925926 0.009114583333333334 0.012962962962962963