1 0.5944010416666666 0.37245370370370373 0.020572916666666666 0.013425925925925926
1 0.7858072916666666 0.7965277777777777 0.02109375 0.024537037037037038
1 0.948046875 0.8946759259259259 0.01953125 0.027314814814814816
5 0.6947916666666667 0.1099537037037037 0.0171875 0.04027777777777778
1 0.8040364583333334 0.7689814814814815 0.020572916666666666 0.025925925925925925
3 0.451171875 0.34282407407407406 0.01640625 0.055092592592592596
2 0.43984375 0.1571759259259259 0.04791666666666667 0.08101851851851852
1 0.64140625 0.3175925925925926 0.0078125 0.011111111111111112
1 0.61875 0.350462962962963 0.014583333333333334 0.012962962962962963
1 0.73359375 0.4023148148148148 0.009895833333333333 0.012962962962962963
1 0.893359375 0.7599537037037037 0.011197916666666667 0.01990740740740741
1 0.674609375 0.3333333333333333 0.009635416666666667 0.013888888888888888