1 0.5861979166666667 0.36875 0.021354166666666667 0.016203703703703703
1 0.7768229166666667 0.7877314814814815 0.0203125 0.018055555555555554
1 0.951171875 0.913425925925926 0.03359375 0.03148148148148148
5 0.6997395833333333 0.10532407407407407 0.0171875 0.04027777777777778
1 0.793359375 0.756712962962963 0.011197916666666667 0.027314814814814816
3 0.45611979166666666 0.3023148148148148 0.02734375 0.05
2 0.46145833333333336 0.13912037037037037 0.041666666666666664 0.08287037037037037
1 0.6494791666666667 0.32708333333333334 0.0078125 0.01712962962962963
1 0.6213541666666667 0.35347222222222224 0.014583333333333334 0.0125
1 0.7338541666666667 0.4023148148148148 0.010416666666666666 0.014814814814814815
1 0.8916666666666667 0.7743055555555556 0.014583333333333334 0.018055555555555554
1 0.68046875 0.33402777777777776 0.005729166666666666 0.013425925925925926