1 0.5842447916666667 0.37199074074074073 0.021614583333333333 0.015277777777777777
1 0.7774739583333333 0.7932870370370371 0.02734375 0.01898148148148148
1 0.946875 0.9101851851851852 0.029166666666666667 0.03518518518518519
5 0.7028645833333333 0.10162037037037037 0.0171875 0.04027777777777778
1 0.794140625 0.7601851851851852 0.012760416666666666 0.025925925925925925
3 0.46263020833333335 0.29398148148148145 0.028385416666666666 0.049074074074074076
2 0.46653645833333335 0.1284722222222222 0.03984375 0.08009259259259259
1 0.6552083333333333 0.32916666666666666 0.007291666666666667 0.01574074074074074
1 0.6265625 0.35810185185185184 0.014583333333333334 0.013425925925925926
1 0.734765625 0.4041666666666667 0.010677083333333334 0.014814814814814815
1 0.8936197916666667 0.7756944444444445 0.013802083333333333 0.018055555555555554
1 0.6841145833333333 0.33449074074074076 0.005729166666666666 0.0125