1 0.5819010416666667 0.3729166666666667 0.02109375 0.015277777777777777
1 0.7787760416666667 0.7847222222222222 0.02734375 0.021296296296296296
1 0.9631510416666667 0.9118055555555555 0.02578125 0.043055555555555555
5 0.7045572916666667 0.1125 0.017447916666666667 0.03981481481481482
1 0.8028645833333333 0.7601851851851852 0.0109375 0.017592592592592594
3 0.479296875 0.26134259259259257 0.03515625 0.04861111111111111
2 0.4805989583333333 0.11342592592592593 0.03567708333333333 0.08055555555555556
1 0.6600260416666667 0.33240740740740743 0.005989583333333334 0.012962962962962963
1 0.6317708333333333 0.35833333333333334 0.011979166666666667 0.013888888888888888
1 0.7359375 0.40949074074074077 0.0109375 0.014351851851851852
1 0.9075520833333334 0.7782407407407408 0.013020833333333334 0.017592592592592594
1 0.68515625 0.337037037037037 0.00625 0.012962962962962963