1 0.5686197916666667 0.30462962962962964 0.020052083333333335 0.012962962962962963
1 0.754296875 0.655787037037037 0.02109375 0.020833333333333332
1 0.9286458333333333 0.781712962962963 0.021354166666666667 0.03194444444444444
5 0.6975260416666667 0.06574074074074074 0.01640625 0.03888888888888889
1 0.7803385416666667 0.6493055555555556 0.009114583333333334 0.016203703703703703
3 0.5076822916666667 0.17314814814814813 0.03463541666666667 0.03981481481481482
2 0.49635416666666665 0.04861111111111111 0.033854166666666664 0.06944444444444445
1 0.65234375 0.2747685185185185 0.007291666666666667 0.011574074074074073
1 0.6229166666666667 0.29421296296296295 0.009375 0.018055555555555554
1 0.7162760416666667 0.34050925925925923 0.008072916666666667 0.016203703703703703
1 0.8776041666666666 0.6641203703703704 0.011458333333333333 0.016203703703703703
1 0.6736979166666667 0.27569444444444446 0.00625 0.0125