1 0.5634114583333333 0.27152777777777776 0.017447916666666667 0.0125
1 0.7432291666666667 0.5960648148148148 0.022916666666666665 0.018055555555555554
1 0.9069010416666666 0.7092592592592593 0.01953125 0.030555555555555555
5 0.69375 0.04351851851851852 0.016145833333333335 0.03888888888888889
1 0.766796875 0.5918981481481481 0.00859375 0.015277777777777777
3 0.51328125 0.1451388888888889 0.033854166666666664 0.0375
2 0.49895833333333334 0.03217592592592593 0.03333333333333333 0.06435185185185185
1 0.6466145833333333 0.24444444444444444 0.0067708333333333336 0.012037037037037037
1 0.6165364583333334 0.2585648148148148 0.005989583333333334 0.014351851851851852
1 0.708203125 0.30439814814814814 0.008072916666666667 0.015277777777777777
1 0.860546875 0.6043981481481482 0.009635416666666667 0.01898148148148148
1 0.668359375 0.24583333333333332 0.0049479166666666664 0.012037037037037037