1 0.5569010416666667 0.2462962962962963 0.048177083333333336 0.03611111111111111
5 0.6459635416666667 0.3085648148148148 0.012239583333333333 0.03009259259259259
3 0.5255208333333333 0.3962962962962963 0.0328125 0.023148148148148147
1 0.6209635416666667 0.4615740740740741 0.005989583333333334 0.011111111111111112
1 0.6421875 0.5111111111111111 0.007291666666666667 0.012962962962962963
1 0.5234375 0.47847222222222224 0.014583333333333334 0.016203703703703703
1 0.5993489583333333 0.4652777777777778 0.006510416666666667 0.012037037037037037
1 0.5747395833333333 0.46458333333333335 0.007291666666666667 0.013425925925925926
1 0.7834635416666667 0.6981481481481482 0.014322916666666666 0.02962962962962963
1 0.6755208333333333 0.6928240740740741 0.0125 0.01712962962962963
1 0.7015625 0.7043981481481482 0.008333333333333333 0.01712962962962963
1 0.8303385416666667 0.7842592592592592 0.027864583333333335 0.03796296296296296