2 0.621484375 0.13287037037037036 0.03046875 0.028703703703703703
1 0.40546875 0.2833333333333333 0.005208333333333333 0.009259259259259259
1 0.333203125 0.4212962962962963 0.010677083333333334 0.012037037037037037
1 0.501171875 0.23032407407407407 0.0049479166666666664 0.009722222222222222
1 0.3079427083333333 0.35509259259259257 0.01484375 0.008333333333333333
1 0.408984375 0.25069444444444444 0.00859375 0.009722222222222222
1 0.43919270833333335 0.22060185185185185 0.00546875 0.0060185185185185185
1 0.296484375 0.34699074074074077 0.00546875 0.010648148148148148
1 0.345703125 0.3106481481481482 0.0049479166666666664 0.008333333333333333
5 0.16705729166666666 0.4479166666666667 0.019010416666666665 0.04490740740740741
2 0.471484375 0.10069444444444445 0.025260416666666667 0.0125
3 0.6231770833333333 0.060648148148148145 0.008333333333333333 0.007407407407407408
4 0.44427083333333334 0.21898148148148147 0.005729166666666666 0.004629629629629629