2 0.621484375 0.13171296296296298 0.03046875 0.02824074074074074
1 0.4044270833333333 0.28425925925925927 0.005208333333333333 0.009259259259259259
1 0.33098958333333334 0.42407407407407405 0.0078125 0.010185185185185186
1 0.305078125 0.35625 0.019010416666666665 0.013425925925925926
1 0.410546875 0.24976851851851853 0.009635416666666667 0.009722222222222222
1 0.49947916666666664 0.23055555555555557 0.005729166666666666 0.010185185185185186
1 0.43802083333333336 0.22152777777777777 0.005729166666666666 0.006944444444444444
1 0.294140625 0.3490740740740741 0.007552083333333333 0.010185185185185186
1 0.3444010416666667 0.31180555555555556 0.00390625 0.00787037037037037
5 0.1640625 0.44884259259259257 0.019270833333333334 0.04398148148148148
2 0.4703125 0.09907407407407408 0.025 0.012962962962962963
3 0.6223958333333334 0.05925925925925926 0.0078125 0.007407407407407408
4 0.443359375 0.21944444444444444 0.00546875 0.004629629629629629
4 0.3391927083333333 0.3148148148148148 0.006510416666666667 0.006481481481481481