2 0.627734375 0.15347222222222223 0.03359375 0.03194444444444444
1 0.38723958333333336 0.32731481481481484 0.005208333333333333 0.009259259259259259
1 0.3014322916666667 0.5 0.00859375 0.012037037037037037
1 0.49270833333333336 0.26828703703703705 0.0109375 0.0125
1 0.27786458333333336 0.4212962962962963 0.016666666666666666 0.011111111111111112
1 0.26458333333333334 0.4074074074074074 0.014583333333333334 0.014814814814814815
1 0.394921875 0.28935185185185186 0.008072916666666667 0.012037037037037037
1 0.4251302083333333 0.25462962962962965 0.005989583333333334 0.007407407407407408
1 0.31953125 0.36944444444444446 0.005729166666666666 0.007407407407407408
5 0.10716145833333333 0.5342592592592592 0.021614583333333333 0.05
2 0.460546875 0.11550925925925926 0.026302083333333334 0.013425925925925926
3 0.6243489583333334 0.07430555555555556 0.00859375 0.006944444444444444
4 0.43125 0.2511574074074074 0.00625 0.005092592592592593
4 0.315234375 0.37199074074074073 0.00546875 0.0060185185185185185