2 0.6391927083333333 0.18125 0.03723958333333333 0.03564814814814815
1 0.22552083333333334 0.6921296296296297 0.015104166666666667 0.014814814814814815
1 0.3514322916666667 0.43333333333333335 0.00703125 0.012037037037037037
1 0.20885416666666667 0.5645833333333333 0.019270833333333334 0.013425925925925926
1 0.19505208333333332 0.544675925925926 0.0171875 0.014351851851851852
1 0.480859375 0.3418981481481482 0.00859375 0.013425925925925926
1 0.3651041666666667 0.3731481481481482 0.008854166666666666 0.011111111111111112
1 0.3983072916666667 0.3210648148148148 0.00859375 0.008796296296296297
1 0.2584635416666667 0.4914351851851852 0.009635416666666667 0.009722222222222222
2 0.4434895833333333 0.13425925925925927 0.030208333333333334 0.01574074074074074
3 0.6325520833333333 0.08217592592592593 0.011458333333333333 0.009722222222222222
4 0.40598958333333335 0.31712962962962965 0.0067708333333333336 0.005555555555555556
4 0.2513020833333333 0.49444444444444446 0.008333333333333333 0.008333333333333333