2 0.6450520833333333 0.1622685185185185 0.04010416666666667 0.038425925925925926
1 0.18515625 0.774074074074074 0.015625 0.017592592592592594
1 0.33424479166666665 0.4511574074074074 0.008072916666666667 0.016203703703703703
1 0.47265625 0.34652777777777777 0.0109375 0.015277777777777777
1 0.17174479166666667 0.6129629629629629 0.018489583333333334 0.014814814814814815
1 0.155078125 0.5912037037037037 0.020572916666666666 0.017592592592592594
1 0.3475260416666667 0.3819444444444444 0.009635416666666667 0.013888888888888888
1 0.38190104166666666 0.32430555555555557 0.01171875 0.013425925925925926
1 0.22734375 0.5296296296296297 0.007291666666666667 0.009259259259259259
2 0.43190104166666665 0.10625 0.03203125 0.018055555555555554
3 0.6338541666666667 0.05023148148148148 0.013020833333333334 0.010648148148148148
4 0.39153645833333334 0.3175925925925926 0.007552083333333333 0.006481481481481481
4 0.22122395833333333 0.5342592592592592 0.009114583333333334 0.009259259259259259