2 0.6912760416666667 0.1076388888888889 0.04244791666666667 0.0412037037037037
1 0.24661458333333333 0.805324074074074 0.026041666666666668 0.03009259259259259
1 0.22005208333333334 0.6173611111111111 0.022395833333333334 0.01990740740740741
1 0.20638020833333334 0.59375 0.012760416666666666 0.01712962962962963
1 0.5204427083333333 0.32060185185185186 0.009114583333333334 0.013425925925925926
1 0.39010416666666664 0.3627314814814815 0.009375 0.011574074074074073
1 0.41822916666666665 0.2953703703703704 0.010416666666666666 0.012037037037037037
1 0.26901041666666664 0.5263888888888889 0.00625 0.012037037037037037
2 0.444140625 0.056712962962962965 0.029427083333333333 0.02175925925925926
1 0.37643229166666664 0.4412037037037037 0.011197916666666667 0.012962962962962963
4 0.426953125 0.2916666666666667 0.008072916666666667 0.006481481481481481