2 0.718359375 0.10972222222222222 0.04192708333333333 0.03981481481481482
1 0.2674479166666667 0.7895833333333333 0.026041666666666668 0.03009259259259259
1 0.24440104166666668 0.6037037037037037 0.01953125 0.01574074074074074
1 0.230859375 0.5787037037037037 0.01171875 0.01574074074074074
1 0.5404947916666667 0.3173611111111111 0.008072916666666667 0.014351851851851852
1 0.4147135416666667 0.3587962962962963 0.009114583333333334 0.011111111111111112
1 0.4427083333333333 0.29212962962962963 0.010416666666666666 0.012037037037037037
1 0.291796875 0.5155092592592593 0.005989583333333334 0.0125
2 0.470703125 0.05787037037037037 0.028385416666666666 0.021296296296296296
1 0.39817708333333335 0.43703703703703706 0.010416666666666666 0.012962962962962963
4 0.451171875 0.28958333333333336 0.008072916666666667 0.006944444444444444