2 0.9602864583333334 0.1574074074074074 0.055989583333333336 0.046296296296296294
1 0.35859375 0.6518518518518519 0.026041666666666668 0.025
1 0.700390625 0.3314814814814815 0.00859375 0.013888888888888888
1 0.378515625 0.49930555555555556 0.015885416666666666 0.015277777777777777
1 0.5701822916666667 0.32685185185185184 0.014322916666666666 0.01574074074074074
1 0.612109375 0.2773148148148148 0.01171875 0.010185185185185186
1 0.36953125 0.475 0.009375 0.021296296296296296
1 0.429296875 0.43842592592592594 0.005989583333333334 0.012037037037037037
2 0.6901041666666666 0.05787037037037037 0.028125 0.021296296296296296
5 0.12747395833333333 0.6335648148148149 0.023177083333333334 0.059722222222222225
1 0.5458333333333333 0.39143518518518516 0.016145833333333335 0.01712962962962963
3 0.9498697916666666 0.03726851851851852 0.023177083333333334 0.016203703703703703
4 0.62109375 0.27708333333333335 0.0078125 0.006944444444444444
4 0.42434895833333336 0.4372685185185185 0.007552083333333333 0.008796296296296297