2 0.92578125 0.14791666666666667 0.057291666666666664 0.04675925925925926
1 0.3111979166666667 0.6354166666666666 0.026041666666666668 0.027314814814814816
1 0.328125 0.46087962962962964 0.008333333333333333 0.020833333333333332
1 0.3365885416666667 0.48356481481481484 0.015364583333333333 0.015277777777777777
1 0.5325520833333334 0.3175925925925926 0.009375 0.012037037037037037
1 0.5747395833333333 0.26828703703703705 0.011979166666666667 0.010648148148148148
1 0.3885416666666667 0.4238425925925926 0.005729166666666666 0.011574074074074073
2 0.6623697916666667 0.050694444444444445 0.027864583333333335 0.020833333333333332
5 0.08489583333333334 0.6136574074074074 0.0234375 0.060648148148148145
1 0.5059895833333333 0.37939814814814815 0.016666666666666666 0.015277777777777777
3 0.920703125 0.030324074074074073 0.023697916666666666 0.015277777777777777
4 0.5838541666666667 0.26828703703703705 0.0078125 0.006944444444444444
4 0.38385416666666666 0.4252314814814815 0.0067708333333333336 0.008796296296296297