2 0.8975260416666667 0.14722222222222223 0.05651041666666667 0.046296296296296294
1 0.6235677083333333 0.325 0.009114583333333334 0.011111111111111112
1 0.26861979166666666 0.6363425925925926 0.023177083333333334 0.024537037037037038
1 0.2975260416666667 0.48125 0.015364583333333333 0.015277777777777777
1 0.49830729166666665 0.3189814814814815 0.00859375 0.012962962962962963
1 0.5427083333333333 0.2689814814814815 0.013541666666666667 0.012037037037037037
1 0.29322916666666665 0.45902777777777776 0.009375 0.015277777777777777
1 0.35104166666666664 0.4238425925925926 0.005729166666666666 0.011574074074074073
2 0.6372395833333333 0.04976851851851852 0.027083333333333334 0.02175925925925926
5 0.04140625 0.6090277777777777 0.0234375 0.06157407407407407
1 0.46966145833333334 0.3789351851851852 0.017447916666666667 0.014351851851851852
3 0.8954427083333333 0.029861111111111113 0.023697916666666666 0.015277777777777777
4 0.551953125 0.2701388888888889 0.007552083333333333 0.006944444444444444
4 0.34609375 0.42314814814814816 0.007291666666666667 0.009259259259259259