1 0.288671875 0.618287037037037 0.020052083333333335 0.022685185185185187
1 0.5260416666666666 0.40162037037037035 0.01875 0.016203703703703703
1 0.34140625 0.4703703703703704 0.011979166666666667 0.016666666666666666
1 0.3421875 0.444212962962963 0.0109375 0.015277777777777777
1 0.6953125 0.3627314814814815 0.011458333333333333 0.015277777777777777
1 0.567578125 0.34444444444444444 0.008072916666666667 0.013888888888888888
1 0.6220052083333333 0.29375 0.012239583333333333 0.011574074074074073
1 0.4 0.4203703703703704 0.007291666666666667 0.010185185185185186
2 0.7510416666666667 0.07152777777777777 0.029166666666666667 0.02175925925925926
5 0.08697916666666666 0.5418981481481482 0.021875 0.05694444444444444
4 0.6296875 0.29421296296296295 0.0078125 0.00787037037037037
4 0.39453125 0.42476851851851855 0.0078125 0.008796296296296297