1 0.24817708333333333 0.6856481481481481 0.017708333333333333 0.022222222222222223
1 0.5080729166666667 0.45 0.01875 0.018518518518518517
1 0.3104166666666667 0.5229166666666667 0.009375 0.01990740740740741
1 0.3109375 0.49375 0.0125 0.01712962962962963
1 0.6795572916666667 0.4048611111111111 0.012760416666666666 0.013425925925925926
1 0.549609375 0.38333333333333336 0.012239583333333333 0.016666666666666666
1 0.60703125 0.3266203703703704 0.013020833333333334 0.010648148148148148
1 0.3703125 0.46921296296296294 0.009895833333333333 0.008796296296296297
2 0.7450520833333333 0.09166666666666666 0.030208333333333334 0.022222222222222223
5 0.03606770833333333 0.6046296296296296 0.023697916666666666 0.06018518518518518
4 0.616015625 0.32731481481481484 0.00859375 0.008333333333333333
4 0.37005208333333334 0.475 0.008333333333333333 0.009259259259259259