1 0.494921875 0.3414351851851852 0.011197916666666667 0.02361111111111111
1 0.6498697916666667 0.3037037037037037 0.01796875 0.017592592592592594
1 0.29153645833333336 0.42824074074074076 0.016927083333333332 0.022222222222222223
1 0.290625 0.3976851851851852 0.0125 0.022222222222222223
1 0.533984375 0.2590277777777778 0.010677083333333334 0.016203703703703703
1 0.5859375 0.2011574074074074 0.013020833333333334 0.011574074074074073
1 0.3328125 0.3851851851851852 0.0078125 0.010185185185185186
1 0.23177083333333334 0.6027777777777777 0.016145833333333335 0.027777777777777776
4 0.5958333333333333 0.20185185185185187 0.009375 0.008333333333333333
5 0.0078125 0.5354166666666667 0.015625 0.04398148148148148
4 0.34010416666666665 0.3886574074074074 0.008854166666666666 0.010648148148148148