1 0.499609375 0.35208333333333336 0.01328125 0.018055555555555554
1 0.6509114583333333 0.3138888888888889 0.01796875 0.017592592592592594
1 0.29375 0.4412037037037037 0.0140625 0.022222222222222223
1 0.2921875 0.4115740740740741 0.0125 0.022222222222222223
1 0.5322916666666667 0.27152777777777776 0.0140625 0.016203703703703703
1 0.5846354166666666 0.21203703703703702 0.016666666666666666 0.012037037037037037
1 0.3338541666666667 0.39560185185185187 0.00625 0.010648148148148148
1 0.23255208333333333 0.6171296296296296 0.022916666666666665 0.032407407407407406
4 0.59609375 0.2136574074074074 0.008854166666666666 0.00787037037037037
5 0.009765625 0.5400462962962963 0.01953125 0.059722222222222225
4 0.33684895833333334 0.4023148148148148 0.00859375 0.010185185185185186