1 0.4981770833333333 0.3594907407407407 0.008333333333333333 0.01712962962962963
1 0.650390625 0.3194444444444444 0.01796875 0.017592592592592594
1 0.29739583333333336 0.44675925925925924 0.013020833333333334 0.022222222222222223
1 0.2928385416666667 0.4199074074074074 0.01171875 0.021296296296296296
1 0.5364583333333334 0.28032407407407406 0.0140625 0.016203703703703703
1 0.587890625 0.21712962962962962 0.011197916666666667 0.012037037037037037
1 0.33671875 0.4 0.007291666666666667 0.008333333333333333
1 0.23697916666666666 0.6212962962962963 0.019270833333333334 0.028703703703703703
4 0.5963541666666666 0.21921296296296297 0.009375 0.008796296296296297
5 0.010807291666666666 0.5458333333333333 0.021614583333333333 0.05925925925925926
4 0.33541666666666664 0.40671296296296294 0.008333333333333333 0.010648148148148148