1 0.3341145833333333 0.705324074074074 0.021354166666666667 0.02638888888888889
1 0.521484375 0.493287037037037 0.012239583333333333 0.024537037037037038
1 0.642578125 0.43703703703703706 0.008072916666666667 0.020370370370370372
1 0.30885416666666665 0.5175925925925926 0.011458333333333333 0.023148148148148147
1 0.3697916666666667 0.5701388888888889 0.011458333333333333 0.015277777777777777
1 0.566015625 0.36944444444444446 0.010677083333333334 0.01574074074074074
1 0.5640625 0.30995370370370373 0.013541666666666667 0.0125
1 0.37890625 0.5331018518518519 0.007291666666666667 0.010648148148148148
5 0.11653645833333333 0.7043981481481482 0.02109375 0.04398148148148148
4 0.5739583333333333 0.31203703703703706 0.008854166666666666 0.011111111111111112
4 0.351953125 0.5539351851851851 0.007552083333333333 0.013425925925925926