1 0.64140625 0.30439814814814814 0.008854166666666666 0.01712962962962963
1 0.33424479166666665 0.58125 0.015364583333333333 0.01898148148148148
1 0.37005208333333334 0.4513888888888889 0.013020833333333334 0.017592592592592594
1 0.300390625 0.39375 0.012760416666666666 0.013425925925925926
1 0.5688802083333333 0.24421296296296297 0.01015625 0.016203703703703703
1 0.5643229166666667 0.1798611111111111 0.016666666666666666 0.014351851851851852
1 0.3756510416666667 0.40879629629629627 0.01171875 0.012962962962962963
5 0.12252604166666667 0.5775462962962963 0.020572916666666666 0.04212962962962963
1 0.5259114583333333 0.37175925925925923 0.009114583333333334 0.030555555555555555
4 0.574609375 0.1824074074074074 0.008072916666666667 0.012962962962962963
2 0.9880208333333333 0.3050925925925926 0.023958333333333335 0.05925925925925926
4 0.3497395833333333 0.43287037037037035 0.010416666666666666 0.01574074074074074