2 0.9498697916666666 0.44328703703703703 0.06953125 0.08842592592592592
1 0.639453125 0.38263888888888886 0.010677083333333334 0.018055555555555554
1 0.3260416666666667 0.6613425925925925 0.013020833333333334 0.01712962962962963
1 0.36966145833333336 0.5321759259259259 0.011197916666666667 0.020833333333333332
1 0.2923177083333333 0.4756944444444444 0.011197916666666667 0.01990740740740741
1 0.5611979166666666 0.3178240740740741 0.010416666666666666 0.01990740740740741
1 0.551953125 0.2518518518518518 0.01640625 0.012037037037037037
1 0.365625 0.48217592592592595 0.011979166666666667 0.016203703703703703
5 0.10325520833333333 0.6726851851851852 0.021614583333333333 0.041666666666666664
1 0.5178385416666667 0.44560185185185186 0.00859375 0.020833333333333332
4 0.5627604166666667 0.25416666666666665 0.008854166666666666 0.012962962962962963
4 0.3458333333333333 0.5141203703703704 0.010416666666666666 0.016203703703703703