2 0.91484375 0.49930555555555556 0.06927083333333334 0.09583333333333334
1 0.6444010416666667 0.37939814814814815 0.010677083333333334 0.018055555555555554
1 0.32981770833333335 0.6423611111111112 0.01328125 0.018055555555555554
1 0.37786458333333334 0.5252314814814815 0.008854166666666666 0.01712962962962963
1 0.29270833333333335 0.45578703703703705 0.0125 0.01898148148148148
1 0.5696614583333334 0.3111111111111111 0.01171875 0.014814814814814815
1 0.5576822916666667 0.24583333333333332 0.015885416666666666 0.012962962962962963
1 0.36380208333333336 0.4736111111111111 0.011979166666666667 0.01574074074074074
5 0.11067708333333333 0.6537037037037037 0.021875 0.041666666666666664
1 0.524609375 0.4449074074074074 0.01015625 0.028703703703703703
4 0.3477864583333333 0.5009259259259259 0.010677083333333334 0.016666666666666666