1 0.9020833333333333 0.850462962962963 0.013541666666666667 0.025925925925925925
1 0.6528645833333333 0.5074074074074074 0.008854166666666666 0.012962962962962963
1 0.6458333333333334 0.3298611111111111 0.0109375 0.015277777777777777
1 0.8850260416666667 0.6766203703703704 0.012239583333333333 0.02175925925925926
1 0.9072916666666667 0.6013888888888889 0.0109375 0.020370370370370372
1 0.6559895833333333 0.45439814814814816 0.013541666666666667 0.018055555555555554
5 0.47421875 0.2178240740740741 0.017708333333333333 0.03287037037037037
1 0.776953125 0.687962962962963 0.01015625 0.016666666666666666
1 0.5653645833333333 0.48009259259259257 0.007291666666666667 0.014814814814814815
4 0.9141927083333333 0.6155092592592593 0.008072916666666667 0.01712962962962963
4 0.6442708333333333 0.4363425925925926 0.00625 0.011574074074074073