2 0.4401041666666667 0.6898148148148148 0.0578125 0.1388888888888889
1 0.69296875 0.5275462962962963 0.011458333333333333 0.015277777777777777
1 0.796875 0.449537037037037 0.0078125 0.014814814814814815
1 0.7029947916666667 0.8701388888888889 0.00859375 0.014351851851851852
1 0.765625 0.8446759259259259 0.007291666666666667 0.018055555555555554
1 0.7264322916666667 0.4861111111111111 0.00859375 0.01574074074074074
1 0.6235677083333333 0.9347222222222222 0.01328125 0.014814814814814815
5 0.77265625 0.19745370370370371 0.016145833333333335 0.031018518518518518
1 0.6765625 0.40324074074074073 0.008854166666666666 0.011111111111111112
4 0.76015625 0.8583333333333333 0.009895833333333333 0.013888888888888888
1 0.6438802083333334 0.7331018518518518 0.01328125 0.02361111111111111
4 0.73671875 0.48541666666666666 0.005729166666666666 0.010648148148148148