2 0.42486979166666666 0.643287037037037 0.05859375 0.13287037037037036
1 0.6197916666666666 0.6969907407407407 0.008854166666666666 0.018055555555555554
1 0.6717447916666667 0.49745370370370373 0.009114583333333334 0.01898148148148148
1 0.7763020833333333 0.42916666666666664 0.008854166666666666 0.018518518518518517
1 0.6740885416666667 0.8361111111111111 0.008072916666666667 0.017592592592592594
1 0.7384114583333333 0.8118055555555556 0.00703125 0.018055555555555554
1 0.7044270833333334 0.45902777777777776 0.007291666666666667 0.016203703703703703
1 0.5990885416666667 0.8972222222222223 0.01015625 0.016666666666666666
5 0.7596354166666667 0.18032407407407408 0.016145833333333335 0.03009259259259259
1 0.6580729166666667 0.3800925925925926 0.008333333333333333 0.012962962962962963
4 0.7329427083333333 0.8243055555555555 0.01015625 0.013425925925925926
4 0.71640625 0.4618055555555556 0.005729166666666666 0.011574074074074073