2 0.41627604166666665 0.643287037037037 0.05859375 0.12916666666666668
1 0.6059895833333333 0.7122685185185185 0.008854166666666666 0.018055555555555554
1 0.6576822916666667 0.5097222222222222 0.01640625 0.018518518518518517
1 0.7635416666666667 0.44560185185185186 0.008333333333333333 0.016203703703703703
1 0.6610677083333333 0.8490740740740741 0.009114583333333334 0.014814814814814815
1 0.7208333333333333 0.8240740740740741 0.008854166666666666 0.020370370370370372
1 0.6899739583333333 0.4703703703703704 0.008072916666666667 0.017592592592592594
1 0.45546875 0.6886574074074074 0.010416666666666666 0.020833333333333332
1 0.5848958333333333 0.9076388888888889 0.009375 0.015277777777777777
5 0.75 0.19675925925925927 0.015625 0.03148148148148148
1 0.64609375 0.3875 0.007291666666666667 0.012037037037037037
4 0.7140625 0.8321759259259259 0.009375 0.013425925925925926
4 0.70234375 0.47662037037037036 0.00625 0.010648148148148148