2 0.36236979166666666 0.4465277777777778 0.05703125 0.12546296296296297
1 0.537890625 0.5259259259259259 0.01015625 0.020370370370370372
1 0.591015625 0.21203703703703702 0.01015625 0.01574074074074074
1 0.5130208333333334 0.7025462962962963 0.010416666666666666 0.01898148148148148
1 0.5971354166666667 0.3247685185185185 0.0140625 0.014351851851851852
1 0.7002604166666667 0.26944444444444443 0.007291666666666667 0.014814814814814815
1 0.5893229166666667 0.6458333333333334 0.007291666666666667 0.012037037037037037
1 0.6498697916666667 0.618287037037037 0.007552083333333333 0.01898148148148148
1 0.6322916666666667 0.287962962962963 0.010416666666666666 0.023148148148148147
1 0.43997395833333336 0.5418981481481482 0.02109375 0.016203703703703703
5 0.6970052083333333 0.01597222222222222 0.015885416666666666 0.02824074074074074
4 0.6428385416666667 0.30277777777777776 0.00546875 0.011111111111111112
4 0.6415364583333333 0.6236111111111111 0.009635416666666667 0.011111111111111112