2 0.35703125 0.44930555555555557 0.05625 0.12268518518518519
1 0.5282552083333333 0.5351851851851852 0.01015625 0.016666666666666666
1 0.5811197916666667 0.22361111111111112 0.012760416666666666 0.01574074074074074
1 0.50390625 0.7071759259259259 0.010416666666666666 0.01898148148148148
1 0.5877604166666667 0.33287037037037037 0.009375 0.017592592592592594
1 0.6891927083333333 0.2826388888888889 0.007552083333333333 0.016203703703703703
1 0.5796875 0.6511574074074075 0.008333333333333333 0.0125
1 0.637109375 0.6226851851851852 0.009114583333333334 0.014814814814814815
1 0.6221354166666667 0.29560185185185184 0.009375 0.018055555555555554
1 0.4348958333333333 0.5513888888888889 0.019270833333333334 0.012037037037037037
5 0.6873697916666667 0.027083333333333334 0.015885416666666666 0.03194444444444444
4 0.632421875 0.31342592592592594 0.0049479166666666664 0.011111111111111112
4 0.63046875 0.6282407407407408 0.009375 0.010185185185185186