2 0.35989583333333336 0.45810185185185187 0.0546875 0.12268518518518519
1 0.526953125 0.5474537037037037 0.01015625 0.015277777777777777
1 0.5798177083333333 0.24027777777777778 0.012760416666666666 0.01574074074074074
1 0.5033854166666667 0.7168981481481481 0.010416666666666666 0.01898148148148148
1 0.587109375 0.3458333333333333 0.01484375 0.016666666666666666
1 0.6860677083333333 0.29930555555555555 0.008072916666666667 0.016203703703703703
1 0.5764322916666667 0.6615740740740741 0.012760416666666666 0.012037037037037037
1 0.633984375 0.631712962962963 0.009635416666666667 0.01712962962962963
1 0.6196614583333333 0.30810185185185185 0.007552083333333333 0.016203703703703703
1 0.4412760416666667 0.562037037037037 0.015885416666666666 0.012962962962962963
5 0.6848958333333334 0.04421296296296296 0.015625 0.03009259259259259
4 0.630078125 0.32731481481481484 0.0049479166666666664 0.010185185185185186
4 0.626953125 0.638425925925926 0.009114583333333334 0.009259259259259259