2 0.40065104166666665 0.4962962962962963 0.04088541666666667 0.10648148148148148
1 0.568359375 0.3402777777777778 0.009635416666666667 0.021296296296296296
1 0.52578125 0.6069444444444444 0.009375 0.020370370370370372
1 0.5069010416666667 0.7314814814814815 0.00859375 0.016666666666666666
1 0.6540364583333333 0.39166666666666666 0.007552083333333333 0.01574074074074074
1 0.570703125 0.42476851851851855 0.007552083333333333 0.011574074074074073
1 0.5634114583333333 0.7048611111111112 0.008072916666666667 0.010648148148148148
1 0.616796875 0.662962962962963 0.006510416666666667 0.012037037037037037
1 0.604296875 0.4009259259259259 0.010677083333333334 0.011111111111111112
1 0.48333333333333334 0.6113425925925926 0.013020833333333334 0.01898148148148148
5 0.6598958333333333 0.16967592592592592 0.013020833333333334 0.022685185185185187
4 0.6098958333333333 0.41597222222222224 0.004166666666666667 0.008796296296296297
4 0.6096354166666667 0.66875 0.0078125 0.009722222222222222