2 0.40481770833333336 0.5127314814814815 0.040364583333333336 0.10046296296296296
1 0.5661458333333333 0.355787037037037 0.0109375 0.015277777777777777
1 0.52578125 0.6208333333333333 0.008333333333333333 0.020370370370370372
1 0.509765625 0.7335648148148148 0.01015625 0.01990740740740741
1 0.6493489583333333 0.40879629629629627 0.007552083333333333 0.01574074074074074
1 0.5674479166666667 0.44560185185185186 0.00625 0.009722222222222222
1 0.5615885416666667 0.7106481481481481 0.010677083333333334 0.017592592592592594
1 0.6153645833333333 0.6712962962962963 0.008333333333333333 0.014814814814814815
1 0.6022135416666666 0.4222222222222222 0.008072916666666667 0.014814814814814815
1 0.491015625 0.6238425925925926 0.014322916666666666 0.022685185185185187
5 0.6557291666666667 0.19375 0.013020833333333334 0.022685185185185187
4 0.6063802083333333 0.4363425925925926 0.0033854166666666668 0.008796296296296297
4 0.6079427083333333 0.6773148148148148 0.00703125 0.010185185185185186