2 0.3997395833333333 0.5087962962962963 0.04010416666666667 0.1
1 0.5123697916666666 0.6210648148148148 0.009114583333333334 0.020833333333333332
1 0.549609375 0.37199074074074073 0.01015625 0.013425925925925926
1 0.49440104166666665 0.7363425925925926 0.01015625 0.01990740740740741
1 0.6356770833333333 0.41875 0.008333333333333333 0.01898148148148148
1 0.5559895833333334 0.45949074074074076 0.00625 0.010648148148148148
1 0.5497395833333333 0.7175925925925926 0.007291666666666667 0.014814814814814815
1 0.6080729166666666 0.6601851851851852 0.008854166666666666 0.024074074074074074
1 0.5811197916666667 0.4476851851851852 0.012760416666666666 0.016666666666666666
1 0.4850260416666667 0.6168981481481481 0.00859375 0.018055555555555554
5 0.645703125 0.20069444444444445 0.012760416666666666 0.02175925925925926
4 0.5954427083333333 0.45393518518518516 0.004427083333333333 0.00787037037037037
4 0.6015625 0.6694444444444444 0.0078125 0.010185185185185186