2 0.398828125 0.5120370370370371 0.039322916666666666 0.09722222222222222
1 0.5032552083333334 0.6275462962962963 0.009114583333333334 0.020833333333333332
1 0.5423177083333334 0.38078703703703703 0.01015625 0.013425925925925926
1 0.48919270833333334 0.7310185185185185 0.011197916666666667 0.018518518518518517
1 0.6178385416666666 0.43287037037037035 0.008072916666666667 0.019444444444444445
1 0.5442708333333334 0.4738425925925926 0.005729166666666666 0.011574074074074073
1 0.5403645833333334 0.7229166666666667 0.009895833333333333 0.014351851851851852
1 0.5966145833333333 0.662962962962963 0.008854166666666666 0.014814814814814815
1 0.555859375 0.4791666666666667 0.016927083333333332 0.022222222222222223
1 0.4864583333333333 0.60625 0.010416666666666666 0.018055555555555554
5 0.6322916666666667 0.2136574074074074 0.013020833333333334 0.022685185185185187
4 0.5817708333333333 0.4722222222222222 0.0036458333333333334 0.008333333333333333
4 0.590625 0.6699074074074074 0.007291666666666667 0.008333333333333333