2 0.39921875 0.5101851851851852 0.03958333333333333 0.09722222222222222
1 0.501953125 0.6266203703703703 0.009114583333333334 0.020833333333333332
1 0.5412760416666667 0.38078703703703703 0.01015625 0.013425925925925926
1 0.48854166666666665 0.7277777777777777 0.0125 0.019444444444444445
1 0.6173177083333333 0.4337962962962963 0.008072916666666667 0.019444444444444445
1 0.543359375 0.4740740740740741 0.0049479166666666664 0.010185185185185186
1 0.5399739583333333 0.7226851851851852 0.01015625 0.014814814814814815
1 0.5985677083333333 0.6606481481481481 0.006510416666666667 0.012962962962962963
1 0.55390625 0.4810185185185185 0.0140625 0.016666666666666666
1 0.4856770833333333 0.6025462962962963 0.0078125 0.01990740740740741
5 0.6325520833333333 0.21342592592592594 0.013020833333333334 0.022222222222222223
4 0.5815104166666667 0.47314814814814815 0.0036458333333333334 0.008333333333333333
4 0.5921875 0.6671296296296296 0.007291666666666667 0.008333333333333333