2 0.39947916666666666 0.5087962962962963 0.03958333333333333 0.0962962962962963
1 0.5006510416666666 0.6261574074074074 0.009114583333333334 0.020833333333333332
1 0.5412760416666667 0.38078703703703703 0.01015625 0.013425925925925926
1 0.48723958333333334 0.7277777777777777 0.0125 0.019444444444444445
1 0.6165364583333334 0.43148148148148147 0.008072916666666667 0.019444444444444445
1 0.54375 0.47337962962962965 0.005729166666666666 0.0125
1 0.5390625 0.7224537037037037 0.009895833333333333 0.014351851851851852
1 0.5998697916666667 0.65625 0.007552083333333333 0.013425925925925926
1 0.5516927083333333 0.4842592592592593 0.015885416666666666 0.018518518518518517
1 0.4845052083333333 0.6020833333333333 0.00703125 0.013425925925925926
5 0.6321614583333334 0.21342592592592594 0.012760416666666666 0.021296296296296296
4 0.581640625 0.4736111111111111 0.00390625 0.008333333333333333
4 0.5938802083333333 0.6641203703703704 0.00703125 0.008796296296296297