2 0.40065104166666665 0.569212962962963 0.04192708333333333 0.09675925925925925
1 0.49049479166666665 0.6988425925925926 0.009635416666666667 0.020833333333333332
1 0.5368489583333333 0.4391203703703704 0.01015625 0.013425925925925926
1 0.48020833333333335 0.7949074074074074 0.0125 0.019444444444444445
1 0.608984375 0.4951388888888889 0.00859375 0.018055555555555554
1 0.5403645833333334 0.5439814814814815 0.007291666666666667 0.012962962962962963
1 0.531640625 0.8025462962962963 0.009635416666666667 0.0125
1 0.5946614583333333 0.7206018518518519 0.008072916666666667 0.013425925925925926
1 0.5209635416666667 0.5715277777777777 0.014322916666666666 0.015277777777777777
1 0.48919270833333334 0.6543981481481481 0.00859375 0.01712962962962963
5 0.6303385416666667 0.27037037037037037 0.012760416666666666 0.022222222222222223
4 0.57734375 0.5451388888888888 0.0046875 0.00787037037037037
4 0.5885416666666666 0.7280092592592593 0.0078125 0.009722222222222222