2 0.5451822916666667 0.4039351851851852 0.061197916666666664 0.0412037037037037
1 0.6686197916666666 0.531712962962963 0.011197916666666667 0.015277777777777777
1 0.46822916666666664 0.5958333333333333 0.011458333333333333 0.020370370370370372
1 0.6807291666666667 0.6682870370370371 0.008854166666666666 0.018055555555555554
1 0.6177083333333333 0.5902777777777778 0.008333333333333333 0.012037037037037037
1 0.48528645833333334 0.6863425925925926 0.009635416666666667 0.015277777777777777
1 0.5671875 0.7560185185185185 0.008854166666666666 0.009259259259259259
1 0.565625 0.5254629629629629 0.011979166666666667 0.024074074074074074
1 0.5532552083333333 0.5726851851851852 0.009114583333333334 0.012037037037037037
1 0.5140625 0.5659722222222222 0.009895833333333333 0.02175925925925926
5 0.8204427083333333 0.5944444444444444 0.014322916666666666 0.023148148148148147
4 0.6325520833333333 0.6493055555555556 0.005208333333333333 0.00787037037037037
4 0.5602864583333333 0.7483796296296297 0.007552083333333333 0.010648148148148148