2 0.5927083333333333 0.3972222222222222 0.0625 0.05185185185185185
1 0.69453125 0.562962962962963 0.008854166666666666 0.022222222222222223
1 0.49049479166666665 0.5520833333333334 0.01015625 0.022685185185185187
1 0.6888020833333334 0.700925925925926 0.010416666666666666 0.018518518518518517
1 0.635546875 0.5990740740740741 0.00859375 0.012962962962962963
1 0.4962239583333333 0.6414351851851852 0.00859375 0.014351851851851852
1 0.56875 0.7421296296296296 0.011458333333333333 0.010185185185185186
1 0.5924479166666666 0.5085648148148149 0.011458333333333333 0.020833333333333332
1 0.5807291666666666 0.5606481481481481 0.009895833333333333 0.020370370370370372
1 0.5423177083333334 0.5372685185185185 0.010677083333333334 0.02175925925925926
5 0.8438802083333333 0.6912037037037037 0.01484375 0.025
4 0.642578125 0.6618055555555555 0.00546875 0.008796296296296297
4 0.5611979166666666 0.7310185185185185 0.005729166666666666 0.012962962962962963