2 0.7841145833333333 0.5650462962962963 0.034375 0.09675925925925925
1 0.780078125 0.8069444444444445 0.011197916666666667 0.017592592592592594
2 0.298046875 0.42824074074074076 0.04348958333333333 0.037037037037037035
1 0.7140625 0.8680555555555556 0.010416666666666666 0.018518518518518517
1 0.646484375 0.5108796296296296 0.00859375 0.014351851851851852
1 0.7188802083333333 0.7456018518518519 0.009114583333333334 0.011574074074074073
1 0.6080729166666666 0.5763888888888888 0.0125 0.017592592592592594
1 0.6130208333333333 0.7358796296296296 0.0067708333333333336 0.01898148148148148
1 0.7079427083333333 0.655787037037037 0.009635416666666667 0.016203703703703703
1 0.7395833333333334 0.5949074074074074 0.011458333333333333 0.02962962962962963
1 0.68984375 0.569212962962963 0.014583333333333334 0.01898148148148148
4 0.693359375 0.7840277777777778 0.0049479166666666664 0.009722222222222222
4 0.6118489583333333 0.7212962962962963 0.005989583333333334 0.012962962962962963