2 0.8057291666666667 0.6118055555555556 0.030729166666666665 0.10138888888888889
1 0.7813802083333333 0.8541666666666666 0.011197916666666667 0.017592592592592594
2 0.33424479166666665 0.3680555555555556 0.04348958333333333 0.037037037037037035
1 0.7102864583333334 0.8981481481481481 0.007552083333333333 0.022222222222222223
1 0.6729166666666667 0.5233796296296296 0.008333333333333333 0.015277777777777777
1 0.7251302083333333 0.7752314814814815 0.009114583333333334 0.011574074074074073
1 0.628515625 0.5824074074074074 0.00859375 0.013888888888888888
1 0.6205729166666667 0.742824074074074 0.008333333333333333 0.01898148148148148
1 0.7600260416666667 0.6261574074074074 0.010677083333333334 0.02638888888888889
1 0.72109375 0.6817129629629629 0.011458333333333333 0.01898148148148148
1 0.7111979166666667 0.594212962962963 0.014583333333333334 0.01990740740740741
4 0.6967447916666667 0.8076388888888889 0.00546875 0.009722222222222222
4 0.620703125 0.7291666666666666 0.006510416666666667 0.012962962962962963