2 0.823828125 0.6622685185185185 0.026302083333333334 0.10694444444444444
1 0.7817708333333333 0.8962962962962963 0.015625 0.01574074074074074
2 0.37330729166666665 0.31689814814814815 0.040364583333333336 0.04583333333333333
1 0.697265625 0.5456018518518518 0.009114583333333334 0.015277777777777777
1 0.7302083333333333 0.80625 0.008333333333333333 0.011574074074074073
1 0.7045572916666667 0.9229166666666667 0.00703125 0.01898148148148148
1 0.6483072916666667 0.5960648148148148 0.009635416666666667 0.015277777777777777
1 0.6265625 0.7534722222222222 0.007291666666666667 0.02361111111111111
1 0.7791666666666667 0.6594907407407408 0.015104166666666667 0.02546296296296296
1 0.7360677083333333 0.7113425925925926 0.01171875 0.011574074074074073
1 0.7309895833333333 0.624537037037037 0.014583333333333334 0.016666666666666666
4 0.6983072916666667 0.8321759259259259 0.005989583333333334 0.009722222222222222
4 0.628515625 0.7377314814814815 0.00703125 0.0125