2 0.846484375 0.7636574074074074 0.029947916666666668 0.10694444444444444
1 0.771875 0.9694444444444444 0.015625 0.01574074074074074
2 0.450390625 0.24930555555555556 0.040364583333333336 0.04583333333333333
1 0.7337239583333334 0.8611111111111112 0.00859375 0.012037037037037037
1 0.6903645833333333 0.9659722222222222 0.009375 0.024537037037037038
1 0.67890625 0.6212962962962963 0.013020833333333334 0.011111111111111112
1 0.63515625 0.7671296296296296 0.0067708333333333336 0.021296296296296296
1 0.7520833333333333 0.7766203703703703 0.0125 0.011574074074074073
1 0.805859375 0.731712962962963 0.015885416666666666 0.022685185185185187
1 0.758984375 0.6814814814814815 0.01484375 0.021296296296296296
4 0.6973958333333333 0.8719907407407408 0.00625 0.009722222222222222
4 0.6389322916666667 0.7539351851851852 0.007552083333333333 0.011574074074074073
1 0.735546875 0.5949074074074074 0.012760416666666666 0.014814814814814815