2 0.8118489583333334 0.7657407407407407 0.03411458333333333 0.10740740740740741
1 0.7322916666666667 0.9574074074074074 0.015104166666666667 0.017592592592592594
2 0.45364583333333336 0.21597222222222223 0.03697916666666667 0.05138888888888889
1 0.6549479166666666 0.5997685185185185 0.0125 0.01712962962962963
1 0.69765625 0.8472222222222222 0.008854166666666666 0.012962962962962963
1 0.6514322916666667 0.9421296296296297 0.007552083333333333 0.028703703703703703
1 0.6045572916666667 0.7409722222222223 0.008072916666666667 0.015277777777777777
1 0.7197916666666667 0.7738425925925926 0.0078125 0.013425925925925926
1 0.7821614583333333 0.7243055555555555 0.013802083333333333 0.01712962962962963
1 0.7333333333333333 0.6766203703703704 0.015625 0.020833333333333332
4 0.6627604166666666 0.8495370370370371 0.0067708333333333336 0.009259259259259259
4 0.6087239583333334 0.73125 0.007552083333333333 0.011574074074074073