2 0.7966145833333333 0.7550925925925925 0.034895833333333334 0.1037037037037037
1 0.7166666666666667 0.9425925925925925 0.015104166666666667 0.017592592592592594
2 0.44583333333333336 0.20625 0.03697916666666667 0.05138888888888889
1 0.6412760416666666 0.586574074074074 0.011197916666666667 0.01574074074074074
1 0.682421875 0.8347222222222223 0.008072916666666667 0.013888888888888888
1 0.6384114583333333 0.9252314814814815 0.006510416666666667 0.02361111111111111
1 0.5915364583333333 0.7287037037037037 0.00703125 0.023148148148148147
1 0.7059895833333333 0.7631944444444444 0.0125 0.013425925925925926
1 0.773046875 0.7087962962962963 0.012760416666666666 0.013888888888888888
1 0.7217447916666667 0.6618055555555555 0.014322916666666666 0.018055555555555554
1 0.69921875 0.5666666666666667 0.007291666666666667 0.011111111111111112
4 0.646875 0.8326388888888889 0.005729166666666666 0.008796296296296297
4 0.5955729166666667 0.7148148148148148 0.007291666666666667 0.011111111111111112