2 0.762109375 0.6824074074074075 0.03828125 0.09444444444444444
1 0.6942708333333333 0.8451388888888889 0.0125 0.020833333333333332
2 0.441796875 0.15578703703703703 0.03463541666666667 0.05324074074074074
1 0.6548177083333333 0.7458333333333333 0.009635416666666667 0.013888888888888888
1 0.6188802083333333 0.8296296296296296 0.009114583333333334 0.021296296296296296
1 0.62265625 0.5280092592592592 0.008854166666666666 0.010648148148148148
1 0.5701822916666667 0.6652777777777777 0.006510416666666667 0.024074074074074074
1 0.6813802083333333 0.5041666666666667 0.011197916666666667 0.012037037037037037
1 0.70703125 0.59375 0.0125 0.016203703703703703
4 0.6247395833333333 0.7402777777777778 0.005208333333333333 0.008333333333333333
4 0.573046875 0.6502314814814815 0.006510416666666667 0.008796296296296297
1 0.6873697916666667 0.7083333333333334 0.009635416666666667 0.011111111111111112