2 0.7611979166666667 0.6849537037037037 0.03802083333333333 0.09398148148148149
1 0.69453125 0.8483796296296297 0.0125 0.020833333333333332
2 0.44231770833333334 0.15763888888888888 0.03463541666666667 0.05324074074074074
1 0.6544270833333333 0.7490740740740741 0.011458333333333333 0.016666666666666666
1 0.6186197916666667 0.8317129629629629 0.008072916666666667 0.022685185185185187
1 0.62109375 0.5280092592592592 0.011458333333333333 0.011574074074074073
1 0.56953125 0.6652777777777777 0.005729166666666666 0.020370370370370372
1 0.681640625 0.5055555555555555 0.00859375 0.011111111111111112
1 0.7075520833333333 0.5939814814814814 0.0125 0.016666666666666666
4 0.6251302083333333 0.7421296296296296 0.00546875 0.008333333333333333
4 0.5727864583333333 0.6518518518518519 0.006510416666666667 0.009259259259259259
1 0.6872395833333333 0.7125 0.0078125 0.010185185185185186