2 0.7584635416666666 0.6861111111111111 0.038802083333333334 0.09444444444444444
1 0.6924479166666667 0.850925925925926 0.0125 0.012962962962962963
2 0.444140625 0.15949074074074074 0.03463541666666667 0.05324074074074074
1 0.6536458333333334 0.7530092592592592 0.011458333333333333 0.011574074074074073
1 0.6171875 0.8372685185185185 0.008333333333333333 0.014351851851851852
1 0.6177083333333333 0.5293981481481481 0.0109375 0.010648148148148148
1 0.569140625 0.6673611111111111 0.007552083333333333 0.022685185185185187
1 0.6798177083333333 0.5076388888888889 0.00703125 0.011574074074074073
1 0.7079427083333333 0.5944444444444444 0.01328125 0.018518518518518517
4 0.5703125 0.6530092592592592 0.007291666666666667 0.010648148148148148
1 0.686328125 0.7210648148148148 0.010677083333333334 0.013425925925925926