2 0.721484375 0.6243055555555556 0.03984375 0.09305555555555556
1 0.6592447916666667 0.7840277777777778 0.012239583333333333 0.014351851851851852
2 0.4212239583333333 0.1175925925925926 0.03463541666666667 0.05277777777777778
1 0.6166666666666667 0.6868055555555556 0.0125 0.014351851851851852
1 0.581640625 0.7706018518518518 0.01015625 0.01898148148148148
1 0.5888020833333333 0.48171296296296295 0.010416666666666666 0.014351851851851852
1 0.5373697916666667 0.6122685185185185 0.00703125 0.01712962962962963
1 0.6490885416666666 0.45578703703703705 0.006510416666666667 0.0125
1 0.680078125 0.5386574074074074 0.01171875 0.01712962962962963
4 0.5389322916666667 0.6 0.005989583333333334 0.012037037037037037
1 0.653515625 0.6682870370370371 0.01171875 0.009722222222222222