2 0.8882113821138211 0.016613076098606645 0.026829268292682926 0.03322615219721329
2 0.7817073170731708 0.13344051446945338 0.026829268292682926 0.04394426580921758
2 0.5646341463414634 0.2315112540192926 0.036585365853658534 0.021436227224008574
1 0.6117886178861789 0.00964630225080386 0.015447154471544716 0.012861736334405145
1 0.6613821138211382 0.14683815648445875 0.012195121951219513 0.012861736334405145
1 0.7073170731707317 0.07234726688102894 0.008130081300813009 0.011789924973204717
1 0.6239837398373984 0.1677384780278671 0.01056910569105691 0.013933547695605574
1 0.6109756097560975 0.09539121114683816 0.012195121951219513 0.012861736334405145
1 0.5813008130081301 0.05894962486602358 0.008130081300813009 0.010718113612004287
1 0.5292682926829269 0.06645230439442658 0.013008130081300813 0.01929260450160772
1 0.4304878048780488 0.0053590568060021436 0.012195121951219513 0.010718113612004287
1 0.3967479674796748 0.022508038585209004 0.008130081300813009 0.02572347266881029