5 0.45143229166666665 0.19907407407407407 0.01015625 0.026851851851851852
3 0.5399739583333333 0.48032407407407407 0.03567708333333333 0.024537037037037038
1 0.39010416666666664 0.732175925925926 0.011979166666666667 0.016203703703703703
2 0.32643229166666665 0.8034722222222223 0.07526041666666666 0.09305555555555556
1 0.4845052083333333 0.48819444444444443 0.01484375 0.0125
2 0.877734375 0.5835648148148148 0.07890625 0.07453703703703704
1 0.37942708333333336 0.64375 0.0140625 0.015277777777777777
1 0.47825520833333335 0.5256944444444445 0.007552083333333333 0.0125
4 0.48671875 0.5273148148148148 0.009895833333333333 0.010185185185185186
1 0.703125 0.6111111111111112 0.008333333333333333 0.016666666666666666
1 0.5826822916666666 0.6458333333333334 0.01484375 0.01574074074074074