5 0.446484375 0.18888888888888888 0.010677083333333334 0.026851851851851852
1 0.38307291666666665 0.7074074074074074 0.017708333333333333 0.016666666666666666
2 0.314453125 0.7893518518518519 0.07786458333333333 0.09074074074074075
1 0.48203125 0.48032407407407407 0.009375 0.009722222222222222
2 0.8766927083333333 0.5564814814814815 0.08307291666666666 0.075
1 0.36484375 0.6310185185185185 0.0078125 0.012962962962962963
1 0.4752604166666667 0.5164351851851852 0.022916666666666665 0.013425925925925926
4 0.48971354166666664 0.51875 0.009635416666666667 0.010648148148148148
1 0.6893229166666667 0.6006944444444444 0.011458333333333333 0.015277777777777777
1 0.5579427083333334 0.6393518518518518 0.011197916666666667 0.017592592592592594
3 0.5498697916666667 0.47638888888888886 0.03203125 0.028703703703703703