5 0.446484375 0.18796296296296297 0.010677083333333334 0.026851851851851852
1 0.38359375 0.7081018518518518 0.018229166666666668 0.01712962962962963
1 0.4828125 0.48125 0.008854166666666666 0.009722222222222222
2 0.31640625 0.7898148148148149 0.07864583333333333 0.09259259259259259
2 0.8795572916666666 0.5569444444444445 0.08307291666666666 0.075
1 0.3671875 0.6284722222222222 0.011458333333333333 0.014351851851851852
1 0.47799479166666664 0.5175925925925926 0.024739583333333332 0.01574074074074074
4 0.49244791666666665 0.5210648148148148 0.009375 0.011574074074074073
1 0.6880208333333333 0.6032407407407407 0.011458333333333333 0.016666666666666666
1 0.554296875 0.6407407407407407 0.010677083333333334 0.012962962962962963
3 0.553125 0.4789351851851852 0.03229166666666667 0.029166666666666667