2 0.4427083333333333 0.36736111111111114 0.0421875 0.04953703703703704
3 0.4610677083333333 0.5233796296296296 0.020572916666666666 0.05324074074074074
1 0.4766927083333333 0.4583333333333333 0.009635416666666667 0.011111111111111112
4 0.6079427083333333 0.669675925925926 0.011197916666666667 0.013425925925925926
1 0.6248697916666667 0.5780092592592593 0.014322916666666666 0.02175925925925926
4 0.619140625 0.5888888888888889 0.009635416666666667 0.010185185185185186
1 0.5055989583333333 0.44328703703703703 0.00859375 0.014351851851851852
1 0.4923177083333333 0.45625 0.00703125 0.014351851851851852
1 0.6149739583333333 0.6423611111111112 0.009114583333333334 0.01712962962962963
2 0.48489583333333336 0.9773148148148149 0.0515625 0.04537037037037037
4 0.6063802083333333 0.6409722222222223 0.008072916666666667 0.010648148148148148