2 0.44479166666666664 0.3678240740740741 0.042708333333333334 0.050462962962962966
3 0.4609375 0.5222222222222223 0.019270833333333334 0.053703703703703705
1 0.4764322916666667 0.45810185185185187 0.01015625 0.0125
4 0.6079427083333333 0.6701388888888888 0.011197916666666667 0.013425925925925926
1 0.624609375 0.5793981481481482 0.014322916666666666 0.022685185185185187
4 0.6182291666666667 0.5909722222222222 0.009895833333333333 0.010648148148148148
1 0.5045572916666666 0.4393518518518518 0.012239583333333333 0.014814814814814815
1 0.4903645833333333 0.45555555555555555 0.007291666666666667 0.013888888888888888
1 0.6127604166666667 0.6493055555555556 0.011979166666666667 0.01898148148148148
2 0.48359375 0.9796296296296296 0.05 0.040740740740740744
4 0.6052083333333333 0.6425925925925926 0.0078125 0.010185185185185186