2 0.44700520833333335 0.3675925925925926 0.04296875 0.05092592592592592
3 0.4602864583333333 0.5206018518518518 0.019010416666666665 0.05324074074074074
1 0.47682291666666665 0.45439814814814816 0.009375 0.011574074074074073
4 0.6078125 0.6712962962962963 0.0109375 0.012962962962962963
1 0.6234375 0.5791666666666667 0.015104166666666667 0.025925925925925925
4 0.6177083333333333 0.5928240740740741 0.009895833333333333 0.010648148148148148
1 0.5040364583333333 0.4361111111111111 0.008072916666666667 0.013888888888888888
1 0.490625 0.45555555555555555 0.00625 0.014814814814814815
1 0.61484375 0.649537037037037 0.011458333333333333 0.018518518518518517
2 0.4825520833333333 0.982175925925926 0.05 0.03564814814814815
4 0.6048177083333334 0.6442129629629629 0.008072916666666667 0.010648148148148148