2 0.5907552083333333 0.8523148148148149 0.03203125 0.05462962962962963
2 0.7252604166666666 0.6349537037037037 0.04791666666666667 0.0412037037037037
1 0.665234375 0.7240740740740741 0.012239583333333333 0.012962962962962963
1 0.665234375 0.7240740740740741 0.012239583333333333 0.012962962962962963
1 0.7578125 0.825925925925926 0.007291666666666667 0.012037037037037037
1 0.5020833333333333 0.9131944444444444 0.008333333333333333 0.0125
1 0.48020833333333335 0.9224537037037037 0.0109375 0.0125
1 0.47122395833333336 0.9011574074074075 0.00546875 0.009722222222222222
1 0.6583333333333333 0.9497685185185185 0.00625 0.011574074074074073
1 0.7614583333333333 0.8597222222222223 0.007291666666666667 0.012962962962962963
5 0.237109375 0.9719907407407408 0.018489583333333334 0.056018518518518516
1 0.7662760416666666 0.8479166666666667 0.0049479166666666664 0.008796296296296297
4 0.699609375 0.7467592592592592 0.00703125 0.009259259259259259
1 0.7221354166666667 0.7912037037037037 0.0046875 0.008333333333333333
1 0.694921875 0.7497685185185186 0.00390625 0.00787037037037037
4 0.6967447916666667 0.736574074074074 0.005989583333333334 0.006481481481481481