2 0.5998697916666667 0.88125 0.03307291666666667 0.0587962962962963
2 0.7381510416666667 0.6525462962962963 0.05078125 0.0412037037037037
1 0.6776041666666667 0.7490740740740741 0.013020833333333334 0.013888888888888888
1 0.6776041666666667 0.7490740740740741 0.013020833333333334 0.013888888888888888
1 0.776171875 0.856712962962963 0.007552083333333333 0.0125
1 0.509375 0.9525462962962963 0.0078125 0.009722222222222222
1 0.4845052083333333 0.9650462962962963 0.009635416666666667 0.011574074074074073
1 0.47317708333333336 0.9391203703703703 0.00625 0.011574074074074073
1 0.6734375 0.9930555555555556 0.009895833333333333 0.012962962962962963
1 0.780859375 0.8935185185185185 0.007552083333333333 0.012962962962962963
1 0.784765625 0.881712962962963 0.00546875 0.010648148148148148
4 0.7140625 0.7717592592592593 0.0078125 0.009259259259259259
1 0.737109375 0.8194444444444444 0.0049479166666666664 0.009259259259259259
1 0.7087239583333333 0.7747685185185185 0.004427083333333333 0.008796296296296297
4 0.7106770833333333 0.7604166666666666 0.00625 0.006944444444444444