2 0.6044270833333333 0.8842592592592593 0.03333333333333333 0.06018518518518518
2 0.74375 0.6543981481481481 0.0515625 0.04212962962962963
1 0.6833333333333333 0.7523148148148148 0.011979166666666667 0.012962962962962963
1 0.6833333333333333 0.7523148148148148 0.011979166666666667 0.012962962962962963
1 0.7830729166666667 0.8618055555555556 0.007291666666666667 0.0125
1 0.5134114583333333 0.9567129629629629 0.008072916666666667 0.009722222222222222
1 0.48932291666666666 0.9680555555555556 0.009895833333333333 0.012037037037037037
1 0.47682291666666665 0.944212962962963 0.007291666666666667 0.013425925925925926
1 0.6798177083333333 0.9960648148148148 0.00859375 0.00787037037037037
1 0.7884114583333334 0.8972222222222223 0.007552083333333333 0.012962962962962963
1 0.7916666666666666 0.8858796296296296 0.005208333333333333 0.010648148148148148
4 0.7209635416666667 0.7752314814814815 0.007552083333333333 0.008796296296296297
1 0.74296875 0.8224537037037037 0.0046875 0.008796296296296297
1 0.715234375 0.7796296296296297 0.004427083333333333 0.009259259259259259
4 0.7169270833333333 0.7641203703703704 0.00625 0.006944444444444444