2 0.614453125 0.874537037037037 0.03307291666666667 0.058333333333333334
2 0.751953125 0.6486111111111111 0.05130208333333333 0.04259259259259259
1 0.69375 0.7476851851851852 0.009895833333333333 0.012037037037037037
1 0.69375 0.7476851851851852 0.009895833333333333 0.012037037037037037
1 0.7946614583333333 0.8569444444444444 0.008072916666666667 0.012962962962962963
1 0.5201822916666666 0.9412037037037037 0.008072916666666667 0.010185185185185186
1 0.4979166666666667 0.9518518518518518 0.010416666666666666 0.012037037037037037
1 0.485546875 0.9273148148148148 0.00859375 0.013888888888888888
1 0.6942708333333333 0.9891203703703704 0.0078125 0.010648148148148148
1 0.7997395833333333 0.8914351851851852 0.0067708333333333336 0.014351851851851852
1 0.801953125 0.8791666666666667 0.00546875 0.011111111111111112
4 0.731640625 0.7703703703703704 0.007552083333333333 0.009259259259259259
1 0.754296875 0.8138888888888889 0.00546875 0.009259259259259259
1 0.725390625 0.7724537037037037 0.00390625 0.006944444444444444
4 0.7274739583333333 0.7590277777777777 0.005989583333333334 0.006944444444444444