2 0.625 0.8685185185185185 0.0328125 0.05648148148148148
2 0.75703125 0.6493055555555556 0.050520833333333334 0.043055555555555555
1 0.701171875 0.7446759259259259 0.01171875 0.0125
1 0.701171875 0.7446759259259259 0.01171875 0.0125
1 0.8006510416666667 0.8539351851851852 0.008072916666666667 0.0125
1 0.5291666666666667 0.9349537037037037 0.007291666666666667 0.0125
1 0.5040364583333333 0.94375 0.01171875 0.013425925925925926
1 0.49166666666666664 0.9229166666666667 0.007291666666666667 0.010648148148148148
1 0.7052083333333333 0.9807870370370371 0.009895833333333333 0.013425925925925926
1 0.8059895833333334 0.8865740740740741 0.0067708333333333336 0.013888888888888888
1 0.8071614583333333 0.8729166666666667 0.0049479166666666664 0.010648148148148148
4 0.740234375 0.7671296296296296 0.007552083333333333 0.008333333333333333
1 0.7615885416666667 0.8083333333333333 0.005989583333333334 0.009259259259259259
1 0.7337239583333334 0.7701388888888889 0.00546875 0.010648148148148148
4 0.734765625 0.7581018518518519 0.005989583333333334 0.00787037037037037