2 0.626953125 0.8657407407407407 0.03307291666666667 0.05555555555555555
2 0.758984375 0.6479166666666667 0.05078125 0.04212962962962963
1 0.703125 0.743287037037037 0.011458333333333333 0.010648148148148148
1 0.8009114583333333 0.8541666666666666 0.008072916666666667 0.012037037037037037
1 0.5313802083333333 0.9340277777777778 0.00703125 0.0125
1 0.5069010416666667 0.9425925925925925 0.010677083333333334 0.013888888888888888
1 0.49244791666666665 0.9219907407407407 0.008333333333333333 0.010648148148148148
1 0.7065104166666667 0.9791666666666666 0.013020833333333334 0.014814814814814815
1 0.8069010416666667 0.8840277777777777 0.006510416666666667 0.014351851851851852
1 0.8071614583333333 0.8731481481481481 0.0049479166666666664 0.011111111111111112
4 0.7419270833333333 0.7641203703703704 0.0078125 0.00787037037037037
1 0.762109375 0.805787037037037 0.00703125 0.010648148148148148
5 0.25299479166666666 0.9796296296296296 0.01953125 0.040740740740740744
4 0.7364583333333333 0.7564814814814815 0.005729166666666666 0.007407407407407408