2 0.6048177083333334 0.8472222222222222 0.03359375 0.05555555555555555
2 0.7411458333333333 0.637962962962963 0.050520833333333334 0.04259259259259259
1 0.6864583333333333 0.7347222222222223 0.007291666666666667 0.010185185185185186
1 0.7833333333333333 0.8435185185185186 0.007291666666666667 0.012037037037037037
1 0.5065104166666666 0.9189814814814815 0.007291666666666667 0.013888888888888888
1 0.48385416666666664 0.9280092592592593 0.013541666666666667 0.0125
1 0.467578125 0.9083333333333333 0.01171875 0.010185185185185186
1 0.6786458333333333 0.969212962962963 0.010416666666666666 0.013425925925925926
1 0.787109375 0.8696759259259259 0.00703125 0.0125
5 0.225390625 0.9722222222222222 0.01953125 0.05185185185185185
1 0.784765625 0.8590277777777777 0.00546875 0.0125
4 0.719140625 0.7587962962962963 0.008072916666666667 0.006481481481481481
1 0.75078125 0.7881944444444444 0.005729166666666666 0.009722222222222222
1 0.72421875 0.7537037037037037 0.0036458333333333334 0.008333333333333333
4 0.7217447916666667 0.7467592592592592 0.004427083333333333 0.005555555555555556