2 0.5830729166666667 0.4997685185185185 0.03697916666666667 0.05787037037037037
2 0.7350260416666666 0.2726851851851852 0.05234375 0.04722222222222222
1 0.674609375 0.38333333333333336 0.010677083333333334 0.012037037037037037
1 0.47213541666666664 0.5828703703703704 0.00625 0.01574074074074074
1 0.4471354166666667 0.5958333333333333 0.009895833333333333 0.012037037037037037
1 0.4278645833333333 0.5731481481481482 0.007291666666666667 0.013888888888888888
1 0.6494791666666667 0.6356481481481482 0.010416666666666666 0.013888888888888888
1 0.7654947916666667 0.5180555555555556 0.00390625 0.008333333333333333
1 0.76796875 0.530787037037037 0.007291666666666667 0.0125
1 0.748046875 0.4375 0.0049479166666666664 0.010185185185185186
4 0.708984375 0.4115740740740741 0.00859375 0.007407407407407408
5 0.17447916666666666 0.638425925925926 0.019791666666666666 0.05740740740740741
1 0.717578125 0.40046296296296297 0.0033854166666666668 0.007407407407407408
4 0.7048177083333333 0.4039351851851852 0.005989583333333334 0.008796296296296297
1 0.7688802083333334 0.5104166666666666 0.007552083333333333 0.0125