2 0.5850260416666667 0.49907407407407406 0.03723958333333333 0.05648148148148148
2 0.7358072916666667 0.27152777777777776 0.05286458333333333 0.04675925925925926
1 0.6765625 0.3814814814814815 0.010416666666666666 0.012037037037037037
1 0.4739583333333333 0.5826388888888889 0.00625 0.015277777777777777
1 0.4485677083333333 0.5951388888888889 0.009635416666666667 0.011574074074074073
1 0.4290364583333333 0.5706018518518519 0.007552083333333333 0.0125
1 0.6506510416666667 0.6363425925925926 0.011197916666666667 0.014351851851851852
1 0.7673177083333333 0.5155092592592593 0.00390625 0.00787037037037037
1 0.7694010416666667 0.5291666666666667 0.00703125 0.012037037037037037
1 0.7501302083333333 0.4372685185185185 0.005989583333333334 0.010648148148148148
4 0.711328125 0.41064814814814815 0.00859375 0.007407407407407408
5 0.175 0.6388888888888888 0.019791666666666666 0.05740740740740741
1 0.7184895833333333 0.40046296296296297 0.003125 0.006481481481481481
4 0.7059895833333333 0.4039351851851852 0.005208333333333333 0.0060185185185185185
1 0.771484375 0.5104166666666666 0.007552083333333333 0.011574074074074073