2 0.5885416666666666 0.4946759259259259 0.03697916666666667 0.056018518518518516
2 0.73671875 0.26875 0.0515625 0.043055555555555555
1 0.67890625 0.3787037037037037 0.0109375 0.012037037037037037
1 0.47552083333333334 0.5777777777777777 0.0067708333333333336 0.014814814814814815
1 0.45065104166666664 0.5909722222222222 0.009635416666666667 0.011574074074074073
1 0.429296875 0.5671296296296297 0.01015625 0.012962962962962963
1 0.6544270833333333 0.6314814814814815 0.011458333333333333 0.013888888888888888
1 0.76875 0.5104166666666666 0.0036458333333333334 0.00787037037037037
1 0.7703125 0.524537037037037 0.007291666666666667 0.012962962962962963
1 0.75390625 0.4337962962962963 0.00625 0.010185185185185186
4 0.7131510416666667 0.4083333333333333 0.00859375 0.007407407407407408
5 0.17981770833333333 0.6395833333333333 0.01953125 0.05694444444444444
1 0.7190104166666667 0.39837962962962964 0.003125 0.0060185185185185185
4 0.70703125 0.4 0.005208333333333333 0.006481481481481481
1 0.7735677083333333 0.5050925925925925 0.00859375 0.012962962962962963