2 0.7861979166666667 0.15601851851851853 0.06041666666666667 0.05462962962962963
1 0.7212239583333333 0.3111111111111111 0.010677083333333334 0.014814814814814815
1 0.4671875 0.5958333333333333 0.0078125 0.017592592592592594
1 0.6868489583333334 0.6972222222222222 0.019010416666666665 0.017592592592592594
1 0.8282552083333333 0.5094907407407407 0.009114583333333334 0.013425925925925926
1 0.837109375 0.5055555555555555 0.009114583333333334 0.011111111111111112
1 0.81640625 0.3912037037037037 0.0078125 0.013888888888888888
1 0.43723958333333335 0.6145833333333334 0.013020833333333334 0.01898148148148148
2 0.6119791666666666 0.47337962962962965 0.04739583333333333 0.07361111111111111
1 0.40716145833333334 0.5791666666666667 0.015885416666666666 0.022222222222222223
5 0.10338541666666666 0.6722222222222223 0.025 0.06388888888888888
1 0.8341145833333333 0.5293981481481481 0.008333333333333333 0.015277777777777777