2 0.917578125 0.23055555555555557 0.06744791666666666 0.062037037037037036
1 0.832421875 0.38981481481481484 0.012760416666666666 0.014814814814814815
1 0.5259114583333333 0.6537037037037037 0.009114583333333334 0.017592592592592594
1 0.9463541666666667 0.6298611111111111 0.008854166666666666 0.01990740740740741
1 0.7498697916666667 0.8094907407407408 0.02265625 0.033796296296296297
1 0.937109375 0.63125 0.012760416666666666 0.015277777777777777
1 0.9326822916666667 0.4909722222222222 0.00703125 0.015277777777777777
1 0.49505208333333334 0.6671296296296296 0.011979166666666667 0.019444444444444445
2 0.6944010416666667 0.549537037037037 0.05390625 0.0824074074074074
1 0.46783854166666666 0.6277777777777778 0.01171875 0.017592592592592594
5 0.16184895833333332 0.6673611111111111 0.02421875 0.06157407407407407
1 0.9364583333333333 0.6555555555555556 0.016145833333333335 0.016666666666666666