1 0.8635416666666667 0.43495370370370373 0.016666666666666666 0.011574074074074073
1 0.8875 0.7030092592592593 0.009895833333333333 0.016203703703703703
1 0.47799479166666664 0.5488425925925926 0.009114583333333334 0.018055555555555554
1 0.44921875 0.5497685185185185 0.011979166666666667 0.014351851851851852
1 0.629296875 0.7719907407407407 0.01640625 0.02824074074074074
1 0.874609375 0.6974537037037037 0.01484375 0.01898148148148148
1 0.9388020833333334 0.5655092592592592 0.01875 0.02824074074074074
1 0.8923177083333333 0.4951388888888889 0.0049479166666666664 0.010648148148148148
5 0.19583333333333333 0.4444444444444444 0.0203125 0.05092592592592592
1 0.43893229166666664 0.5090277777777777 0.012760416666666666 0.01990740740740741
2 0.6743489583333333 0.5175925925925926 0.06328125 0.06759259259259259
1 0.8680989583333333 0.7194444444444444 0.02109375 0.01574074074074074
4 0.8828125 0.4949074074074074 0.013541666666666667 0.01574074074074074