2 0.96171875 0.29305555555555557 0.06770833333333333 0.07777777777777778
1 0.79375 0.42314814814814816 0.018229166666666668 0.012037037037037037
1 0.8009114583333333 0.6916666666666667 0.009114583333333334 0.017592592592592594
1 0.39947916666666666 0.5291666666666667 0.0109375 0.014814814814814815
1 0.373828125 0.5344907407407408 0.00859375 0.013425925925925926
1 0.5298177083333333 0.7479166666666667 0.01328125 0.015277777777777777
1 0.7861979166666667 0.6805555555555556 0.013541666666666667 0.016666666666666666
1 0.8649739583333333 0.5423611111111111 0.015364583333333333 0.024537037037037038
5 0.12669270833333332 0.41898148148148145 0.020572916666666666 0.05277777777777778
1 0.362109375 0.4925925925925926 0.009114583333333334 0.017592592592592594
2 0.6161458333333333 0.49166666666666664 0.059895833333333336 0.06481481481481481
1 0.7834635416666667 0.7011574074074074 0.01484375 0.013425925925925926