2 0.9567708333333333 0.28425925925925927 0.06770833333333333 0.07777777777777778
1 0.7985677083333333 0.4101851851851852 0.010677083333333334 0.010185185185185186
1 0.800390625 0.6754629629629629 0.009114583333333334 0.016666666666666666
1 0.3953125 0.5212962962962963 0.0109375 0.01574074074074074
1 0.37200520833333334 0.5215277777777778 0.012760416666666666 0.018055555555555554
1 0.5298177083333333 0.7386574074074074 0.01171875 0.01990740740740741
1 0.7850260416666667 0.6592592592592592 0.013802083333333333 0.018518518518518517
1 0.871875 0.51875 0.015625 0.02361111111111111
5 0.12265625 0.4085648148148148 0.020833333333333332 0.05138888888888889
4 0.8140625 0.4726851851851852 0.0109375 0.013888888888888888
1 0.34401041666666665 0.4666666666666667 0.013020833333333334 0.021296296296296296
2 0.644921875 0.4625 0.05651041666666667 0.06666666666666667
1 0.7821614583333333 0.6798611111111111 0.021614583333333333 0.02361111111111111
1 0.8260416666666667 0.4648148148148148 0.013541666666666667 0.017592592592592594