2 0.957421875 0.2810185185185185 0.06744791666666666 0.07685185185185185
1 0.79921875 0.40625 0.0078125 0.008796296296296297
1 0.8016927083333333 0.6747685185185185 0.00859375 0.01712962962962963
1 0.39791666666666664 0.5206018518518518 0.010416666666666666 0.015277777777777777
1 0.37265625 0.5194444444444445 0.008854166666666666 0.016666666666666666
1 0.5279947916666666 0.7331018518518518 0.013802083333333333 0.01712962962962963
1 0.7845052083333334 0.656712962962963 0.013802083333333333 0.018055555555555554
1 0.8701822916666667 0.5164351851851852 0.01484375 0.02638888888888889
1 0.8255208333333334 0.4618055555555556 0.016666666666666666 0.01712962962962963
5 0.12330729166666667 0.4064814814814815 0.020572916666666666 0.05185185185185185
4 0.8140625 0.4699074074074074 0.0109375 0.013888888888888888
1 0.34713541666666664 0.4703703703703704 0.014583333333333334 0.020370370370370372
2 0.65078125 0.45740740740740743 0.05520833333333333 0.06574074074074074
1 0.783203125 0.6759259259259259 0.018489583333333334 0.025925925925925925