2 0.948046875 0.28125 0.06901041666666667 0.07546296296296297
1 0.7842447916666667 0.4173611111111111 0.00546875 0.009722222222222222
1 0.7826822916666667 0.6912037037037037 0.01015625 0.01574074074074074
1 0.38190104166666666 0.5206018518518518 0.011197916666666667 0.015277777777777777
1 0.35846354166666666 0.5192129629629629 0.010677083333333334 0.016203703703703703
1 0.498046875 0.7444444444444445 0.02578125 0.024074074074074074
1 0.765234375 0.6703703703703704 0.014322916666666666 0.01574074074074074
1 0.863671875 0.5231481481481481 0.015885416666666666 0.021296296296296296
1 0.8186197916666667 0.4724537037037037 0.01796875 0.01898148148148148
5 0.10260416666666666 0.40717592592592594 0.0203125 0.052314814814814814
4 0.8033854166666666 0.48333333333333334 0.009375 0.012962962962962963
1 0.32786458333333335 0.4724537037037037 0.011458333333333333 0.01990740740740741
2 0.6592447916666667 0.4391203703703704 0.054427083333333334 0.06527777777777778
1 0.7682291666666666 0.6863425925925926 0.0109375 0.015277777777777777