2 0.87265625 0.2659722222222222 0.06458333333333334 0.0699074074074074
1 0.7104166666666667 0.4136574074074074 0.015104166666666667 0.01990740740740741
1 0.6915364583333333 0.7020833333333333 0.016927083333333332 0.01898148148148148
1 0.27760416666666665 0.5173611111111112 0.011458333333333333 0.014351851851851852
1 0.245703125 0.5229166666666667 0.008072916666666667 0.016203703703703703
1 0.353515625 0.7375 0.032552083333333336 0.025925925925925925
1 0.6634114583333334 0.6682870370370371 0.01015625 0.01712962962962963
1 0.808984375 0.5013888888888889 0.011197916666666667 0.013888888888888888
1 0.7576822916666667 0.4703703703703704 0.011197916666666667 0.023148148148148147
4 0.7290364583333333 0.47939814814814813 0.011197916666666667 0.014351851851851852
1 0.23515625 0.4789351851851852 0.0109375 0.01712962962962963
2 0.6779947916666667 0.35509259259259257 0.048177083333333336 0.06111111111111111
1 0.672265625 0.69375 0.018489583333333334 0.01898148148148148
5 0.007552083333333333 0.40370370370370373 0.015104166666666667 0.05277777777777778