2 0.8731770833333333 0.2657407407407407 0.06510416666666667 0.0712962962962963
1 0.7127604166666667 0.41203703703703703 0.015104166666666667 0.021296296296296296
1 0.69296875 0.7032407407407407 0.016666666666666666 0.018518518518518517
1 0.276953125 0.5148148148148148 0.01015625 0.013888888888888888
1 0.244140625 0.5224537037037037 0.007552083333333333 0.016203703703703703
1 0.35390625 0.7409722222222223 0.030208333333333334 0.02546296296296296
1 0.6640625 0.66875 0.010416666666666666 0.01712962962962963
1 0.8108072916666667 0.5016203703703703 0.007552083333333333 0.016203703703703703
1 0.7592447916666667 0.4673611111111111 0.011197916666666667 0.024537037037037038
4 0.730859375 0.47824074074074074 0.011197916666666667 0.013888888888888888
1 0.23567708333333334 0.47800925925925924 0.011979166666666667 0.015277777777777777
2 0.6826822916666667 0.35185185185185186 0.048177083333333336 0.062037037037037036
1 0.67265625 0.6939814814814815 0.017708333333333333 0.019444444444444445
5 0.007682291666666666 0.40625 0.015364583333333333 0.052314814814814814