1 0.7203125 0.4136574074074074 0.015104166666666667 0.020833333333333332
1 0.706640625 0.70625 0.017447916666666667 0.022685185185185187
1 0.28203125 0.5215277777777778 0.013020833333333334 0.016203703703703703
1 0.24283854166666666 0.5319444444444444 0.00703125 0.014814814814814815
2 0.8748697916666667 0.26180555555555557 0.06484375 0.07083333333333333
1 0.3268229166666667 0.7361111111111112 0.024479166666666666 0.025
1 0.6717447916666667 0.6666666666666666 0.009114583333333334 0.016666666666666666
1 0.8170572916666666 0.5041666666666667 0.011197916666666667 0.017592592592592594
1 0.7677083333333333 0.4685185185185185 0.010416666666666666 0.025925925925925925
4 0.7385416666666667 0.4789351851851852 0.011458333333333333 0.013425925925925926
1 0.2390625 0.4837962962962963 0.011979166666666667 0.01574074074074074
2 0.7040364583333333 0.33287037037037037 0.046614583333333334 0.06111111111111111
1 0.6819010416666667 0.6951388888888889 0.019010416666666665 0.01990740740740741
5 0.008203125 0.40324074074074073 0.01640625 0.053703703703703705