1 0.7213541666666666 0.40717592592592594 0.015104166666666667 0.020833333333333332
1 0.7024739583333334 0.7037037037037037 0.01171875 0.026851851851851852
1 0.284375 0.5210648148148148 0.0125 0.015277777777777777
1 0.242578125 0.5333333333333333 0.006510416666666667 0.016666666666666666
2 0.87421875 0.25972222222222224 0.065625 0.06851851851851852
1 0.32083333333333336 0.7363425925925926 0.025 0.02361111111111111
1 0.6669270833333333 0.6613425925925925 0.009375 0.01712962962962963
1 0.8201822916666667 0.5055555555555555 0.01171875 0.017592592592592594
1 0.7677083333333333 0.4652777777777778 0.010416666666666666 0.025
4 0.7391927083333333 0.4726851851851852 0.01171875 0.013888888888888888
1 0.24140625 0.4877314814814815 0.011458333333333333 0.01712962962962963
2 0.7114583333333333 0.3263888888888889 0.0453125 0.05740740740740741
1 0.676953125 0.6898148148148148 0.017447916666666667 0.020370370370370372
5 0.008072916666666667 0.4048611111111111 0.016145833333333335 0.05416666666666667