1 0.7279947916666667 0.41064814814814815 0.015364583333333333 0.021296296296296296
1 0.7177083333333333 0.7129629629629629 0.0125 0.020370370370370372
1 0.24674479166666666 0.5259259259259259 0.00703125 0.01574074074074074
2 0.88046875 0.2599537037037037 0.065625 0.0699074074074074
1 0.301171875 0.7094907407407407 0.02578125 0.02546296296296296
1 0.680859375 0.6719907407407407 0.009114583333333334 0.01712962962962963
1 0.285546875 0.5085648148148149 0.006510416666666667 0.013425925925925926
1 0.8326822916666666 0.5111111111111111 0.01171875 0.01574074074074074
1 0.7791666666666667 0.4701388888888889 0.0109375 0.02638888888888889
4 0.749609375 0.47962962962962963 0.012239583333333333 0.012962962962962963
1 0.24544270833333334 0.4840277777777778 0.012760416666666666 0.018055555555555554
2 0.7231770833333333 0.31689814814814815 0.04375 0.05694444444444444
1 0.6921875 0.7041666666666667 0.020833333333333332 0.019444444444444445
5 0.009114583333333334 0.40694444444444444 0.018229166666666668 0.05277777777777778