1 0.7372395833333333 0.4076388888888889 0.015625 0.020833333333333332
1 0.7123697916666667 0.7118055555555556 0.013802083333333333 0.01898148148148148
1 0.23828125 0.5293981481481481 0.007291666666666667 0.014351851851851852
2 0.8803385416666667 0.2462962962962963 0.06432291666666666 0.07222222222222222
1 0.28658854166666664 0.7069444444444445 0.026302083333333334 0.021296296296296296
1 0.6837239583333333 0.6678240740740741 0.009114583333333334 0.01990740740740741
1 0.284765625 0.5034722222222222 0.01015625 0.024537037037037038
1 0.837109375 0.5076388888888889 0.010677083333333334 0.016203703703703703
1 0.7864583333333334 0.4648148148148148 0.0109375 0.024074074074074074
4 0.75625 0.47314814814814815 0.0125 0.012962962962962963
1 0.2390625 0.48032407407407407 0.010416666666666666 0.018055555555555554
2 0.7412760416666667 0.3020833333333333 0.04296875 0.059722222222222225
1 0.6940104166666666 0.6951388888888889 0.018229166666666668 0.02175925925925926
5 0.010026041666666667 0.4011574074074074 0.020052083333333335 0.052314814814814814