1 0.7375 0.4023148148148148 0.0140625 0.019444444444444445
1 0.7033854166666667 0.7152777777777778 0.0171875 0.018518518518518517
1 0.23893229166666666 0.5342592592592592 0.00859375 0.014814814814814815
2 0.8799479166666667 0.2488425925925926 0.065625 0.06898148148148148
1 0.280859375 0.6988425925925926 0.020572916666666666 0.024537037037037038
1 0.6830729166666667 0.6638888888888889 0.010416666666666666 0.021296296296296296
1 0.289453125 0.507175925925926 0.008072916666666667 0.02175925925925926
1 0.8399739583333333 0.5030092592592592 0.009635416666666667 0.013425925925925926
4 0.7587239583333333 0.4699074074074074 0.012760416666666666 0.012037037037037037
1 0.7822916666666667 0.46041666666666664 0.016666666666666666 0.018055555555555554
1 0.24127604166666666 0.4861111111111111 0.01171875 0.017592592592592594
2 0.743359375 0.29421296296296295 0.04192708333333333 0.05787037037037037
1 0.6919270833333333 0.6921296296296297 0.016145833333333335 0.019444444444444445
4 0.7930989583333333 0.45601851851851855 0.0049479166666666664 0.011111111111111112
5 0.008463541666666666 0.39814814814814814 0.016927083333333332 0.053703703703703705