1 0.7390625 0.40324074074074073 0.015104166666666667 0.018518518518518517
1 0.7067708333333333 0.7226851851851852 0.029166666666666667 0.020370370370370372
1 0.23971354166666667 0.5335648148148148 0.00703125 0.013425925925925926
2 0.883203125 0.2462962962962963 0.06536458333333334 0.06851851851851852
1 0.26484375 0.6872685185185186 0.021875 0.018055555555555554
1 0.685546875 0.6673611111111111 0.010677083333333334 0.02175925925925926
1 0.29296875 0.5018518518518519 0.0078125 0.023148148148148147
1 0.844140625 0.5050925925925925 0.009635416666666667 0.012037037037037037
4 0.7615885416666667 0.46782407407407406 0.012760416666666666 0.011574074074074073
1 0.7786458333333334 0.462037037037037 0.014583333333333334 0.010185185185185186
1 0.24674479166666666 0.4895833333333333 0.00859375 0.018055555555555554
2 0.7467447916666666 0.29259259259259257 0.04140625 0.05648148148148148
1 0.69609375 0.6962962962962963 0.016145833333333335 0.018518518518518517
4 0.7891927083333333 0.4597222222222222 0.0049479166666666664 0.011111111111111112
5 0.007421875 0.39791666666666664 0.01484375 0.05416666666666667