1 0.7404947916666667 0.40694444444444444 0.015885416666666666 0.020370370370370372
1 0.7065104166666667 0.7180555555555556 0.030208333333333334 0.020370370370370372
1 0.234765625 0.5296296296296297 0.01015625 0.025
2 0.8854166666666666 0.24328703703703702 0.06458333333333334 0.06898148148148148
1 0.255078125 0.6773148148148148 0.01796875 0.024074074074074074
1 0.6928385416666667 0.6659722222222222 0.01171875 0.02175925925925926
1 0.29140625 0.4951388888888889 0.0078125 0.02361111111111111
1 0.8475260416666667 0.506712962962963 0.011197916666666667 0.013425925925925926
4 0.765625 0.47314814814814815 0.0125 0.012037037037037037
1 0.7778645833333333 0.47199074074074077 0.013541666666666667 0.010648148148148148
1 0.24765625 0.4847222222222222 0.010416666666666666 0.020370370370370372
2 0.7529947916666667 0.28912037037037036 0.04140625 0.05694444444444444
1 0.7044270833333334 0.6916666666666667 0.015104166666666667 0.019444444444444445
4 0.7869791666666667 0.4699074074074074 0.005208333333333333 0.011111111111111112
5 0.00859375 0.40185185185185185 0.0171875 0.053703703703703705