1 0.0671875 0.6638888888888889 0.008333333333333333 0.017592592592592594
2 0.719921875 0.23472222222222222 0.05911458333333333 0.06018518518518518
1 0.06263020833333334 0.8081018518518519 0.026822916666666665 0.024537037037037038
1 0.568359375 0.6810185185185185 0.014322916666666666 0.01574074074074074
1 0.5279947916666666 0.7164351851851852 0.025260416666666667 0.02175925925925926
1 0.14713541666666666 0.6039351851851852 0.0078125 0.016203703703703703
1 0.7059895833333333 0.4930555555555556 0.0078125 0.01574074074074074
4 0.6436197916666667 0.4798611111111111 0.008072916666666667 0.013425925925925926
1 0.6072916666666667 0.42407407407407405 0.007291666666666667 0.012962962962962963
2 0.6319010416666667 0.2611111111111111 0.03046875 0.05462962962962963
1 0.57265625 0.7 0.0109375 0.025
1 0.09322916666666667 0.6053240740740741 0.008854166666666666 0.016203703703703703