1 0.06809895833333333 0.6668981481481482 0.008072916666666667 0.01990740740740741
2 0.720703125 0.2335648148148148 0.05963541666666667 0.059722222222222225
1 0.06328125 0.8081018518518519 0.028125 0.02175925925925926
1 0.5703125 0.6840277777777778 0.014583333333333334 0.016203703703703703
1 0.5274739583333333 0.719212962962963 0.026822916666666665 0.02175925925925926
1 0.14596354166666667 0.6043981481481482 0.008072916666666667 0.015277777777777777
1 0.70703125 0.49189814814814814 0.0078125 0.015277777777777777
4 0.6466145833333333 0.47962962962962963 0.008333333333333333 0.013888888888888888
1 0.61015625 0.42569444444444443 0.0067708333333333336 0.0125
2 0.6350260416666667 0.2587962962962963 0.029947916666666668 0.05462962962962963
1 0.5735677083333334 0.7046296296296296 0.012239583333333333 0.021296296296296296
1 0.09401041666666667 0.6050925925925926 0.0078125 0.014814814814814815