1 0.06614583333333333 0.6678240740740741 0.007291666666666667 0.01712962962962963
2 0.7200520833333334 0.23125 0.059895833333333336 0.0587962962962963
1 0.061197916666666664 0.8074074074074075 0.027083333333333334 0.020370370370370372
1 0.5712239583333333 0.6863425925925926 0.01484375 0.016203703703703703
1 0.5272135416666667 0.7210648148148148 0.02734375 0.02175925925925926
1 0.144140625 0.6057870370370371 0.007552083333333333 0.015277777777777777
1 0.70703125 0.48819444444444443 0.0078125 0.014351851851851852
4 0.6479166666666667 0.4789351851851852 0.008854166666666666 0.013425925925925926
1 0.6109375 0.42476851851851855 0.0067708333333333336 0.0125
2 0.6369791666666667 0.25578703703703703 0.030208333333333334 0.055092592592592596
1 0.5743489583333333 0.70625 0.013802083333333333 0.01990740740740741
1 0.09361979166666666 0.6048611111111111 0.008072916666666667 0.014351851851851852