1 0.053125 0.6763888888888889 0.007291666666666667 0.017592592592592594
2 0.707421875 0.23032407407407407 0.05807291666666667 0.060648148148148145
1 0.04283854166666667 0.8076388888888889 0.023177083333333334 0.02546296296296296
1 0.5638020833333334 0.6817129629629629 0.013020833333333334 0.015277777777777777
1 0.5174479166666667 0.7196759259259259 0.0265625 0.02361111111111111
1 0.128515625 0.6129629629629629 0.008072916666666667 0.01574074074074074
1 0.6950520833333333 0.4863425925925926 0.007291666666666667 0.013425925925925926
4 0.6395833333333333 0.4756944444444444 0.010416666666666666 0.011574074074074073
1 0.6028645833333334 0.42291666666666666 0.007291666666666667 0.013425925925925926
2 0.6326822916666667 0.24328703703703702 0.029947916666666668 0.056018518518518516
1 0.567578125 0.7039351851851852 0.015364583333333333 0.01990740740740741
1 0.08294270833333334 0.6127314814814815 0.00859375 0.016203703703703703