1 0.053385416666666664 0.6467592592592593 0.00625 0.017592592592592594
2 0.7303385416666667 0.23726851851851852 0.05859375 0.0587962962962963
1 0.03671875 0.7722222222222223 0.020833333333333332 0.025
1 0.5557291666666667 0.6777777777777778 0.008854166666666666 0.013888888888888888
1 0.5022135416666667 0.7067129629629629 0.025260416666666667 0.022685185185185187
1 0.131640625 0.5925925925925926 0.007552083333333333 0.01574074074074074
1 0.701953125 0.49930555555555556 0.007552083333333333 0.015277777777777777
1 0.6083333333333333 0.41967592592592595 0.0067708333333333336 0.0125
2 0.65390625 0.2439814814814815 0.03125 0.05092592592592592
1 0.5579427083333334 0.7013888888888888 0.015364583333333333 0.019444444444444445
1 0.092578125 0.586574074074074 0.009635416666666667 0.017592592592592594