2 0.6756510416666667 0.2465277777777778 0.03411458333333333 0.04861111111111111
2 0.7501302083333333 0.24351851851851852 0.055989583333333336 0.06296296296296296
1 0.4921875 0.7025462962962963 0.028645833333333332 0.020833333333333332
1 0.6173177083333333 0.4287037037037037 0.005989583333333334 0.010185185185185186
1 0.14283854166666668 0.575462962962963 0.007552083333333333 0.01574074074074074
1 0.10364583333333334 0.5666666666666667 0.013020833333333334 0.018518518518518517
1 0.06536458333333334 0.6261574074074074 0.005729166666666666 0.015277777777777777
1 0.5536458333333333 0.7048611111111112 0.011979166666666667 0.01712962962962963
1 0.7123697916666667 0.512962962962963 0.008072916666666667 0.014814814814814815
1 0.04309895833333333 0.7446759259259259 0.023177083333333334 0.02175925925925926
1 0.5524739583333333 0.6828703703703703 0.009114583333333334 0.020370370370370372