2 0.903515625 0.33541666666666664 0.054947916666666666 0.07731481481481481
2 0.836328125 0.3053240740740741 0.048177083333333336 0.043055555555555555
5 0.06002604166666667 0.27824074074074073 0.01640625 0.03888888888888889
1 0.44778645833333336 0.6594907407407408 0.022135416666666668 0.01898148148148148
1 0.68828125 0.480787037037037 0.005729166666666666 0.011574074074074073
1 0.21875 0.4233796296296296 0.005729166666666666 0.014351851851851852
1 0.205078125 0.4064814814814815 0.00546875 0.010185185185185186
1 0.158984375 0.4358796296296296 0.00546875 0.011574074074074073
1 0.5213541666666667 0.6981481481481482 0.011458333333333333 0.018518518518518517
1 0.749609375 0.6064814814814815 0.009114583333333334 0.01574074074074074
1 0.10885416666666667 0.5046296296296297 0.016666666666666666 0.019444444444444445
1 0.5239583333333333 0.6715277777777777 0.0078125 0.015277777777777777
4 0.7040364583333333 0.5668981481481481 0.00703125 0.013425925925925926