2 0.866015625 0.32592592592592595 0.05130208333333333 0.04259259259259259
5 0.096484375 0.24421296296296297 0.015885416666666666 0.0375
1 0.44244791666666666 0.6481481481481481 0.015104166666666667 0.025925925925925925
1 0.7032552083333333 0.4951388888888889 0.005989583333333334 0.011574074074074073
1 0.239453125 0.4041666666666667 0.006510416666666667 0.013888888888888888
1 0.22864583333333333 0.38773148148148145 0.00625 0.0125
1 0.18151041666666667 0.4136574074074074 0.005208333333333333 0.011574074074074073
1 0.5173177083333333 0.7 0.01484375 0.017592592592592594
1 0.756640625 0.6226851851851852 0.011197916666666667 0.014814814814814815
1 0.12955729166666666 0.4724537037037037 0.014322916666666666 0.018055555555555554
1 0.5223958333333333 0.6710648148148148 0.007291666666666667 0.014351851851851852
4 0.716015625 0.5833333333333334 0.00703125 0.013888888888888888
2 0.934765625 0.3638888888888889 0.054427083333333334 0.08888888888888889