2 0.9411458333333333 0.3976851851851852 0.057291666666666664 0.04537037037037037
5 0.18346354166666667 0.19328703703703703 0.014322916666666666 0.034722222222222224
1 0.4454427083333333 0.6287037037037037 0.01328125 0.027777777777777776
1 0.7342447916666667 0.5321759259259259 0.005989583333333334 0.011574074074074073
1 0.2891927083333333 0.3537037037037037 0.00546875 0.012962962962962963
1 0.28567708333333336 0.33935185185185185 0.005729166666666666 0.011111111111111112
1 0.23684895833333333 0.35625 0.00390625 0.010648148148148148
1 0.5123697916666666 0.6928240740740741 0.010677083333333334 0.01898148148148148
1 0.7653645833333333 0.6817129629629629 0.0109375 0.01712962962962963
1 0.180859375 0.3939814814814815 0.006510416666666667 0.010185185185185186
1 0.5192708333333333 0.6643518518518519 0.008854166666666666 0.013888888888888888
4 0.7326822916666667 0.6331018518518519 0.007552083333333333 0.016203703703703703