2 0.9544270833333334 0.41041666666666665 0.0578125 0.04583333333333333
5 0.201171875 0.18726851851851853 0.014322916666666666 0.03287037037037037
1 0.44557291666666665 0.6238425925925926 0.013020833333333334 0.02638888888888889
1 0.7389322916666666 0.5430555555555555 0.005989583333333334 0.011111111111111112
1 0.29856770833333335 0.3449074074074074 0.00546875 0.012962962962962963
1 0.29661458333333335 0.33078703703703705 0.0046875 0.009722222222222222
1 0.24830729166666668 0.34699074074074077 0.0033854166666666668 0.010648148148148148
1 0.5100260416666667 0.6930555555555555 0.01015625 0.018518518518518517
1 0.76640625 0.6918981481481481 0.008333333333333333 0.01898148148148148
1 0.19244791666666666 0.3803240740740741 0.005208333333333333 0.011574074074074073
1 0.5178385416666667 0.662962962962963 0.009114583333333334 0.01574074074074074
4 0.7346354166666667 0.6439814814814815 0.007291666666666667 0.01574074074074074