3 0.3913123167155425 0.08397577092511013 0.021627565982404694 0.024229074889867842
3 0.38535557184750735 0.1032488986784141 0.022910557184750734 0.019273127753303965
2 0.3383431085043988 0.15225770925110133 0.005865102639296188 0.00881057268722467
2 0.32734604105571846 0.16987885462555066 0.004032258064516129 0.012114537444933921
3 0.4184384164222874 0.2215033039647577 0.012829912023460411 0.03441629955947136
3 0.4747983870967742 0.2840033039647577 0.01594574780058651 0.03276431718061674
2 0.3239552785923754 0.31387665198237885 0.002749266862170088 0.006057268722466961
2 0.3586876832844575 0.28593061674008813 0.004032258064516129 0.007984581497797356
2 0.3465909090909091 0.3153909691629956 0.002932551319648094 0.01238986784140969
2 0.3664772727272727 0.30534140969163 0.004948680351906158 0.010462555066079295
2 0.3596041055718475 0.3231002202643172 0.008797653958944282 0.006332599118942731
1 0.3486070381231672 0.3502202643171806 0.004765395894428153 0.009361233480176211
2 0.4015762463343108 0.37802863436123346 0.005865102639296188 0.009361233480176211
1 0.3974523460410557 0.388215859030837 0.004215542521994135 0.005506607929515419
2 0.3895711143695015 0.401431718061674 0.004948680351906158 0.009911894273127754
2 0.40625 0.40707599118942733 0.005681818181818182 0.007984581497797356