3 0.23341275659824046 0.6314702643171806 0.022543988269794722 0.018447136563876653
3 0.22663123167155425 0.6477147577092511 0.021444281524926685 0.0151431718061674
2 0.1744868035190616 0.7078744493392071 0.004398826979472141 0.007709251101321586
3 0.2587060117302053 0.7617015418502202 0.012280058651026392 0.03166299559471366
3 0.3125 0.8499449339207048 0.02126099706744868 0.01817180616740088
2 0.187133431085044 0.8465033039647577 0.009164222873900294 0.006332599118942731
2 0.1750366568914956 0.8591685022026432 0.009164222873900294 0.007433920704845815
2 0.1975806451612903 0.8631607929515418 0.004032258064516129 0.007709251101321586
2 0.20170454545454544 0.8856002202643172 0.004215542521994135 0.014041850220264317
2 0.18667521994134897 0.8831222466960352 0.004582111436950147 0.005781938325991189
1 0.18914956011730205 0.9125825991189427 0.006598240469208211 0.009636563876651983
2 0.15570014662756598 0.89193281938326 0.004215542521994135 0.006332599118942731
2 0.22718108504398826 0.944796255506608 0.0071480938416422285 0.007984581497797356
2 0.23579545454545456 0.9654460352422908 0.0031158357771260995 0.01183920704845815
2 0.23066348973607037 0.967648678414097 0.004215542521994135 0.006332599118942731