2 0.30810117302052786 0.6252753303964758 0.005498533724340176 0.009361233480176211
2 0.2967375366568915 0.7224669603524229 0.006598240469208211 0.009361233480176211
2 0.3196480938416422 0.7219162995594713 0.007331378299120235 0.009361233480176211
2 0.32322214076246336 0.746420704845815 0.008247800586510264 0.011013215859030838
1 0.4035923753665689 0.7506883259911894 0.00843108504398827 0.013491189427312776
2 0.3326612903225806 0.7829019823788547 0.0076979472140762464 0.011288546255506607
1 0.34347507331378296 0.7915748898678414 0.006964809384164223 0.008259911894273128
2 0.37939882697947214 0.7838656387665198 0.006598240469208211 0.009361233480176211
2 0.3031524926686217 0.8031387665198237 0.004032258064516129 0.008259911894273128
2 0.28619868035190615 0.8244768722466961 0.007881231671554252 0.01238986784140969
3 0.5303335777126099 0.5421255506607929 0.0218108504398827 0.01486784140969163
3 0.40130131964809385 0.5465308370044053 0.021077712609970673 0.019823788546255508
3 0.4283357771260997 0.5715859030837004 0.018328445747800588 0.02753303964757709
3 0.45133797653958946 0.648953744493392 0.019244868035190616 0.025330396475770924
2 0.35438049853372433 0.8659140969162996 0.004948680351906158 0.011563876651982379
2 0.3597873900293255 0.8736233480176211 0.005498533724340176 0.00881057268722467