3 0.5232771260997068 0.70181718061674 0.01686217008797654 0.026982378854625552
3 0.5657074780058651 0.777670704845815 0.017412023460410556 0.027808370044052864
3 0.4657258064516129 0.885737885462555 0.020527859237536656 0.015418502202643172
3 0.2872983870967742 0.86068281938326 0.014479472140762463 0.02753303964757709
2 0.30150293255131966 0.8887665198237885 0.006964809384164223 0.009361233480176211
1 0.34365835777126097 0.9058370044052864 0.00843108504398827 0.011563876651982379
2 0.20124633431085043 0.8564151982378855 0.0036656891495601175 0.005781938325991189
2 0.2375366568914956 0.8838105726872246 0.008797653958944282 0.011563876651982379
2 0.19831378299120234 0.9079019823788547 0.006231671554252199 0.008535242290748899
2 0.23222140762463342 0.9365363436123348 0.007331378299120235 0.009636563876651983
2 0.28033357771260997 0.954295154185022 0.0031158357771260995 0.009361233480176211
1 0.2791422287390029 0.9910517621145375 0.005131964809384164 0.008535242290748899
2 0.19263196480938416 0.9757709251101322 0.005498533724340176 0.008259911894273128