5 0.28234970674486803 0.5943006607929515 0.0031158357771260995 0.004680616740088106
2 0.28638196480938416 0.5976046255506607 0.0038489736070381232 0.004680616740088106
3 0.281433284457478 0.5842511013215859 0.01631231671554252 0.02643171806167401
3 0.34484970674486803 0.5026156387665198 0.015579178885630499 0.02670704845814978
2 0.3875549853372434 0.5451541850220264 0.004582111436950147 0.008259911894273128
2 0.47663123167155425 0.43515969162995594 0.02034457478005865 0.015693832599118943
2 0.4407074780058651 0.47783590308370044 0.008247800586510264 0.009636563876651983
1 0.4188049853372434 0.49297907488986786 0.006964809384164223 0.007984581497797356
2 0.44574780058651026 0.5308370044052864 0.007331378299120235 0.006607929515418502
2 0.4649010263929619 0.5536894273127754 0.005681818181818182 0.006607929515418502
2 0.4967008797653959 0.551762114537445 0.005865102639296188 0.012114537444933921
1 0.4473973607038123 0.588931718061674 0.006598240469208211 0.006057268722466961
2 0.5521444281524927 0.5903083700440529 0.006414956011730206 0.006607929515418502
2 0.5745051319648093 0.5743392070484582 0.002749266862170088 0.011563876651982379
3 0.5702895894428153 0.6099944933920705 0.01997800586510264 0.013491189427312776