3 0.8469574780058651 0.48155286343612336 0.010263929618768328 0.0302863436123348
3 0.9396994134897361 0.4292400881057269 0.020161290322580645 0.014317180616740088
3 0.7297470674486803 0.3107103524229075 0.02071114369501466 0.016244493392070486
3 0.8402675953079178 0.2102147577092511 0.021077712609970673 0.016795154185022025
2 0.8737170087976539 0.3705947136563877 0.0032991202346041057 0.004405286343612335
2 0.8471407624633431 0.41037995594713655 0.004398826979472141 0.006332599118942731
2 0.781158357771261 0.3342511013215859 0.004032258064516129 0.005506607929515419
2 0.7792338709677419 0.3655011013215859 0.004215542521994135 0.007984581497797356
2 0.7632881231671554 0.3504955947136564 0.004948680351906158 0.010462555066079295
2 0.7473423753665689 0.35930616740088106 0.0034824046920821114 0.005506607929515419
2 0.7710777126099707 0.386976872246696 0.004398826979472141 0.00908590308370044
1 0.7914222873900293 0.337692731277533 0.004765395894428153 0.006883259911894273