3 0.5368942731277533 0.07881231671554252 0.013215859030837005 0.020894428152492667
3 0.6987885462555066 0.1184934017595308 0.018722466960352423 0.01997800586510264
3 0.733204845814978 0.1533174486803519 0.02918502202643172 0.01154692082111437
2 0.5707599118942731 0.10731304985337244 0.009911894273127754 0.004948680351906158
2 0.6029735682819384 0.10355571847507332 0.008259911894273128 0.004398826979472141
2 0.7520649779735683 0.01063049853372434 0.005781938325991189 0.006598240469208211
2 0.7630781938325991 0.025659824046920823 0.0052312775330396475 0.004398826979472141
2 0.7351321585903083 0.009622434017595308 0.004405286343612335 0.0031158357771260995
2 0.7504129955947136 0.06323313782991202 0.0052312775330396475 0.005865102639296188
2 0.772852422907489 0.07734604105571848 0.006607929515418502 0.008064516129032258
2 0.7296255506607929 0.0688233137829912 0.006607929515418502 0.005681818181818182
2 0.7193006607929515 0.09521627565982405 0.00908590308370044 0.008247800586510264
2 0.7275605726872246 0.09943181818181818 0.007433920704845815 0.006048387096774193