3 0.1512940528634361 0.09375 0.015693832599118943 0.019244868035190616
3 0.16891519823788545 0.11519428152492668 0.012940528634361233 0.018878299120234605
3 0.2830396475770925 0.18942448680351906 0.015418502202643172 0.018511730205278593
3 0.44768722466960353 0.0656158357771261 0.02643171806167401 0.009530791788856305
2 0.1875 0.13324780058651026 0.011563876651982379 0.004398826979472141
2 0.24834801762114536 0.1218841642228739 0.010462555066079295 0.005131964809384164
2 0.2310022026431718 0.14479472140762464 0.005506607929515419 0.0036656891495601175
2 0.21696035242290748 0.155883431085044 0.004405286343612335 0.002749266862170088
2 0.3240638766519824 0.14470307917888564 0.006057268722466961 0.0071480938416422285
2 0.355726872246696 0.08935117302052786 0.006607929515418502 0.004582111436950147
2 0.37142070484581496 0.11913489736070382 0.009911894273127754 0.002932551319648094
2 0.3378303964757709 0.11006231671554252 0.004405286343612335 0.0038489736070381232