2 0.2998348017621145 0.6930901759530792 0.003854625550660793 0.0034824046920821114
2 0.3952367841409692 0.6651392961876833 0.003579295154185022 0.0036656891495601175
2 0.39922907488986786 0.6683467741935484 0.003854625550660793 0.0031158357771260995
2 0.3627477973568282 0.6842008797653959 0.007984581497797356 0.006964809384164223
2 0.3229625550660793 0.7101356304985337 0.005506607929515419 0.0031158357771260995
2 0.3321861233480176 0.7159090909090909 0.005781938325991189 0.002932551319648094
2 0.3174559471365639 0.7192998533724341 0.007158590308370044 0.00531524926686217
2 0.493942731277533 0.7143511730205279 0.006057268722466961 0.006048387096774193
3 0.4902257709251101 0.7264479472140762 0.014041850220264317 0.018511730205278593
3 0.45498348017621143 0.7006964809384164 0.01238986784140969 0.01906158357771261
3 0.33370044052863435 0.6321480938416423 0.014317180616740088 0.01906158357771261
3 0.1836453744493392 0.7711693548387096 0.02753303964757709 0.013013196480938417