1 0.9258614369501467 0.14151982378854625 0.00531524926686217 0.013766519823788546
3 0.9641678885630498 0.08094713656387666 0.021077712609970673 0.01762114537444934
3 0.9436400293255132 0.12899229074889867 0.02071114369501466 0.01789647577092511
3 0.9300769794721407 0.3303964757709251 0.018145161290322582 0.020374449339207047
2 0.8585960410557185 0.24518171806167402 0.004215542521994135 0.005781938325991189
2 0.872892228739003 0.2053964757709251 0.004948680351906158 0.00881057268722467
2 0.9572030791788856 0.23348017621145375 0.0071480938416422285 0.009911894273127754
2 0.9338343108504399 0.28125 0.0032991202346041057 0.005781938325991189
2 0.9457478005865103 0.29873348017621143 0.0036656891495601175 0.011013215859030838
2 0.9498717008797654 0.08796806167400881 0.0038489736070381232 0.008535242290748899
3 0.8681268328445748 0.25316629955947134 0.01997800586510264 0.0151431718061674