3 0.6037760416666667 0.3525462962962963 0.03203125 0.014351851851851852
5 0.5997395833333333 0.34675925925925927 0.005729166666666666 0.010185185185185186
4 0.68671875 0.41967592592592595 0.005729166666666666 0.013425925925925926
3 0.6873697916666667 0.4337962962962963 0.027864583333333335 0.024074074074074074
3 0.82421875 0.39699074074074076 0.0234375 0.02175925925925926
2 0.6420572916666667 0.31666666666666665 0.00390625 0.005555555555555556
2 0.6513020833333333 0.32592592592592595 0.0036458333333333334 0.004629629629629629
2 0.67578125 0.31805555555555554 0.0036458333333333334 0.005555555555555556
2 0.6983072916666667 0.3490740740740741 0.0049479166666666664 0.006481481481481481
2 0.6279947916666667 0.30925925925925923 0.0033854166666666668 0.005555555555555556
2 0.728515625 0.3472222222222222 0.00390625 0.005555555555555556
3 0.761328125 0.33194444444444443 0.014322916666666666 0.014814814814814815
5 0.7638020833333333 0.3261574074074074 0.004166666666666667 0.0125
1 0.691015625 0.3141203703703704 0.0033854166666666668 0.0060185185185185185
1 0.6951822916666667 0.32731481481481484 0.00390625 0.007407407407407408
1 0.739453125 0.32546296296296295 0.00390625 0.006481481481481481
2 0.7376302083333334 0.35532407407407407 0.00390625 0.005092592592592593
2 0.6209635416666667 0.331712962962963 0.0033854166666666668 0.0060185185185185185