3 0.6596354166666667 0.35717592592592595 0.033854166666666664 0.015277777777777777
5 0.656640625 0.34930555555555554 0.006510416666666667 0.0125
4 0.6673177083333334 0.4548611111111111 0.00546875 0.013425925925925926
3 0.6670572916666667 0.46967592592592594 0.03619791666666667 0.029166666666666667
3 0.88828125 0.4134259259259259 0.027083333333333334 0.025925925925925925
2 0.7076822916666666 0.3189814814814815 0.00390625 0.005555555555555556
2 0.7200520833333334 0.33055555555555555 0.0036458333333333334 0.004629629629629629
2 0.74609375 0.3212962962962963 0.0036458333333333334 0.005555555555555556
2 0.76171875 0.3576388888888889 0.005729166666666666 0.00787037037037037
2 0.6990885416666667 0.3122685185185185 0.0033854166666666668 0.005092592592592593
2 0.7954427083333333 0.3576388888888889 0.0033854166666666668 0.005092592592592593
3 0.8364583333333333 0.3418981481481482 0.013541666666666667 0.016203703703703703
5 0.8375 0.3347222222222222 0.0046875 0.013888888888888888
1 0.7625 0.31851851851851853 0.003125 0.005555555555555556
1 0.7673177083333333 0.337037037037037 0.00390625 0.006481481481481481
1 0.8104166666666667 0.33402777777777776 0.004166666666666667 0.006944444444444444
2 0.805859375 0.3680555555555556 0.004427083333333333 0.005555555555555556
2 0.6923177083333333 0.3365740740740741 0.0033854166666666668 0.006481481481481481