3 0.526953125 0.48865740740740743 0.03619791666666667 0.02824074074074074
3 0.523046875 0.5481481481481482 0.02734375 0.03611111111111111
3 0.744921875 0.5462962962962963 0.05026041666666667 0.040740740740740744
3 0.8546875 0.5729166666666666 0.05625 0.038425925925925926
2 0.3692708333333333 0.5423611111111111 0.007291666666666667 0.011574074074074073
2 0.39674479166666665 0.544212962962963 0.007552083333333333 0.013425925925925926
2 0.4796875 0.5673611111111111 0.008333333333333333 0.013425925925925926
4 0.7540364583333333 0.5293981481481481 0.005989583333333334 0.02546296296296296
5 0.868359375 0.5530092592592593 0.008072916666666667 0.031018518518518518
5 0.8682291666666667 0.5752314814814815 0.0125 0.029166666666666667
4 0.7361979166666667 0.531712962962963 0.00625 0.016203703703703703
4 0.7485677083333333 0.5368055555555555 0.005989583333333334 0.016203703703703703
1 0.8860677083333334 0.6085648148148148 0.005989583333333334 0.011574074074074073
4 0.5197916666666667 0.5319444444444444 0.008333333333333333 0.023148148148148147