3 0.542578125 0.4791666666666667 0.03307291666666667 0.025925925925925925
3 0.5208333333333334 0.5333333333333333 0.0265625 0.03518518518518519
3 0.7483072916666667 0.5414351851851852 0.04453125 0.038425925925925926
3 0.8486979166666667 0.5680555555555555 0.059375 0.044444444444444446
2 0.37864583333333335 0.5291666666666667 0.008333333333333333 0.012962962962962963
2 0.4122395833333333 0.5280092592592592 0.007291666666666667 0.010648148148148148
2 0.44895833333333335 0.5539351851851851 0.008333333333333333 0.011574074074074073
4 0.755859375 0.5266203703703703 0.006510416666666667 0.02824074074074074
5 0.8611979166666667 0.5539351851851851 0.009895833333333333 0.034722222222222224
5 0.8610677083333333 0.5747685185185185 0.013802083333333333 0.03194444444444444
4 0.73828125 0.5280092592592592 0.007291666666666667 0.01898148148148148
1 0.8321614583333333 0.5967592592592592 0.00703125 0.012037037037037037
4 0.5162760416666666 0.5185185185185185 0.00859375 0.023148148148148147