3 0.5251302083333333 0.47939814814814813 0.03619791666666667 0.02638888888888889
3 0.505078125 0.5365740740740741 0.027864583333333335 0.037037037037037035
3 0.735546875 0.544675925925926 0.04765625 0.04027777777777778
3 0.8376302083333333 0.5710648148148149 0.05807291666666667 0.04583333333333333
2 0.35833333333333334 0.5333333333333333 0.008854166666666666 0.013888888888888888
2 0.39348958333333334 0.5324074074074074 0.0067708333333333336 0.010185185185185186
2 0.4295572916666667 0.5590277777777778 0.007552083333333333 0.010648148148148148
4 0.74453125 0.5284722222222222 0.0067708333333333336 0.02824074074074074
5 0.851171875 0.5567129629629629 0.01015625 0.03564814814814815
5 0.8516927083333333 0.5777777777777777 0.013802083333333333 0.032407407407407406
4 0.7264322916666667 0.5305555555555556 0.007552083333333333 0.019444444444444445
1 0.8197916666666667 0.5981481481481481 0.008333333333333333 0.010185185185185186
4 0.5 0.5212962962962963 0.008333333333333333 0.023148148148148147