3 0.37552083333333336 0.48055555555555557 0.04114583333333333 0.03425925925925926
3 0.36419270833333334 0.5675925925925925 0.03515625 0.05092592592592592
3 0.6373697916666666 0.5516203703703704 0.05859375 0.05138888888888889
3 0.7514322916666667 0.5766203703703704 0.07369791666666667 0.055092592592592596
2 0.16653645833333333 0.5849537037037037 0.00859375 0.0125
2 0.22161458333333334 0.5756944444444444 0.008333333333333333 0.014351851851851852
2 0.25299479166666666 0.6106481481481482 0.012239583333333333 0.019444444444444445
4 0.6467447916666667 0.5344907407407408 0.00703125 0.034722222222222224
5 0.7680989583333333 0.5555555555555556 0.011197916666666667 0.04259259259259259
5 0.7751302083333333 0.5837962962962963 0.013802083333333333 0.03425925925925926
1 0.7231770833333333 0.6106481481481482 0.008854166666666666 0.011111111111111112
4 0.6248697916666667 0.5363425925925925 0.00859375 0.01898148148148148
4 0.35794270833333336 0.5502314814814815 0.009114583333333334 0.03009259259259259
4 0.37395833333333334 0.47199074074074077 0.0067708333333333336 0.014351851851851852
4 0.38255208333333335 0.4710648148148148 0.007291666666666667 0.015277777777777777