3 0.3611979166666667 0.48055555555555557 0.04010416666666667 0.03333333333333333
3 0.3515625 0.5726851851851852 0.03697916666666667 0.053703703703703705
3 0.6305989583333333 0.5518518518518518 0.05911458333333333 0.05185185185185185
3 0.7463541666666667 0.5782407407407407 0.07552083333333333 0.05648148148148148
2 0.146875 0.5935185185185186 0.008854166666666666 0.012962962962962963
2 0.202734375 0.5833333333333334 0.00859375 0.014814814814814815
2 0.236328125 0.6210648148148148 0.015885416666666666 0.022685185185185187
4 0.6403645833333333 0.5356481481481481 0.008333333333333333 0.03611111111111111
5 0.7630208333333334 0.555787037037037 0.011979166666666667 0.04490740740740741
5 0.7709635416666667 0.5849537037037037 0.013802083333333333 0.034722222222222224
1 0.7178385416666667 0.6131944444444445 0.009114583333333334 0.0125
4 0.6180989583333333 0.5351851851851852 0.00859375 0.018518518518518517
4 0.34283854166666666 0.5534722222222223 0.01015625 0.031018518518518518
4 0.358984375 0.47129629629629627 0.00703125 0.014814814814814815
4 0.36796875 0.4706018518518518 0.0067708333333333336 0.014351851851851852