3 0.185546875 0.4962962962962963 0.04192708333333333 0.04537037037037037
3 0.20755208333333333 0.6592592592592592 0.07083333333333333 0.09444444444444444
3 0.5705729166666667 0.575 0.08125 0.06574074074074074
3 0.7020833333333333 0.587037037037037 0.10572916666666667 0.05740740740740741
2 0.06809895833333333 0.7856481481481481 0.022135416666666668 0.03611111111111111
2 0.09661458333333334 0.5164351851851852 0.013541666666666667 0.016203703703703703
4 0.5813802083333334 0.5502314814814815 0.01171875 0.0412037037037037
5 0.7260416666666667 0.5606481481481481 0.013020833333333334 0.05
5 0.6770833333333334 0.5509259259259259 0.015104166666666667 0.046296296296296294
2 0.7454427083333334 0.6298611111111111 0.012239583333333333 0.02175925925925926
1 0.703515625 0.6532407407407408 0.016927083333333332 0.022222222222222223
4 0.55703125 0.5516203703703704 0.0109375 0.02638888888888889
4 0.57734375 0.5631944444444444 0.010416666666666666 0.027314814814814816
4 0.19427083333333334 0.6375 0.013541666666666667 0.04814814814814815
4 0.17825520833333333 0.4861111111111111 0.010677083333333334 0.022222222222222223
4 0.19440104166666666 0.48310185185185184 0.011197916666666667 0.01990740740740741