3 0.4393229166666667 0.7631944444444444 0.06302083333333333 0.09861111111111111
3 0.4942708333333333 0.5567129629629629 0.029166666666666667 0.1125
3 0.6052083333333333 0.3175925925925926 0.059895833333333336 0.06481481481481481
2 0.6162760416666667 0.6157407407407407 0.029947916666666668 0.026851851851851852
2 0.6419270833333334 0.5680555555555555 0.010416666666666666 0.025925925925925925
1 0.6928385416666667 0.412962962962963 0.028385416666666666 0.019444444444444445
2 0.5798177083333333 0.33194444444444443 0.01171875 0.024074074074074074
5 0.4602864583333333 0.7900462962962963 0.012760416666666666 0.022685185185185187
6 0.5018229166666667 0.5881944444444445 0.007291666666666667 0.016203703703703703
4 0.49049479166666665 0.5701388888888889 0.009635416666666667 0.01898148148148148
4 0.5009114583333333 0.5699074074074074 0.009114583333333334 0.019444444444444445