3 0.4446614583333333 0.763425925925926 0.06328125 0.09907407407407408
3 0.49830729166666665 0.555787037037037 0.02890625 0.11157407407407408
3 0.6096354166666667 0.31851851851851853 0.0609375 0.06296296296296296
2 0.62265625 0.6233796296296297 0.028645833333333332 0.020833333333333332
2 0.6442708333333333 0.5685185185185185 0.015104166666666667 0.019444444444444445
1 0.676171875 0.4219907407407407 0.028385416666666666 0.022685185185185187
2 0.5829427083333333 0.34467592592592594 0.01484375 0.013425925925925926
5 0.465625 0.7902777777777777 0.0125 0.022222222222222223
6 0.5059895833333333 0.5872685185185185 0.007291666666666667 0.016203703703703703
4 0.4947916666666667 0.5689814814814815 0.009375 0.018518518518518517
4 0.5049479166666667 0.5689814814814815 0.008854166666666666 0.019444444444444445
4 0.5954427083333333 0.31851851851851853 0.010677083333333334 0.017592592592592594