3 0.5197916666666667 0.6645833333333333 0.029166666666666667 0.1125
3 0.6291666666666667 0.4289351851851852 0.0640625 0.055092592592592596
3 0.471875 0.8696759259259259 0.06510416666666667 0.10324074074074074
2 0.6651041666666667 0.7585648148148149 0.026041666666666668 0.03564814814814815
2 0.666796875 0.6888888888888889 0.00859375 0.032407407407407406
1 0.5796875 0.6189814814814815 0.021875 0.03333333333333333
2 0.6028645833333334 0.5289351851851852 0.019791666666666666 0.033796296296296297
5 0.49296875 0.8986111111111111 0.014583333333333334 0.022222222222222223
6 0.528125 0.6962962962962963 0.0067708333333333336 0.01574074074074074
4 0.518359375 0.6768518518518518 0.01015625 0.017592592592592594
4 0.5274739583333333 0.6782407407407407 0.008072916666666667 0.016666666666666666
4 0.617578125 0.4326388888888889 0.008072916666666667 0.015277777777777777