3 0.5205729166666667 0.6229166666666667 0.029166666666666667 0.11157407407407408
3 0.6311197916666667 0.387037037037037 0.06432291666666666 0.05555555555555555
3 0.475 0.8291666666666667 0.065625 0.1037037037037037
2 0.6666666666666666 0.7215277777777778 0.022916666666666665 0.03657407407407407
2 0.6666666666666666 0.6476851851851851 0.0109375 0.030555555555555555
1 0.5697916666666667 0.5895833333333333 0.027604166666666666 0.03657407407407407
2 0.60390625 0.4946759259259259 0.016145833333333335 0.024537037037037038
5 0.49518229166666666 0.8576388888888888 0.014322916666666666 0.02175925925925926
6 0.5287760416666667 0.6546296296296297 0.006510416666666667 0.014814814814814815
4 0.5188802083333334 0.6356481481481482 0.01015625 0.017592592592592594
4 0.5279947916666666 0.6370370370370371 0.008072916666666667 0.016666666666666666
4 0.61953125 0.3912037037037037 0.008333333333333333 0.01574074074074074