3 0.5192708333333333 0.6212962962962963 0.029166666666666667 0.11203703703703703
3 0.625 0.38425925925925924 0.06458333333333334 0.05555555555555555
3 0.47356770833333334 0.8284722222222223 0.06484375 0.10231481481481482
2 0.6634114583333334 0.7240740740740741 0.015885416666666666 0.02962962962962963
2 0.6618489583333333 0.6409722222222223 0.01171875 0.020833333333333332
1 0.558984375 0.6069444444444444 0.020052083333333335 0.037037037037037035
2 0.6037760416666667 0.5 0.020572916666666666 0.037037037037037035
5 0.494140625 0.8569444444444444 0.014322916666666666 0.021296296296296296
6 0.527734375 0.6523148148148148 0.006510416666666667 0.014814814814814815
4 0.5177083333333333 0.6340277777777777 0.009895833333333333 0.01712962962962963
4 0.5268229166666667 0.6349537037037037 0.0078125 0.016203703703703703
4 0.6127604166666667 0.3872685185185185 0.008854166666666666 0.01712962962962963