3 0.47942708333333334 0.6240740740740741 0.033854166666666664 0.11203703703703703
3 0.5470052083333333 0.35717592592592595 0.06276041666666667 0.05416666666666667
3 0.46002604166666666 0.8386574074074075 0.07265625 0.0912037037037037
2 0.6264322916666667 0.711574074074074 0.02109375 0.032407407407407406
2 0.6174479166666667 0.6046296296296296 0.009375 0.019444444444444445
1 0.5061197916666667 0.6569444444444444 0.014322916666666666 0.037037037037037035
2 0.5518229166666667 0.5043981481481481 0.019791666666666666 0.03194444444444444
5 0.48333333333333334 0.8611111111111112 0.013541666666666667 0.020370370370370372
6 0.49075520833333336 0.6530092592592592 0.006510416666666667 0.014351851851851852
4 0.4786458333333333 0.6375 0.009895833333333333 0.019444444444444445
4 0.487890625 0.6356481481481482 0.007552083333333333 0.016666666666666666
4 0.5359375 0.36203703703703705 0.009895833333333333 0.014814814814814815