3 0.34348958333333335 0.487962962962963 0.04895833333333333 0.024074074074074074
2 0.475390625 0.5356481481481481 0.00703125 0.013888888888888888
5 0.3619791666666667 0.47708333333333336 0.005208333333333333 0.0125
4 0.333203125 0.47847222222222224 0.0049479166666666664 0.015277777777777777
2 0.3399739583333333 0.5111111111111111 0.005989583333333334 0.010185185185185186
4 0.34817708333333336 0.47638888888888886 0.005729166666666666 0.016666666666666666
5 0.645703125 0.544212962962963 0.006510416666666667 0.016203703703703703
4 0.62734375 0.5513888888888889 0.011979166666666667 0.021296296296296296
4 0.969140625 0.5520833333333334 0.006510416666666667 0.016203703703703703
3 0.637109375 0.5016203703703703 0.02890625 0.03564814814814815
2 0.4830729166666667 0.55625 0.0067708333333333336 0.011574074074074073
3 0.6322916666666667 0.5634259259259259 0.035416666666666666 0.03796296296296296
3 0.9799479166666667 0.5659722222222222 0.04010416666666667 0.033796296296296297