3 0.22578125 0.5166666666666667 0.05260416666666667 0.026851851851851852
2 0.3515625 0.5513888888888889 0.008333333333333333 0.013888888888888888
5 0.24479166666666666 0.5025462962962963 0.005729166666666666 0.0125
4 0.21432291666666667 0.506712962962963 0.005208333333333333 0.016203703703703703
2 0.24388020833333332 0.5467592592592593 0.00703125 0.011111111111111112
4 0.23046875 0.5037037037037037 0.00625 0.018518518518518517
5 0.5575520833333333 0.5509259259259259 0.0067708333333333336 0.016666666666666666
4 0.8875 0.5243055555555556 0.00625 0.015277777777777777
3 0.5376302083333333 0.5046296296296297 0.028385416666666666 0.03888888888888889
2 0.38111979166666665 0.5798611111111112 0.00703125 0.011574074074074073
4 0.543359375 0.5601851851851852 0.009114583333333334 0.022222222222222223
3 0.5462239583333334 0.5719907407407407 0.032552083333333336 0.04212962962962963
3 0.9026041666666667 0.538425925925926 0.0484375 0.03333333333333333