3 0.15911458333333334 0.5268518518518519 0.05572916666666667 0.030555555555555555
2 0.27643229166666666 0.5523148148148148 0.00859375 0.014814814814814815
5 0.172265625 0.5099537037037037 0.009114583333333334 0.014351851851851852
4 0.14674479166666668 0.5157407407407407 0.00546875 0.017592592592592594
2 0.19986979166666666 0.5627314814814814 0.006510416666666667 0.011574074074074073
4 0.16393229166666667 0.5113425925925926 0.006510416666666667 0.01898148148148148
4 0.844140625 0.4844907407407407 0.007552083333333333 0.015277777777777777
4 0.8740885416666667 0.49907407407407406 0.007552083333333333 0.025
3 0.4875 0.49027777777777776 0.027083333333333334 0.040740740740740744
2 0.33671875 0.5858796296296296 0.009375 0.014351851851851852
3 0.509765625 0.5532407407407407 0.029947916666666668 0.06296296296296296
3 0.859765625 0.49745370370370373 0.05026041666666667 0.03287037037037037
3 0.9440104166666666 0.10694444444444444 0.010416666666666666 0.012037037037037037