3 0.151953125 0.5277777777777778 0.055989583333333336 0.030555555555555555
2 0.2677083333333333 0.5532407407407407 0.008854166666666666 0.013888888888888888
5 0.16341145833333334 0.5094907407407407 0.009635416666666667 0.018055555555555554
4 0.13919270833333333 0.5164351851851852 0.00546875 0.018055555555555554
2 0.19479166666666667 0.5636574074074074 0.00625 0.011574074074074073
4 0.15703125 0.5122685185185185 0.0067708333333333336 0.01898148148148148
4 0.8393229166666667 0.4787037037037037 0.007291666666666667 0.01574074074074074
4 0.8694010416666667 0.49189814814814814 0.00703125 0.02361111111111111
3 0.481640625 0.487962962962963 0.026822916666666665 0.041666666666666664
2 0.3326822916666667 0.5879629629629629 0.010677083333333334 0.013888888888888888
3 0.506640625 0.5509259259259259 0.02890625 0.06388888888888888
3 0.8545572916666667 0.4925925925925926 0.05078125 0.030555555555555555
3 0.9287760416666667 0.09814814814814815 0.01015625 0.012037037037037037