3 0.07408854166666666 0.5673611111111111 0.05807291666666667 0.0412037037037037
2 0.17291666666666666 0.5712962962962963 0.008333333333333333 0.01574074074074074
4 0.0609375 0.5574074074074075 0.0067708333333333336 0.020370370370370372
2 0.14583333333333334 0.5965277777777778 0.007291666666666667 0.014351851851851852
4 0.764453125 0.4127314814814815 0.007552083333333333 0.014351851851851852
4 0.7953125 0.4236111111111111 0.0067708333333333336 0.024074074074074074
3 0.4161458333333333 0.4689814814814815 0.023958333333333335 0.04722222222222222
2 0.28515625 0.6074074074074074 0.0109375 0.012037037037037037
3 0.4671875 0.5356481481481481 0.028645833333333332 0.06759259259259259
3 0.7791666666666667 0.425 0.051041666666666666 0.028703703703703703
3 0.724609375 0.005555555555555556 0.011197916666666667 0.011111111111111112