3 0.028776041666666665 0.6233796296296297 0.05755208333333333 0.047685185185185185
2 0.11223958333333334 0.6152777777777778 0.008854166666666666 0.014814814814814815
5 0.04114583333333333 0.5969907407407408 0.009375 0.027314814814814816
4 0.015755208333333333 0.6150462962962963 0.008072916666666667 0.022685185185185187
2 0.11979166666666667 0.6414351851851852 0.0078125 0.015277777777777777
4 0.6979166666666666 0.38564814814814813 0.0078125 0.01574074074074074
4 0.728515625 0.39375 0.00703125 0.02361111111111111
3 0.3671875 0.4787037037037037 0.025 0.04814814814814815
2 0.25625 0.6439814814814815 0.0078125 0.012962962962962963
3 0.4359375 0.5402777777777777 0.0359375 0.06851851851851852
3 0.7119791666666667 0.39560185185185187 0.05 0.024537037037037038