1 0.1772357723577236 0.10396570203644159 0.00975609756097561 0.01714898177920686
3 0.38739837398373983 0.26312968917470525 0.034959349593495934 0.020364415862808145
3 0.2508130081300813 0.031082529474812434 0.02032520325203252 0.04501607717041801
3 0.015853658536585366 0.15058949624866025 0.03170731707317073 0.02679528403001072
2 0.10447154471544716 0.1939978563772776 0.00894308943089431 0.015005359056806002
2 0.2739837398373984 0.18863879957127547 0.00975609756097561 0.015005359056806002
2 0.2967479674796748 0.21543408360128619 0.014634146341463415 0.012861736334405145
2 0.24959349593495936 0.21864951768488747 0.013008130081300813 0.015005359056806002
2 0.367479674796748 0.2497320471596999 0.008130081300813009 0.012861736334405145
2 0.37642276422764226 0.18810289389067525 0.011382113821138212 0.01607717041800643
2 0.1878048780487805 0.11039657020364416 0.011382113821138212 0.012861736334405145
1 0.1951219512195122 0.2620578778135048 0.008130081300813009 0.01607717041800643