2 0.5459635416666667 0.46319444444444446 0.01328125 0.013425925925925926
3 0.5985677083333333 0.29097222222222224 0.04140625 0.020833333333333332
3 0.6190104166666667 0.33587962962962964 0.0375 0.04398148148148148
1 0.6282552083333334 0.4895833333333333 0.009114583333333334 0.011574074074074073
5 0.6552083333333333 0.6136574074074074 0.007291666666666667 0.0125
3 0.6536458333333334 0.6486111111111111 0.0234375 0.062037037037037036
1 0.5802083333333333 0.3025462962962963 0.008854166666666666 0.0125
2 0.690625 0.48125 0.011458333333333333 0.014351851851851852
1 0.575390625 0.46828703703703706 0.010677083333333334 0.013425925925925926
1 0.5708333333333333 0.480787037037037 0.005729166666666666 0.011574074074074073
4 0.6533854166666667 0.6509259259259259 0.007291666666666667 0.02962962962962963
5 0.59140625 0.28449074074074077 0.005208333333333333 0.010648148148148148