3 0.6020833333333333 0.28402777777777777 0.041666666666666664 0.02175925925925926
2 0.54765625 0.45694444444444443 0.015104166666666667 0.012037037037037037
3 0.6234375 0.3287037037037037 0.03802083333333333 0.04351851851851852
1 0.6319010416666667 0.48680555555555555 0.012239583333333333 0.014351851851851852
5 0.6611979166666667 0.6060185185185185 0.0078125 0.012037037037037037
3 0.6588541666666666 0.6393518518518518 0.022916666666666665 0.06111111111111111
1 0.5833333333333334 0.30648148148148147 0.011458333333333333 0.01574074074074074
2 0.6946614583333334 0.4699074074074074 0.005989583333333334 0.012037037037037037
1 0.6204427083333334 0.35648148148148145 0.009114583333333334 0.008333333333333333
1 0.579296875 0.45902777777777776 0.008072916666666667 0.013425925925925926
1 0.5772135416666667 0.4787037037037037 0.004427083333333333 0.013888888888888888
4 0.6580729166666667 0.6407407407407407 0.008333333333333333 0.028703703703703703
5 0.5950520833333334 0.27708333333333335 0.005729166666666666 0.011574074074074073