3 0.6041666666666666 0.28379629629629627 0.04114583333333333 0.022222222222222223
2 0.5490885416666667 0.45578703703703705 0.015364583333333333 0.01712962962962963
3 0.626171875 0.3275462962962963 0.03828125 0.043055555555555555
1 0.634375 0.48657407407407405 0.008854166666666666 0.012037037037037037
5 0.6640625 0.6032407407407407 0.0078125 0.012037037037037037
3 0.66171875 0.6368055555555555 0.022916666666666665 0.060648148148148145
1 0.5848958333333333 0.3122685185185185 0.0125 0.013425925925925926
2 0.698046875 0.46782407407407406 0.00546875 0.0125
1 0.6212239583333333 0.35810185185185184 0.009635416666666667 0.011574074074074073
1 0.5825520833333333 0.45694444444444443 0.009895833333333333 0.012962962962962963
1 0.5796875 0.4787037037037037 0.005208333333333333 0.013888888888888888
4 0.6611979166666667 0.6377314814814815 0.0078125 0.02824074074074074
5 0.5973958333333333 0.2763888888888889 0.005208333333333333 0.012037037037037037