3 0.60703125 0.2824074074074074 0.041666666666666664 0.022222222222222223
2 0.5501302083333334 0.4525462962962963 0.012760416666666666 0.0125
3 0.6290364583333333 0.32592592592592595 0.03828125 0.04259259259259259
1 0.636328125 0.48865740740740743 0.01171875 0.013425925925925926
5 0.6673177083333334 0.600462962962963 0.007552083333333333 0.012037037037037037
3 0.6647135416666666 0.6356481481481482 0.02265625 0.062037037037037036
1 0.5888020833333333 0.31504629629629627 0.009375 0.014351851851851852
2 0.7010416666666667 0.46597222222222223 0.00625 0.0125
1 0.6239583333333333 0.3587962962962963 0.010416666666666666 0.011111111111111112
1 0.5859375 0.45625 0.010416666666666666 0.0125
1 0.58125 0.47800925925925924 0.009895833333333333 0.013425925925925926
4 0.6641927083333333 0.6365740740740741 0.008072916666666667 0.028703703703703703
5 0.6 0.27569444444444446 0.005208333333333333 0.0125