3 0.608203125 0.28217592592592594 0.04088541666666667 0.02175925925925926
2 0.5509114583333333 0.45092592592592595 0.012239583333333333 0.014814814814814815
3 0.6305989583333333 0.32569444444444445 0.038802083333333334 0.04212962962962963
1 0.637109375 0.48726851851851855 0.006510416666666667 0.0125
5 0.6686197916666666 0.600462962962963 0.007552083333333333 0.012037037037037037
3 0.6661458333333333 0.6340277777777777 0.021875 0.060648148148148145
1 0.5885416666666666 0.3159722222222222 0.0125 0.015277777777777777
2 0.702734375 0.4652777777777778 0.005989583333333334 0.012037037037037037
1 0.6266927083333333 0.3590277777777778 0.01328125 0.014351851851851852
1 0.586328125 0.45532407407407405 0.009635416666666667 0.0125
1 0.583984375 0.4775462962962963 0.009635416666666667 0.011574074074074073
4 0.6658854166666667 0.6356481481481482 0.0078125 0.028703703703703703
5 0.6014322916666667 0.275 0.00546875 0.012037037037037037