3 0.6102864583333333 0.2793981481481482 0.04088541666666667 0.02175925925925926
2 0.5513020833333333 0.45023148148148145 0.010416666666666666 0.013425925925925926
3 0.6330729166666667 0.32314814814814813 0.0390625 0.041666666666666664
1 0.6380208333333334 0.48912037037037037 0.013020833333333334 0.015277777777777777
5 0.6709635416666667 0.5965277777777778 0.007552083333333333 0.0125
3 0.668359375 0.6303240740740741 0.022135416666666668 0.060648148148148145
1 0.5889322916666667 0.3212962962962963 0.009635416666666667 0.012037037037037037
2 0.7055989583333333 0.46041666666666664 0.005989583333333334 0.0125
1 0.6227864583333333 0.36041666666666666 0.01640625 0.013425925925925926
1 0.5889322916666667 0.45208333333333334 0.009114583333333334 0.0125
1 0.5856770833333333 0.47314814814814815 0.007291666666666667 0.012037037037037037
4 0.668359375 0.6303240740740741 0.007552083333333333 0.02824074074074074
5 0.6028645833333334 0.2724537037037037 0.005729166666666666 0.0125