3 0.6108072916666667 0.2796296296296296 0.04140625 0.022222222222222223
2 0.5515625 0.44907407407407407 0.011458333333333333 0.012962962962962963
3 0.6338541666666667 0.3236111111111111 0.03958333333333333 0.041666666666666664
1 0.638671875 0.48865740740740743 0.008072916666666667 0.0125
5 0.671875 0.5962962962962963 0.007291666666666667 0.012037037037037037
3 0.6692708333333334 0.6291666666666667 0.022395833333333334 0.06111111111111111
1 0.591015625 0.32337962962962963 0.010677083333333334 0.014351851851851852
2 0.7067708333333333 0.46087962962962964 0.00625 0.0125
1 0.62421875 0.3613425925925926 0.013020833333333334 0.013425925925925926
1 0.58984375 0.4534722222222222 0.008854166666666666 0.013425925925925926
1 0.5869791666666667 0.47291666666666665 0.005729166666666666 0.011574074074074073
4 0.66875 0.6303240740740741 0.0078125 0.02824074074074074
5 0.6033854166666667 0.2724537037037037 0.005208333333333333 0.0125