3 0.6125 0.27847222222222223 0.04114583333333333 0.02175925925925926
2 0.5518229166666667 0.4486111111111111 0.009895833333333333 0.013888888888888888
3 0.6356770833333333 0.32175925925925924 0.03958333333333333 0.041666666666666664
1 0.6381510416666667 0.48935185185185187 0.00859375 0.013888888888888888
5 0.6740885416666667 0.5935185185185186 0.00703125 0.012037037037037037
3 0.6709635416666667 0.6270833333333333 0.022135416666666668 0.06157407407407407
1 0.590625 0.32731481481481484 0.010416666666666666 0.013888888888888888
2 0.708203125 0.45694444444444443 0.00703125 0.012037037037037037
1 0.6235677083333333 0.36157407407407405 0.009635416666666667 0.012037037037037037
1 0.59140625 0.4534722222222222 0.011979166666666667 0.0125
1 0.5908854166666667 0.4726851851851852 0.00625 0.012037037037037037
4 0.670703125 0.6280092592592592 0.008072916666666667 0.02824074074074074
5 0.6053385416666667 0.2710648148148148 0.005989583333333334 0.0125