3 0.484375 0.2814814814814815 0.040625 0.022222222222222223
2 0.43359375 0.45949074074074076 0.008333333333333333 0.015277777777777777
3 0.5106770833333333 0.3212962962962963 0.03958333333333333 0.04259259259259259
1 0.5201822916666666 0.49074074074074076 0.012239583333333333 0.012037037037037037
5 0.5635416666666667 0.5833333333333334 0.0078125 0.011111111111111112
3 0.562109375 0.6171296296296296 0.022135416666666668 0.05925925925925926
1 0.4647135416666667 0.3451388888888889 0.01015625 0.010648148148148148
2 0.5890625 0.4428240740740741 0.0067708333333333336 0.0125
1 0.4973958333333333 0.3664351851851852 0.0125 0.013425925925925926
1 0.4734375 0.45694444444444443 0.009895833333333333 0.012037037037037037
1 0.47408854166666664 0.48032407407407407 0.00859375 0.011574074074074073
4 0.5615885416666667 0.61875 0.007552083333333333 0.02824074074074074
5 0.47682291666666665 0.274537037037037 0.005729166666666666 0.012962962962962963