1 0.5776041666666667 0.4671296296296296 0.009895833333333333 0.011111111111111112
2 0.6830729166666667 0.4479166666666667 0.005729166666666666 0.011574074074074073
3 0.5930989583333334 0.3398148148148148 0.03619791666666667 0.03981481481481482
1 0.5825520833333333 0.4962962962962963 0.0078125 0.011111111111111112
3 0.5592447916666666 0.3034722222222222 0.038802083333333334 0.020833333333333332
1 0.5522135416666667 0.3773148148148148 0.011197916666666667 0.012962962962962963
1 0.58125 0.3872685185185185 0.011458333333333333 0.013425925925925926
1 0.6287760416666667 0.5053240740740741 0.009114583333333334 0.013425925925925926
2 0.5411458333333333 0.47638888888888886 0.008854166666666666 0.012962962962962963
5 0.6907552083333334 0.5775462962962963 0.007552083333333333 0.009722222222222222
4 0.6907552083333334 0.6090277777777777 0.00703125 0.02638888888888889
5 0.5526041666666667 0.29791666666666666 0.0046875 0.011574074074074073
3 0.68828125 0.6078703703703704 0.025 0.05462962962962963
5 0.56875 0.2949074074074074 0.0046875 0.011111111111111112