1 0.600390625 0.46273148148148147 0.013802083333333333 0.0125
2 0.7013020833333333 0.44004629629629627 0.005208333333333333 0.011574074074074073
3 0.6096354166666667 0.3368055555555556 0.035416666666666666 0.038425925925925926
1 0.605078125 0.49050925925925926 0.011197916666666667 0.015277777777777777
3 0.5744791666666667 0.30115740740740743 0.03802083333333333 0.01990740740740741
1 0.572265625 0.3752314814814815 0.00859375 0.016203703703703703
1 0.6009114583333334 0.38263888888888886 0.010677083333333334 0.011574074074074073
1 0.652734375 0.49699074074074073 0.010677083333333334 0.0125
2 0.5622395833333333 0.4724537037037037 0.013020833333333334 0.014351851851851852
5 0.7162760416666667 0.5659722222222222 0.007552083333333333 0.010648148148148148
4 0.7170572916666667 0.5969907407407408 0.00703125 0.02546296296296296
5 0.5678385416666667 0.29560185185185184 0.0049479166666666664 0.010648148148148148
3 0.7143229166666667 0.5962962962962963 0.025520833333333333 0.05462962962962963
5 0.5838541666666667 0.29305555555555557 0.0046875 0.011111111111111112