1 0.6169270833333333 0.41574074074074074 0.011979166666666667 0.012037037037037037
2 0.705078125 0.387037037037037 0.00546875 0.010185185185185186
3 0.606640625 0.300462962962963 0.03203125 0.03796296296296296
1 0.62734375 0.44212962962962965 0.009895833333333333 0.011111111111111112
3 0.5680989583333333 0.27175925925925926 0.03619791666666667 0.020370370370370372
1 0.5782552083333333 0.34444444444444444 0.01015625 0.012962962962962963
1 0.6690104166666667 0.44513888888888886 0.008333333333333333 0.010648148148148148
2 0.584765625 0.42962962962962964 0.013802083333333333 0.012037037037037037
5 0.7412760416666667 0.49675925925925923 0.006510416666666667 0.009259259259259259
5 0.5630208333333333 0.26689814814814816 0.005208333333333333 0.011574074074074073
4 0.7447916666666666 0.5243055555555556 0.0067708333333333336 0.022685185185185187
3 0.7424479166666667 0.5231481481481481 0.027604166666666666 0.049074074074074076
5 0.576953125 0.26273148148148145 0.004427083333333333 0.009722222222222222