3 0.8459635416666667 0.6192129629629629 0.09192708333333334 0.07916666666666666
2 0.6127604166666667 0.4622685185185185 0.015104166666666667 0.01898148148148148
3 0.20572916666666666 0.4497685185185185 0.09635416666666667 0.04953703703703704
2 0.5151041666666667 0.41712962962962963 0.0109375 0.013888888888888888
2 0.35455729166666666 0.32546296296296295 0.008072916666666667 0.012037037037037037
3 0.3287760416666667 0.32685185185185184 0.04609375 0.03796296296296296
4 0.816015625 0.6016203703703704 0.01484375 0.05138888888888889
4 0.8484375 0.606712962962963 0.021875 0.04398148148148148
5 0.8311197916666667 0.611574074074074 0.02109375 0.041666666666666664
5 0.3125 0.3178240740740741 0.011979166666666667 0.020833333333333332
4 0.227734375 0.42291666666666666 0.015885416666666666 0.02546296296296296
4 0.33046875 0.30972222222222223 0.009375 0.020370370370370372
4 0.865234375 0.59375 0.01484375 0.047685185185185185
4 0.21731770833333333 0.4233796296296296 0.011197916666666667 0.029166666666666667