3 0.838671875 0.5710648148148149 0.10286458333333333 0.0625
2 0.701953125 0.430787037037037 0.017447916666666667 0.015277777777777777
3 0.35013020833333336 0.38819444444444445 0.09192708333333334 0.03194444444444444
3 0.170703125 0.2847222222222222 0.054947916666666666 0.022222222222222223
2 0.640234375 0.3905092592592593 0.00859375 0.0125
2 0.5401041666666667 0.3076388888888889 0.008333333333333333 0.0125
3 0.5127604166666667 0.30787037037037035 0.04895833333333333 0.030555555555555555
4 0.8057291666666667 0.5513888888888889 0.013020833333333334 0.05
4 0.8373697916666667 0.5574074074074075 0.020572916666666666 0.03981481481481482
5 0.8186197916666667 0.5604166666666667 0.01953125 0.038425925925925926
5 0.49518229166666666 0.29583333333333334 0.01015625 0.019444444444444445
4 0.369921875 0.36736111111111114 0.012760416666666666 0.018055555555555554
4 0.5169270833333334 0.29212962962962963 0.007291666666666667 0.020370370370370372
4 0.857421875 0.55 0.01953125 0.040740740740740744
4 0.19114583333333332 0.275 0.0109375 0.026851851851851852
4 0.15234375 0.27546296296296297 0.005729166666666666 0.012962962962962963