2 0.730859375 0.2881944444444444 0.007552083333333333 0.011574074074074073
3 0.6915364583333333 0.2136574074074074 0.05390625 0.024537037037037038
2 0.7600260416666667 0.32199074074074074 0.01015625 0.015277777777777777
3 0.4747395833333333 0.25254629629629627 0.08072916666666667 0.029166666666666667
3 0.74453125 0.4321759259259259 0.11875 0.052314814814814814
3 0.4125 0.16412037037037036 0.053125 0.020833333333333332
5 0.6735677083333333 0.19953703703703704 0.00859375 0.017592592592592594
4 0.7127604166666667 0.4050925925925926 0.013020833333333334 0.040740740740740744
5 0.7174479166666666 0.4134259259259259 0.01875 0.03425925925925926
5 0.715234375 0.21064814814814814 0.010677083333333334 0.027777777777777776
4 0.737109375 0.41435185185185186 0.019010416666666665 0.03333333333333333
4 0.6993489583333333 0.2011574074074074 0.007552083333333333 0.016203703703703703
5 0.7654947916666667 0.40902777777777777 0.01640625 0.034722222222222224
4 0.767578125 0.41388888888888886 0.02109375 0.03333333333333333
4 0.4908854166666667 0.2386574074074074 0.009895833333333333 0.016203703703703703
4 0.4303385416666667 0.15949074074074074 0.009635416666666667 0.02361111111111111
4 0.3938802083333333 0.1537037037037037 0.0049479166666666664 0.011111111111111112