2 0.8029947916666667 0.33240740740740743 0.007552083333333333 0.010185185185185186
3 0.8458333333333333 0.2655092592592593 0.059895833333333336 0.02824074074074074
2 0.809375 0.3587962962962963 0.011458333333333333 0.014814814814814815
3 0.64296875 0.45208333333333334 0.11770833333333333 0.052314814814814814
3 0.5821614583333333 0.2738425925925926 0.06744791666666666 0.03287037037037037
3 0.62265625 0.19212962962962962 0.051041666666666666 0.020370370370370372
5 0.8260416666666667 0.24768518518518517 0.008333333333333333 0.017592592592592594
5 0.6123697916666667 0.42916666666666664 0.015364583333333333 0.030555555555555555
5 0.8677083333333333 0.25578703703703703 0.011458333333333333 0.024537037037037038
4 0.6291666666666667 0.42939814814814814 0.015625 0.031018518518518518
4 0.8557291666666667 0.25277777777777777 0.0078125 0.016666666666666666
4 0.6614583333333334 0.43148148148148147 0.0203125 0.03148148148148148
4 0.594140625 0.2604166666666667 0.007552083333333333 0.01712962962962963
4 0.6005208333333333 0.2587962962962963 0.0067708333333333336 0.01574074074074074
4 0.6389322916666667 0.1886574074074074 0.008072916666666667 0.022685185185185187
4 0.6045572916666667 0.18032407407407408 0.004427083333333333 0.010648148148148148