2 0.8014322916666666 0.3439814814814815 0.00859375 0.011111111111111112
3 0.8454427083333333 0.27361111111111114 0.06067708333333333 0.027777777777777776
2 0.8145833333333333 0.37569444444444444 0.011979166666666667 0.013425925925925926
3 0.578515625 0.2886574074074074 0.06692708333333333 0.033796296296296297
3 0.6411458333333333 0.4789351851851852 0.11979166666666667 0.056018518518518516
3 0.6201822916666667 0.20416666666666666 0.05130208333333333 0.019444444444444445
5 0.82578125 0.2574074074074074 0.008854166666666666 0.018518518518518517
5 0.6098958333333333 0.45717592592592593 0.015625 0.03194444444444444
5 0.8680989583333333 0.262037037037037 0.012239583333333333 0.026851851851851852
4 0.62734375 0.4587962962962963 0.015104166666666667 0.03148148148148148
4 0.8561197916666666 0.26064814814814813 0.00703125 0.017592592592592594
5 0.66875 0.45717592592592593 0.011458333333333333 0.034722222222222224
4 0.6575520833333334 0.46064814814814814 0.0171875 0.03425925925925926
4 0.5901041666666667 0.2761574074074074 0.007291666666666667 0.01712962962962963
4 0.5966145833333333 0.27546296296296297 0.0067708333333333336 0.01574074074074074
4 0.636328125 0.20069444444444445 0.008072916666666667 0.022685185185185187
4 0.6182291666666667 0.19328703703703703 0.004166666666666667 0.0125
4 0.6020833333333333 0.19421296296296298 0.004166666666666667 0.011574074074074073