3 0.7975260416666666 0.26666666666666666 0.06536458333333334 0.025925925925925925
3 0.5110677083333334 0.2969907407407407 0.07005208333333333 0.034722222222222224
3 0.5809895833333333 0.5210648148148148 0.134375 0.06435185185185185
3 0.5546875 0.19745370370370371 0.05416666666666667 0.01990740740740741
2 0.7533854166666667 0.34814814814814815 0.008333333333333333 0.01574074074074074
2 0.7755208333333333 0.38310185185185186 0.013541666666666667 0.015277777777777777
5 0.7756510416666667 0.25069444444444444 0.00859375 0.018055555555555554
5 0.5458333333333333 0.5011574074074074 0.017708333333333333 0.038425925925925926
5 0.820703125 0.24837962962962962 0.01171875 0.0375
4 0.5645833333333333 0.5027777777777778 0.0171875 0.03518518518518519
4 0.8091145833333333 0.25324074074074077 0.0078125 0.01574074074074074
5 0.61171875 0.4960648148148148 0.011979166666666667 0.03935185185185185
4 0.599609375 0.5016203703703703 0.019010416666666665 0.04027777777777778
4 0.52265625 0.2828703703703704 0.008333333333333333 0.019444444444444445
4 0.5290364583333333 0.2791666666666667 0.00703125 0.016666666666666666
4 0.5720052083333333 0.19282407407407406 0.00859375 0.02361111111111111
4 0.5356770833333333 0.1875 0.005208333333333333 0.011111111111111112
4 0.5524739583333333 0.18564814814814815 0.00390625 0.012962962962962963