5 0.40403645833333335 0.5418981481481482 0.02578125 0.0587962962962963
4 0.425 0.5467592592592593 0.052083333333333336 0.058333333333333334
4 0.48684895833333336 0.5509259259259259 0.031510416666666666 0.06296296296296296
2 0.7153645833333333 0.3085648148148148 0.013020833333333334 0.015277777777777777
4 0.40286458333333336 0.24050925925925926 0.011979166666666667 0.02361111111111111
4 0.415625 0.2363425925925926 0.009895833333333333 0.024537037037037038
3 0.40130208333333334 0.25763888888888886 0.06302083333333333 0.047685185185185185
2 0.7763020833333333 0.35347222222222224 0.016145833333333335 0.020833333333333332
5 0.7953125 0.2099537037037037 0.0109375 0.043055555555555555
5 0.7463541666666667 0.20810185185185184 0.011458333333333333 0.02361111111111111
3 0.4591145833333333 0.5805555555555556 0.21666666666666667 0.10555555555555556
4 0.484765625 0.1527777777777778 0.01171875 0.025925925925925925
3 0.465234375 0.15925925925925927 0.06432291666666666 0.024074074074074074
3 0.7721354166666666 0.23032407407407407 0.08125 0.033796296296296297
5 0.51171875 0.5414351851851852 0.019791666666666666 0.05787037037037037
4 0.7877604166666666 0.21550925925925926 0.008333333333333333 0.02175925925925926
4 0.4454427083333333 0.1476851851851852 0.006510416666666667 0.014814814814814815
4 0.4615885416666667 0.14583333333333334 0.005989583333333334 0.013888888888888888