5 0.319921875 0.5043981481481481 0.020052083333333335 0.059722222222222225
4 0.343359375 0.5113425925925926 0.03411458333333333 0.0587962962962963
4 0.38815104166666664 0.517824074074074 0.029427083333333333 0.06157407407407407
2 0.738671875 0.30810185185185185 0.010677083333333334 0.018055555555555554
4 0.44817708333333334 0.2247685185185185 0.0109375 0.02175925925925926
4 0.46002604166666666 0.22314814814814815 0.01171875 0.024074074074074074
3 0.44921875 0.24305555555555555 0.05260416666666667 0.044444444444444446
2 0.79453125 0.35462962962962963 0.015625 0.019444444444444445
5 0.861328125 0.2199074074074074 0.010677083333333334 0.044444444444444446
5 0.8145833333333333 0.21041666666666667 0.011458333333333333 0.022685185185185187
3 0.37057291666666664 0.5428240740740741 0.1765625 0.11527777777777778
4 0.5696614583333334 0.14444444444444443 0.012760416666666666 0.023148148148148147
3 0.5548177083333333 0.15231481481481482 0.06171875 0.026851851851851852
3 0.83671875 0.2310185185185185 0.07135416666666666 0.037037037037037035
5 0.41458333333333336 0.50625 0.0203125 0.050462962962962966
4 0.5337239583333333 0.14050925925925925 0.006510416666666667 0.011574074074074073
4 0.5513020833333333 0.1398148148148148 0.0067708333333333336 0.01574074074074074