2 0.844140625 0.3055555555555556 0.01484375 0.017592592592592594
3 0.8545572916666667 0.11921296296296297 0.06848958333333334 0.033796296296296297
4 0.902734375 0.15787037037037038 0.008072916666666667 0.018518518518518517
4 0.8733072916666667 0.11967592592592592 0.009635416666666667 0.027314814814814816
3 0.9166666666666666 0.17199074074074075 0.07395833333333333 0.033796296296296297
5 0.19635416666666666 0.475462962962963 0.019791666666666666 0.04537037037037037
4 0.16888020833333334 0.4828703703703704 0.021614583333333333 0.053703703703703705
4 0.147265625 0.4708333333333333 0.020052083333333335 0.05648148148148148
4 0.912109375 0.1525462962962963 0.009114583333333334 0.03009259259259259
4 0.83046875 0.10625 0.0067708333333333336 0.014351851851851852
4 0.8516927083333333 0.10856481481481481 0.010677083333333334 0.015277777777777777
3 0.18072916666666666 0.5055555555555555 0.09322916666666667 0.125
2 0.9125 0.3701388888888889 0.03229166666666667 0.02638888888888889