3 0.48997395833333335 0.0824074074074074 0.07213541666666666 0.02962962962962963
4 0.7537760416666667 0.17199074074074075 0.00859375 0.02175925925925926
3 0.9657552083333333 0.1553240740740741 0.06848958333333334 0.03194444444444444
5 0.7234375 0.16087962962962962 0.011458333333333333 0.029166666666666667
4 0.4845052083333333 0.06967592592592593 0.006510416666666667 0.016203703703703703
4 0.46236979166666664 0.06944444444444445 0.005989583333333334 0.014814814814814815
4 0.95703125 0.13796296296296295 0.007291666666666667 0.025925925925925925
4 0.50625 0.07847222222222222 0.009375 0.03009259259259259
4 0.949609375 0.1412037037037037 0.007552083333333333 0.017592592592592594
5 0.7423177083333333 0.1726851851851852 0.01171875 0.023148148148148147
3 0.738671875 0.18726851851851853 0.07161458333333333 0.06342592592592593
2 0.47317708333333336 0.2657407407407407 0.013020833333333334 0.018518518518518517
2 0.6010416666666667 0.3173611111111111 0.023958333333333335 0.02361111111111111