3 0.2794270833333333 0.6481481481481481 0.0578125 0.175
4 0.285546875 0.6662037037037037 0.017447916666666667 0.03518518518518519
2 0.5016927083333333 0.3729166666666667 0.014322916666666666 0.02546296296296296
3 0.6794270833333333 0.27847222222222223 0.0515625 0.15601851851851853
5 0.694921875 0.28425925925925927 0.011197916666666667 0.028703703703703703
2 0.4298177083333333 0.6393518518518518 0.030989583333333334 0.049074074074074076
2 0.49518229166666666 0.4201388888888889 0.039322916666666666 0.024537037037037038
3 0.9763020833333333 0.3108796296296296 0.046875 0.0837962962962963
3 0.3776041666666667 0.9337962962962963 0.11458333333333333 0.1111111111111111
1 0.6895833333333333 0.8645833333333334 0.036458333333333336 0.050462962962962966
4 0.38190104166666666 0.9337962962962963 0.023697916666666666 0.03518518518518519