3 0.278125 0.6157407407407407 0.0515625 0.17592592592592593
4 0.2859375 0.6326388888888889 0.017708333333333333 0.033796296296296297
2 0.4984375 0.3488425925925926 0.013020833333333334 0.02361111111111111
3 0.676171875 0.2516203703703704 0.04973958333333333 0.15231481481481482
5 0.6895833333333333 0.25925925925925924 0.009895833333333333 0.026851851851851852
2 0.431640625 0.6025462962962963 0.02734375 0.047685185185185185
2 0.5020833333333333 0.39861111111111114 0.027604166666666666 0.03148148148148148
3 0.9733072916666666 0.28564814814814815 0.053385416666666664 0.09074074074074075
3 0.37408854166666666 0.9108796296296297 0.10807291666666667 0.1726851851851852
1 0.6826822916666667 0.8319444444444445 0.025260416666666667 0.06851851851851852
4 0.38111979166666665 0.8912037037037037 0.020052083333333335 0.037037037037037035