3 0.27760416666666665 0.5731481481481482 0.04895833333333333 0.16944444444444445
4 0.2852864583333333 0.5872685185185185 0.01796875 0.03287037037037037
2 0.49270833333333336 0.3178240740740741 0.0125 0.02361111111111111
3 0.6712239583333334 0.21666666666666667 0.04869791666666667 0.16018518518518518
5 0.6838541666666667 0.2273148148148148 0.011979166666666667 0.030555555555555555
2 0.43697916666666664 0.5537037037037037 0.019791666666666666 0.05648148148148148
2 0.5044270833333333 0.37245370370370373 0.018229166666666668 0.047685185185185185
3 0.9686197916666667 0.24861111111111112 0.06276041666666667 0.09814814814814815
3 0.37395833333333334 0.8650462962962963 0.10885416666666667 0.19027777777777777
1 0.676953125 0.7893518518518519 0.026302083333333334 0.06944444444444445
4 0.3802083333333333 0.8372685185185185 0.01875 0.033796296296296297