3 0.276953125 0.580324074074074 0.047135416666666666 0.17175925925925925
4 0.28489583333333335 0.5951388888888889 0.016666666666666666 0.033796296296296297
2 0.48828125 0.33287037037037037 0.0125 0.03518518518518519
3 0.6694010416666667 0.22268518518518518 0.04609375 0.1685185185185185
5 0.6809895833333334 0.22962962962962963 0.011458333333333333 0.028703703703703703
2 0.43450520833333334 0.5520833333333334 0.02578125 0.05138888888888889
2 0.5055989583333333 0.39166666666666666 0.01328125 0.04814814814814815
3 0.9670572916666667 0.24976851851851853 0.06484375 0.09861111111111111
3 0.372265625 0.8738425925925926 0.10807291666666667 0.1912037037037037
1 0.678125 0.805787037037037 0.028645833333333332 0.06712962962962964
5 0.6602864583333333 0.14907407407407408 0.00859375 0.027777777777777776
4 0.35065104166666666 0.91875 0.020572916666666666 0.0375
4 0.378515625 0.8460648148148148 0.018489583333333334 0.03564814814814815