3 0.2760416666666667 0.5694444444444444 0.04791666666666667 0.1712962962962963
4 0.2838541666666667 0.5805555555555556 0.016666666666666666 0.03333333333333333
2 0.484375 0.3275462962962963 0.013541666666666667 0.04027777777777778
3 0.6678385416666667 0.21041666666666667 0.04505208333333333 0.16898148148148148
5 0.678125 0.21666666666666667 0.009895833333333333 0.027777777777777776
2 0.43359375 0.5418981481481482 0.03802083333333333 0.043055555555555555
2 0.5041666666666667 0.40046296296296297 0.01875 0.046296296296296294
3 0.9661458333333334 0.23657407407407408 0.06770833333333333 0.10092592592592593
3 0.37083333333333335 0.8599537037037037 0.10625 0.18935185185185185
1 0.6751302083333334 0.7983796296296296 0.023177083333333334 0.0587962962962963
5 0.6596354166666667 0.13842592592592592 0.009375 0.028703703703703703
4 0.35013020833333336 0.9020833333333333 0.020052083333333335 0.03564814814814815
4 0.37981770833333334 0.8284722222222223 0.022135416666666668 0.03287037037037037