3 0.27317708333333335 0.5678240740740741 0.049479166666666664 0.1699074074074074
4 0.2825520833333333 0.5770833333333333 0.015104166666666667 0.033796296296296297
2 0.48151041666666666 0.32685185185185184 0.018229166666666668 0.03611111111111111
3 0.668359375 0.21689814814814815 0.04088541666666667 0.16435185185185186
5 0.67578125 0.21805555555555556 0.009895833333333333 0.027777777777777776
2 0.43046875 0.5432870370370371 0.034895833333333334 0.05324074074074074
2 0.4998697916666667 0.4027777777777778 0.013802083333333333 0.04537037037037037
3 0.9645833333333333 0.22824074074074074 0.07083333333333333 0.1
3 0.36770833333333336 0.8546296296296296 0.10572916666666667 0.18981481481481483
1 0.6704427083333333 0.8115740740740741 0.01796875 0.02962962962962963
4 0.3475260416666667 0.8972222222222223 0.020052083333333335 0.03611111111111111
1 0.6408854166666667 0.11574074074074074 0.014583333333333334 0.05555555555555555
4 0.3763020833333333 0.8238425925925926 0.022395833333333334 0.033796296296296297