3 0.228125 0.5708333333333333 0.0515625 0.16296296296296298
4 0.24088541666666666 0.5782407407407407 0.013541666666666667 0.03333333333333333
2 0.3997395833333333 0.37245370370370373 0.015104166666666667 0.04212962962962963
5 0.6149739583333333 0.2 0.010677083333333334 0.024074074074074074
2 0.3709635416666667 0.54375 0.02578125 0.033796296296296297
2 0.4401041666666667 0.4222222222222222 0.010416666666666666 0.05648148148148148
3 0.33046875 0.8449074074074074 0.10208333333333333 0.19537037037037036
1 0.6619791666666667 0.8025462962962963 0.04010416666666667 0.04583333333333333
4 0.31171875 0.8847222222222222 0.019270833333333334 0.03425925925925926
1 0.5256510416666667 0.2099537037037037 0.015885416666666666 0.027314814814814816
3 0.62265625 0.2037037037037037 0.07447916666666667 0.12037037037037036
3 0.904296875 0.15231481481481482 0.08515625 0.08518518518518518