3 0.1703125 0.6189814814814815 0.058854166666666666 0.15925925925925927
4 0.18190104166666668 0.624537037037037 0.01484375 0.03518518518518519
2 0.326171875 0.4127314814814815 0.026302083333333334 0.043055555555555555
5 0.5423177083333334 0.20879629629629629 0.01015625 0.028703703703703703
2 0.30611979166666664 0.569675925925926 0.03411458333333333 0.02638888888888889
2 0.37109375 0.44884259259259257 0.009895833333333333 0.05787037037037037
3 0.287109375 0.8747685185185186 0.09921875 0.20694444444444443
1 0.6391927083333333 0.8113425925925926 0.04192708333333333 0.04583333333333333
4 0.2703125 0.9208333333333333 0.0203125 0.03611111111111111
1 0.4434895833333333 0.2474537037037037 0.016145833333333335 0.04861111111111111
3 0.5505208333333333 0.19907407407407407 0.07916666666666666 0.12222222222222222
3 0.8236979166666667 0.10208333333333333 0.08229166666666667 0.0875