3 0.16744791666666667 0.6201388888888889 0.059895833333333336 0.15694444444444444
4 0.17942708333333332 0.6247685185185186 0.015625 0.033796296296296297
2 0.3201822916666667 0.4217592592592593 0.01484375 0.03981481481481482
5 0.5328125 0.20462962962962963 0.016145833333333335 0.03148148148148148
2 0.2994791666666667 0.5708333333333333 0.03229166666666667 0.03796296296296296
2 0.36770833333333336 0.46064814814814814 0.0203125 0.044444444444444446
3 0.28619791666666666 0.8768518518518519 0.09895833333333333 0.20925925925925926
1 0.6490885416666666 0.8298611111111112 0.03046875 0.055092592592592596
4 0.269140625 0.9210648148148148 0.020052083333333335 0.033796296296296297
1 0.43854166666666666 0.2759259259259259 0.025 0.040740740740740744
3 0.5475260416666666 0.1986111111111111 0.08046875 0.12314814814814815
3 0.8162760416666667 0.09328703703703704 0.08098958333333334 0.0875