3 0.32981770833333335 0.7435185185185185 0.09453125 0.12777777777777777
4 0.3483072916666667 0.7377314814814815 0.020572916666666666 0.03657407407407407
2 0.4083333333333333 0.46921296296296294 0.013020833333333334 0.031018518518518518
5 0.541015625 0.10347222222222222 0.01328125 0.04675925925925926
2 0.438671875 0.60625 0.018489583333333334 0.059722222222222225
2 0.462109375 0.46458333333333335 0.03984375 0.03009259259259259
3 0.5479166666666667 0.8578703703703704 0.05677083333333333 0.24537037037037038
1 0.8427083333333333 0.5256944444444445 0.020833333333333332 0.050462962962962966
4 0.5591145833333333 0.9087962962962963 0.0203125 0.03425925925925926
3 0.544140625 0.08958333333333333 0.06744791666666666 0.12824074074074074
4 0.5395833333333333 0.8865740740740741 0.0171875 0.03611111111111111
1 0.48658854166666665 0.28958333333333336 0.029427083333333333 0.0375