3 0.326171875 0.7932870370370371 0.11328125 0.10416666666666667
4 0.35182291666666665 0.7738425925925926 0.0140625 0.02824074074074074
2 0.32278645833333336 0.5106481481481482 0.028385416666666666 0.04351851851851852
5 0.3477864583333333 0.08402777777777778 0.013802083333333333 0.04583333333333333
2 0.39088541666666665 0.6034722222222222 0.019791666666666666 0.06157407407407407
2 0.36302083333333335 0.46458333333333335 0.03333333333333333 0.03009259259259259
3 0.5670572916666666 0.7300925925925926 0.07942708333333333 0.22592592592592592
1 0.712109375 0.2548611111111111 0.02265625 0.04027777777777778
4 0.5854166666666667 0.7604166666666666 0.019270833333333334 0.031018518518518518
4 0.571875 0.7513888888888889 0.021354166666666667 0.041666666666666664
1 0.365625 0.2935185185185185 0.0296875 0.03333333333333333
1 0.9546875 0.3900462962962963 0.024479166666666666 0.056018518518518516
3 0.3463541666666667 0.06666666666666667 0.05416666666666667 0.13148148148148148