3 0.31783854166666664 0.8379629629629629 0.11171875 0.10092592592592593
4 0.3419270833333333 0.8145833333333333 0.013020833333333334 0.02546296296296296
2 0.3125 0.5673611111111111 0.0125 0.043055555555555555
5 0.33619791666666665 0.12314814814814815 0.013541666666666667 0.046296296296296294
2 0.37942708333333336 0.655787037037037 0.022916666666666665 0.0587962962962963
2 0.350390625 0.4986111111111111 0.029427083333333333 0.03796296296296296
3 0.55546875 0.7662037037037037 0.0796875 0.22407407407407406
1 0.6990885416666667 0.2831018518518518 0.018489583333333334 0.03009259259259259
4 0.576171875 0.7967592592592593 0.01796875 0.03148148148148148
4 0.5604166666666667 0.7902777777777777 0.020833333333333332 0.03981481481481482
1 0.35846354166666666 0.3541666666666667 0.018489583333333334 0.037037037037037035
1 0.928125 0.3958333333333333 0.03333333333333333 0.06759259259259259
3 0.33515625 0.10416666666666667 0.0546875 0.1388888888888889