3 0.31341145833333334 0.8942129629629629 0.10651041666666666 0.09768518518518518
4 0.33203125 0.8905092592592593 0.016666666666666666 0.06805555555555555
2 0.30703125 0.6472222222222223 0.0140625 0.023148148148148147
5 0.32890625 0.19722222222222222 0.015104166666666667 0.044444444444444446
2 0.36614583333333334 0.737037037037037 0.028645833333333332 0.05925925925925926
2 0.34348958333333335 0.562037037037037 0.026041666666666668 0.05648148148148148
3 0.54140625 0.8208333333333333 0.0765625 0.21574074074074073
1 0.6865885416666667 0.34305555555555556 0.015885416666666666 0.03425925925925926
4 0.559375 0.8516203703703704 0.018229166666666668 0.031018518518518518
4 0.5440104166666667 0.8428240740740741 0.019270833333333334 0.0375
1 0.36744791666666665 0.45555555555555555 0.019270833333333334 0.027777777777777776
1 0.8830729166666667 0.39467592592592593 0.024479166666666666 0.06620370370370371
3 0.33059895833333336 0.17824074074074073 0.05651041666666667 0.13425925925925927