3 0.30833333333333335 0.9041666666666667 0.10572916666666667 0.09722222222222222
4 0.32591145833333335 0.9013888888888889 0.018489583333333334 0.06759259259259259
2 0.3028645833333333 0.6655092592592593 0.015104166666666667 0.02638888888888889
5 0.3279947916666667 0.20046296296296295 0.01953125 0.028703703703703703
2 0.361328125 0.7493055555555556 0.018489583333333334 0.03287037037037037
2 0.3372395833333333 0.5805555555555556 0.016145833333333335 0.04537037037037037
3 0.5337239583333333 0.8287037037037037 0.07473958333333333 0.21296296296296297
1 0.681640625 0.3599537037037037 0.015885416666666666 0.020833333333333332
4 0.5545572916666667 0.8597222222222223 0.01640625 0.030555555555555555
4 0.538671875 0.8523148148148149 0.01953125 0.03796296296296296
1 0.3723958333333333 0.47453703703703703 0.015104166666666667 0.040740740740740744
1 0.8619791666666666 0.381712962962963 0.0265625 0.07453703703703704
3 0.32721354166666666 0.1935185185185185 0.05651041666666667 0.13240740740740742