3 0.30559895833333334 0.9157407407407407 0.10390625 0.09444444444444444
4 0.32252604166666665 0.9113425925925925 0.016927083333333332 0.06805555555555555
2 0.3 0.6891203703703703 0.014583333333333334 0.04490740740740741
5 0.32578125 0.21319444444444444 0.018229166666666668 0.027314814814814816
2 0.3580729166666667 0.7657407407407407 0.035416666666666666 0.04722222222222222
2 0.33151041666666664 0.5974537037037037 0.035416666666666666 0.024537037037037038
3 0.53046875 0.8386574074074075 0.07552083333333333 0.21157407407407408
1 0.682421875 0.368287037037037 0.015885416666666666 0.02824074074074074
4 0.5510416666666667 0.8689814814814815 0.0171875 0.030555555555555555
4 0.535546875 0.8625 0.020572916666666666 0.037037037037037035
1 0.3729166666666667 0.4979166666666667 0.018229166666666668 0.04583333333333333
1 0.855078125 0.37245370370370373 0.023697916666666666 0.07361111111111111
3 0.32513020833333334 0.20439814814814813 0.05859375 0.1310185185185185