3 0.3028645833333333 0.9215277777777777 0.10416666666666667 0.09398148148148149
4 0.31979166666666664 0.9171296296296296 0.015625 0.06759259259259259
2 0.298046875 0.6944444444444444 0.013802083333333333 0.03611111111111111
5 0.3234375 0.21921296296296297 0.01875 0.02824074074074074
2 0.3555989583333333 0.7671296296296296 0.029427083333333333 0.05648148148148148
2 0.3319010416666667 0.6020833333333333 0.03671875 0.03657407407407407
3 0.5268229166666667 0.8439814814814814 0.07395833333333333 0.21296296296296297
1 0.6828125 0.37939814814814815 0.017708333333333333 0.033796296296296297
4 0.5475260416666666 0.8738425925925926 0.017447916666666667 0.03009259259259259
4 0.530078125 0.8666666666666667 0.017447916666666667 0.032407407407407406
1 0.3736979166666667 0.5048611111111111 0.016666666666666666 0.034722222222222224
1 0.849609375 0.36064814814814816 0.021614583333333333 0.06666666666666667
3 0.32317708333333334 0.21157407407407408 0.058333333333333334 0.13055555555555556