3 0.295703125 0.9224537037037037 0.10442708333333334 0.09583333333333334
4 0.31171875 0.9189814814814815 0.0171875 0.06759259259259259
2 0.29153645833333336 0.7037037037037037 0.01328125 0.03518518518518519
5 0.3196614583333333 0.2238425925925926 0.013802083333333333 0.024537037037037038
2 0.35546875 0.7694444444444445 0.03177083333333333 0.040740740740740744
2 0.3274739583333333 0.60625 0.025260416666666667 0.056018518518518516
3 0.519921875 0.8462962962962963 0.07526041666666666 0.21203703703703702
1 0.6759114583333333 0.3800925925925926 0.018489583333333334 0.028703703703703703
4 0.5391927083333333 0.875 0.01640625 0.030555555555555555
4 0.5217447916666667 0.86875 0.019010416666666665 0.034722222222222224
1 0.36770833333333336 0.5166666666666667 0.025520833333333333 0.03333333333333333
1 0.8325520833333333 0.3400462962962963 0.022395833333333334 0.06435185185185185
3 0.31809895833333335 0.21342592592592594 0.05963541666666667 0.12685185185185185