3 0.2830729166666667 0.93125 0.10416666666666667 0.09305555555555556
4 0.3020833333333333 0.9280092592592593 0.015625 0.06712962962962964
2 0.2825520833333333 0.7238425925925925 0.016145833333333335 0.04027777777777778
2 0.353515625 0.7784722222222222 0.032552083333333336 0.055092592592592596
2 0.31940104166666666 0.6064814814814815 0.012760416666666666 0.058333333333333334
3 0.5076822916666667 0.8539351851851852 0.07682291666666667 0.2125
1 0.6720052083333333 0.38078703703703703 0.017447916666666667 0.0375
4 0.5276041666666667 0.88125 0.016666666666666666 0.03009259259259259
4 0.5100260416666667 0.875 0.01796875 0.03518518518518519
1 0.36080729166666664 0.5331018518518519 0.031510416666666666 0.03009259259259259
1 0.8231770833333333 0.3143518518518518 0.018229166666666668 0.040740740740740744
3 0.345703125 0.17152777777777778 0.07369791666666667 0.11435185185185186
5 0.334375 0.17939814814814814 0.0140625 0.02361111111111111