3 0.28046875 0.9182870370370371 0.10208333333333333 0.09583333333333334
4 0.29778645833333334 0.9166666666666666 0.015364583333333333 0.06111111111111111
2 0.2779947916666667 0.7166666666666667 0.01484375 0.044444444444444446
2 0.34921875 0.7680555555555556 0.033854166666666664 0.05648148148148148
2 0.31549479166666666 0.5951388888888889 0.01328125 0.05787037037037037
3 0.5029947916666667 0.8435185185185186 0.07682291666666667 0.21203703703703702
1 0.6643229166666667 0.38078703703703703 0.019791666666666666 0.024537037037037038
4 0.522265625 0.8710648148148148 0.016927083333333332 0.029166666666666667
4 0.5052083333333334 0.8641203703703704 0.018229166666666668 0.03564814814814815
1 0.36015625 0.5215277777777778 0.030729166666666665 0.0412037037037037
1 0.815625 0.3039351851851852 0.016145833333333335 0.04675925925925926
3 0.35403645833333336 0.1525462962962963 0.07161458333333333 0.1162037037037037
5 0.34322916666666664 0.16041666666666668 0.013541666666666667 0.02361111111111111