3 0.273828125 0.9023148148148148 0.11067708333333333 0.08888888888888889
4 0.29270833333333335 0.8956018518518518 0.013541666666666667 0.06527777777777778
2 0.27265625 0.6953703703703704 0.016666666666666666 0.03518518518518519
2 0.34596354166666665 0.7467592592592592 0.03411458333333333 0.05648148148148148
2 0.3111979166666667 0.5766203703703704 0.013020833333333334 0.056018518518518516
3 0.496484375 0.8226851851851852 0.07682291666666667 0.2101851851851852
1 0.6571614583333333 0.3608796296296296 0.02265625 0.03194444444444444
4 0.5161458333333333 0.8495370370370371 0.016666666666666666 0.02962962962962963
4 0.4967447916666667 0.844212962962963 0.018489583333333334 0.03657407407407407
1 0.3592447916666667 0.5078703703703704 0.021614583333333333 0.05277777777777778
1 0.8028645833333333 0.2833333333333333 0.021354166666666667 0.062037037037037036
3 0.36497395833333335 0.12430555555555556 0.06640625 0.1162037037037037
5 0.35963541666666665 0.1310185185185185 0.013541666666666667 0.025