3 0.26276041666666666 0.8851851851851852 0.11354166666666667 0.08796296296296297
4 0.280078125 0.8787037037037037 0.014322916666666666 0.06759259259259259
2 0.26276041666666666 0.6833333333333333 0.015104166666666667 0.03611111111111111
2 0.33697916666666666 0.7303240740740741 0.0328125 0.05324074074074074
2 0.301171875 0.5615740740740741 0.012760416666666666 0.05462962962962963
3 0.4850260416666667 0.80625 0.07630208333333334 0.20879629629629629
1 0.6485677083333333 0.35300925925925924 0.017447916666666667 0.031018518518518518
4 0.5036458333333333 0.8326388888888889 0.016145833333333335 0.029166666666666667
4 0.48489583333333336 0.8293981481481482 0.0171875 0.034722222222222224
1 0.34869791666666666 0.4949074074074074 0.021354166666666667 0.049074074074074076
1 0.7876302083333333 0.26481481481481484 0.026302083333333334 0.06574074074074074
3 0.38567708333333334 0.0738425925925926 0.05364583333333333 0.12361111111111112
5 0.3880208333333333 0.08101851851851852 0.0125 0.023148148148148147