3 0.16953125 0.8831018518518519 0.11197916666666667 0.0875
4 0.184375 0.8798611111111111 0.016666666666666666 0.060648148148148145
2 0.190625 0.7189814814814814 0.022916666666666665 0.03888888888888889
2 0.259765625 0.7212962962962963 0.028385416666666666 0.032407407407407406
2 0.17877604166666666 0.4761574074074074 0.03619791666666667 0.0375
3 0.3953125 0.8060185185185185 0.06354166666666666 0.2101851851851852
1 0.498046875 0.40902777777777777 0.02890625 0.04027777777777778
4 0.3938802083333333 0.844212962962963 0.01484375 0.031018518518518518
1 0.3338541666666667 0.5326388888888889 0.03958333333333333 0.047685185185185185
1 0.5342447916666667 0.15324074074074073 0.020052083333333335 0.025925925925925925
4 0.41041666666666665 0.8388888888888889 0.015625 0.032407407407407406