3 0.24361979166666667 0.9428240740740741 0.11536458333333334 0.08657407407407407
4 0.26197916666666665 0.9405092592592592 0.016145833333333335 0.060648148148148145
2 0.24986979166666667 0.7930555555555555 0.014322916666666666 0.053703703703703705
2 0.32591145833333335 0.7664351851851852 0.01796875 0.031018518518518518
2 0.28294270833333335 0.5094907407407407 0.030989583333333334 0.027314814814814816
3 0.47578125 0.8159722222222222 0.06770833333333333 0.2125
1 0.5287760416666667 0.3976851851851852 0.01953125 0.03796296296296296
4 0.476953125 0.8548611111111111 0.01640625 0.031018518518518518
1 0.352734375 0.5650462962962963 0.018489583333333334 0.0412037037037037
1 0.530078125 0.16828703703703704 0.024739583333333332 0.02824074074074074
4 0.49322916666666666 0.8495370370370371 0.015625 0.03333333333333333