2 0.659375 0.41574074074074074 0.0234375 0.03611111111111111
2 0.7579427083333333 0.6289351851851852 0.024739583333333332 0.034722222222222224
1 0.5544270833333333 0.456712962962963 0.03854166666666667 0.03287037037037037
1 0.2859375 0.4050925925925926 0.041666666666666664 0.05092592592592592
3 0.8231770833333333 0.5761574074074074 0.06197916666666667 0.21435185185185185
3 0.975390625 0.5541666666666667 0.04869791666666667 0.1925925925925926
3 0.071875 0.14282407407407408 0.11197916666666667 0.09490740740740741
3 0.727734375 0.17916666666666667 0.13411458333333334 0.1
5 0.9940104166666667 0.5074074074074074 0.009895833333333333 0.02962962962962963
2 0.7239583333333334 0.6046296296296296 0.03125 0.09259259259259259
1 0.459375 0.5590277777777778 0.034895833333333334 0.07916666666666666