2 0.656891495601173 0.8444383259911894 0.004032258064516129 0.015969162995594713
3 0.6848423753665689 0.8655011013215859 0.02474340175953079 0.02064977973568282
3 0.6843841642228738 0.8233755506607929 0.020161290322580645 0.03001101321585903
2 0.6940982404692082 0.6978248898678414 0.009530791788856305 0.006883259911894273
2 0.6741202346041055 0.6880506607929515 0.005131964809384164 0.005506607929515419
2 0.6685300586510264 0.7106277533039648 0.0038489736070381232 0.006057268722466961
2 0.6348057184750733 0.5981552863436124 0.006048387096774193 0.010737885462555066
1 0.6193181818181818 0.617703744493392 0.006964809384164223 0.005781938325991189
2 0.5964076246334311 0.6687775330396476 0.009897360703812317 0.00881057268722467
2 0.5789956011730205 0.6895649779735683 0.008797653958944282 0.016244493392070486
3 0.5977822580645161 0.7132433920704846 0.02217741935483871 0.026156387665198236
3 0.6205095307917888 0.7015418502202643 0.010080645161290322 0.03634361233480176