2 0.6439699413489736 0.5196861233480177 0.0034824046920821114 0.01238986784140969
3 0.6726539589442815 0.5388215859030837 0.024560117302052785 0.019273127753303965
3 0.6717375366568915 0.49642070484581496 0.020161290322580645 0.030837004405286344
1 0.6063966275659824 0.28482929515418504 0.007514662756598241 0.006883259911894273
2 0.6234420821114369 0.26762114537444937 0.006781524926686217 0.010462555066079295
2 0.592650293255132 0.3383810572687225 0.010813782991202347 0.006057268722466961
2 0.5680901759530792 0.3476046255506608 0.008614369501466275 0.014041850220264317
3 0.5855938416422287 0.3825715859030837 0.022727272727272728 0.026156387665198236
3 0.6078629032258065 0.36976872246696035 0.010447214076246334 0.03634361233480176
2 0.6812683284457478 0.3664647577092511 0.009164222873900294 0.006057268722466961
2 0.6607404692082112 0.35655286343612336 0.004032258064516129 0.004405286343612335
2 0.656524926686217 0.38009361233480177 0.0036656891495601175 0.0052312775330396475