5 0.5405058651026393 0.7438050660792952 0.0036656891495601175 0.00908590308370044
2 0.5474706744868035 0.7608755506607929 0.008064516129032258 0.00908590308370044
3 0.5402309384164223 0.7833149779735683 0.022543988269794722 0.015969162995594713
2 0.5082478005865103 0.5166574889867841 0.005498533724340176 0.006332599118942731
1 0.501008064516129 0.5165198237885462 0.006048387096774193 0.006607929515418502
2 0.4939516129032258 0.5221640969162996 0.004765395894428153 0.006332599118942731
2 0.5179618768328446 0.5502477973568282 0.004765395894428153 0.01238986784140969
1 0.5141129032258065 0.5759911894273128 0.005498533724340176 0.005506607929515419
2 0.5724890029325513 0.5914096916299559 0.008614369501466275 0.009361233480176211
2 0.5599340175953079 0.6121971365638766 0.006231671554252199 0.01183920704845815
2 0.531341642228739 0.6243116740088106 0.005865102639296188 0.00908590308370044
3 0.48881964809384165 0.6501927312775331 0.014296187683284457 0.033314977973568284
3 0.4617851906158358 0.6463381057268722 0.019611436950146627 0.02670704845814978
2 0.5030241935483871 0.5334526431718062 0.0034824046920821114 0.006332599118942731
3 0.5394978005865103 0.7581222466960352 0.014112903225806451 0.03276431718061674