2 0.14726906158357772 0.9072136563876652 0.0038489736070381232 0.006607929515418502
2 0.1313233137829912 0.913546255506608 0.005681818181818182 0.007709251101321586
2 0.13599706744868034 0.883397577092511 0.00843108504398827 0.01238986784140969
2 0.1311400293255132 0.8469162995594713 0.004948680351906158 0.006057268722466961
1 0.11436950146627566 0.8465033039647577 0.006598240469208211 0.0052312775330396475
2 0.08990102639296188 0.8719713656387665 0.007881231671554252 0.009361233480176211
2 0.10117302052785923 0.8204845814977973 0.005131964809384164 0.005506607929515419
2 0.07322214076246335 0.8258535242290749 0.0031158357771260995 0.0052312775330396475
3 0.14406158357771262 0.7706497797356828 0.016495601173020527 0.03138766519823789
3 0.17045454545454544 0.7725770925110133 0.022727272727272728 0.022577092511013214
2 0.0967741935483871 0.7164096916299559 0.005131964809384164 0.013215859030837005
3 0.09136730205278593 0.6405561674008811 0.023643695014662756 0.019548458149779735
3 0.09109237536656892 0.6605176211453745 0.017595307917888565 0.02973568281938326
2 0.07267228739002933 0.67318281938326 0.004582111436950147 0.006057268722466961