3 0.14433651026392963 0.46365638766519823 0.022543988269794722 0.020374449339207047
3 0.14387829912023462 0.48265418502202645 0.01686217008797654 0.02918502202643172
2 0.125366568914956 0.49862334801762115 0.004032258064516129 0.005506607929515419
2 0.1495601173020528 0.5454295154185022 0.0036656891495601175 0.006057268722466961
3 0.19309017595307917 0.592648678414097 0.015579178885630499 0.031112334801762113
3 0.21810850439882698 0.5943006607929515 0.021994134897360705 0.021200440528634363
2 0.15432551319648094 0.6449614537444934 0.006231671554252199 0.006883259911894273
2 0.1812683284457478 0.6686398678414097 0.006231671554252199 0.005781938325991189
2 0.18374266862170088 0.7014041850220264 0.004948680351906158 0.008535242290748899
2 0.12765762463343108 0.6467511013215859 0.0031158357771260995 0.006057268722466961
2 0.14589442815249268 0.6891519823788547 0.0036656891495601175 0.007158590308370044
2 0.18264296187683285 0.7338931718061674 0.004215542521994135 0.006883259911894273