3 0.36757697947214074 0.2472466960352423 0.022910557184750734 0.022026431718061675
3 0.36079545454545453 0.2659691629955947 0.023277126099706745 0.017070484581497798
3 0.3902126099706745 0.38849118942731276 0.013196480938416423 0.03524229074889868
2 0.3008614369501466 0.32709251101321585 0.005681818181818182 0.012665198237885462
2 0.312316715542522 0.3107103524229075 0.005865102639296188 0.010737885462555066
3 0.4444648093841642 0.4523678414096916 0.015762463343108504 0.03303964757709251
2 0.29206378299120234 0.4713656387665198 0.0031158357771260995 0.006057268722466961
2 0.3300036656891496 0.44438325991189426 0.006414956011730206 0.006607929515418502
2 0.33586876832844575 0.4659966960352423 0.006781524926686217 0.01238986784140969
2 0.31414956011730205 0.47494493392070486 0.004032258064516129 0.012665198237885462
1 0.3163489736070381 0.5079845814977973 0.007331378299120235 0.010462555066079295
2 0.3276209677419355 0.481965859030837 0.0038489736070381232 0.006332599118942731
2 0.3655608504398827 0.5386839207048458 0.008247800586510264 0.012940528634361233
1 0.36363636363636365 0.5513491189427313 0.004032258064516129 0.007433920704845815
2 0.3722507331378299 0.5699339207048458 0.005498533724340176 0.009911894273127754
2 0.35529692082111436 0.561398678414097 0.0038489736070381232 0.011013215859030838