2 0.750274926686217 0.3476046255506608 0.004948680351906158 0.01238986784140969
3 0.7036290322580645 0.394273127753304 0.021994134897360705 0.017070484581497798
3 0.6963892961876833 0.4116189427312775 0.022910557184750734 0.020374449339207047
2 0.7282807917888563 0.23926211453744495 0.006781524926686217 0.012114537444933921
1 0.7345124633431085 0.1316079295154185 0.006781524926686217 0.00881057268722467
2 0.7739186217008798 0.159829295154185 0.0034824046920821114 0.006883259911894273
3 0.6674303519061584 0.2758810572687225 0.014112903225806451 0.034140969162995596
3 0.6164772727272727 0.18928964757709252 0.02217741935483871 0.020099118942731278
2 0.7054618768328446 0.07585352422907489 0.005498533724340176 0.0052312775330396475
2 0.687866568914956 0.07709251101321586 0.005498533724340176 0.012114537444933921
2 0.6884164222873901 0.0918226872246696 0.0036656891495601175 0.01183920704845815
2 0.7280975073313783 0.1592786343612335 0.004948680351906158 0.007984581497797356
2 0.7368035190615836 0.16781387665198239 0.0036656891495601175 0.005781938325991189
2 0.7468841642228738 0.17965308370044053 0.008797653958944282 0.008535242290748899
2 0.7283724340175953 0.18240638766519823 0.009530791788856305 0.0151431718061674