3 0.7206773127753304 0.6189516129032258 0.018997797356828192 0.019428152492668622
2 0.7460077092511013 0.5975989736070382 0.007984581497797356 0.008247800586510264
2 0.7209526431718062 0.5713892961876833 0.007984581497797356 0.008247800586510264
2 0.7462830396475771 0.49908357771260997 0.0052312775330396475 0.008797653958944282
1 0.6588656387665198 0.4529875366568915 0.006607929515418502 0.010813782991202347
1 0.7389867841409692 0.40844941348973607 0.007158590308370044 0.005681818181818182
2 0.748898678414097 0.42045454545454547 0.007158590308370044 0.006964809384164223
2 0.7276982378854625 0.437316715542522 0.004955947136563877 0.009530791788856305
2 0.7186123348017621 0.45683651026392963 0.006607929515418502 0.0031158357771260995
2 0.6832323788546255 0.4119318181818182 0.007984581497797356 0.006414956011730206
3 0.8650881057268722 0.38150659824046923 0.01762114537444934 0.01997800586510264
3 0.7161343612334802 0.3666605571847507 0.02643171806167401 0.016678885630498533
2 0.5823237885462555 0.3378848973607038 0.005506607929515419 0.005681818181818182
3 0.588931718061674 0.32652126099706746 0.01762114537444934 0.02034457478005865