2 0.2842741935483871 0.48430616740088106 0.0032991202346041057 0.003854625550660793
3 0.27941715542521994 0.4709526431718062 0.01594574780058651 0.027257709251101322
5 0.28060850439882695 0.4797632158590308 0.002932551319648094 0.004680616740088106
3 0.34521627565982405 0.3897301762114537 0.015212609970674487 0.027808370044052864
2 0.3878299120234604 0.43392070484581496 0.004398826979472141 0.005506607929515419
1 0.42072947214076245 0.38215859030837 0.006048387096774193 0.005506607929515419
1 0.4471224340175953 0.4801762114537445 0.00531524926686217 0.005506607929515419
2 0.4432734604105572 0.3694933920704846 0.007514662756598241 0.007709251101321586
2 0.4462976539589443 0.4223568281938326 0.008064516129032258 0.006057268722466961
3 0.4790139296187683 0.32612885462555063 0.02034457478005865 0.016795154185022025
2 0.46535923753665687 0.445897577092511 0.005131964809384164 0.0052312775330396475
2 0.4972507331378299 0.445897577092511 0.004765395894428153 0.010737885462555066
2 0.5526942815249267 0.48637114537444937 0.007514662756598241 0.00908590308370044
2 0.5742302052785924 0.46943832599118945 0.002932551319648094 0.012665198237885462
3 0.5691898826979472 0.5046806167400881 0.01997800586510264 0.013215859030837005