2 0.46792400881057267 0.5899926686217009 0.0052312775330396475 0.0036656891495601175
3 0.47893722466960353 0.5786290322580645 0.014041850220264317 0.020527859237536656
2 0.4220814977973568 0.5878848973607038 0.009911894273127754 0.008247800586510264
3 0.31662995594713655 0.6586326979472141 0.030837004405286344 0.012280058651026392
2 0.3704570484581498 0.6952895894428153 0.006332599118942731 0.0031158357771260995
2 0.4282764317180617 0.6439699413489736 0.01183920704845815 0.008980938416422288
2 0.44493392070484583 0.6311400293255132 0.008259911894273128 0.008247800586510264
2 0.44465859030837 0.6585410557184751 0.012665198237885462 0.007331378299120235
2 0.4270374449339207 0.7462426686217009 0.007709251101321586 0.0038489736070381232
3 0.3975770925110132 0.8002199413489736 0.017070484581497798 0.020161290322580645
3 0.49573237885462557 0.8693181818181818 0.024504405286343612 0.019428152492668622
1 0.47590859030837 0.6934567448680352 0.010737885462555066 0.0031158357771260995
5 0.504818281938326 0.8662939882697948 0.004680616740088106 0.004215542521994135
5 0.5044052863436124 0.8693181818181818 0.003854625550660793 0.0032991202346041057