3 0.039647577092511016 0.4254948680351906 0.013766519823788546 0.019611436950146627
2 0.10503854625550661 0.3717008797653959 0.004680616740088106 0.004398826979472141
2 0.0993942731277533 0.38553885630498536 0.006607929515418502 0.00531524926686217
2 0.06938325991189427 0.405516862170088 0.007158590308370044 0.00531524926686217
2 0.07791850220264317 0.37509164222873903 0.006607929515418502 0.004215542521994135
2 0.07034691629955947 0.3911290322580645 0.009636563876651983 0.004398826979472141
3 0.23829845814977973 0.32578812316715544 0.028359030837004404 0.01374633431085044
1 0.16148127753303965 0.32056451612903225 0.007984581497797356 0.004398826979472141
2 0.14895374449339208 0.3185483870967742 0.009911894273127754 0.005865102639296188
2 0.10283590308370044 0.2795087976539589 0.006883259911894273 0.0036656891495601175
1 0.06277533039647577 0.3420087976539589 0.005506607929515419 0.0036656891495601175
3 0.02670704845814978 0.15515029325513197 0.026982378854625552 0.014479472140762463
3 0.12265969162995595 0.19813049853372433 0.0151431718061674 0.018328445747800588