3 0.393034140969163 0.9305351906158358 0.019548458149779735 0.020527859237536656
3 0.598568281938326 0.8369684750733137 0.014317180616740088 0.019611436950146627
3 0.33204845814977973 0.8284457478005866 0.0302863436123348 0.01063049853372434
3 0.4944933920704846 0.7127932551319648 0.017070484581497798 0.020527859237536656
2 0.449476872246696 0.7311217008797654 0.004680616740088106 0.002932551319648094
2 0.46076541850220265 0.7457844574780058 0.01183920704845815 0.004032258064516129
2 0.4746696035242291 0.7636546920821115 0.003854625550660793 0.0031158357771260995
2 0.4233204845814978 0.7537573313782991 0.01183920704845815 0.0031158357771260995
2 0.4431442731277533 0.7614552785923754 0.010737885462555066 0.0020161290322580645
2 0.40101872246696035 0.8279875366568915 0.006883259911894273 0.004582111436950147
2 0.44465859030837 0.8541055718475073 0.008259911894273128 0.0036656891495601175