3 0.825715859030837 0.9570197947214076 0.030837004405286344 0.012280058651026392
3 0.8599944933920705 0.9721407624633431 0.024504405286343612 0.021627565982404694
3 0.9942180616740088 0.8397177419354839 0.011563876651982379 0.018878299120234605
1 0.9573237885462555 0.9133064516129032 0.00881057268722467 0.005498533724340176
2 0.9811398678414097 0.8475073313782991 0.006332599118942731 0.006598240469208211
2 0.9681993392070485 0.8494318181818182 0.004129955947136564 0.0038489736070381232
2 0.9350220264317181 0.8777492668621701 0.011563876651982379 0.004032258064516129
2 0.9622797356828194 0.8914039589442815 0.009911894273127754 0.0034824046920821114
2 0.9241464757709251 0.8885630498533724 0.010187224669603524 0.004765395894428153
2 0.9030837004405287 0.9490469208211144 0.006057268722466961 0.0036656891495601175
2 0.9538821585903083 0.9517961876832844 0.007433920704845815 0.005131964809384164
2 0.9361233480176211 0.9584860703812317 0.006057268722466961 0.0071480938416422285