2 0.044171554252199416 0.49091409691629956 0.005865102639296188 0.014317180616740088
2 0.031066715542521994 0.42070484581497797 0.005681818181818182 0.005506607929515419
2 0.05764296187683284 0.4352973568281938 0.004215542521994135 0.007158590308370044
2 0.0715725806451613 0.4490638766519824 0.004582111436950147 0.008259911894273128
2 0.029233870967741934 0.28056167400881055 0.00531524926686217 0.012114537444933921
2 0.05507697947214076 0.3283314977973568 0.008247800586510264 0.008535242290748899
2 0.01805351906158358 0.31676762114537443 0.0038489736070381232 0.005781938325991189
2 0.023552052785923754 0.31662995594713655 0.00531524926686217 0.005506607929515419
2 0.023918621700879765 0.3060297356828194 0.005681818181818182 0.004680616740088106
3 0.10914589442815249 0.37472466960352424 0.02071114369501466 0.01486784140969163
3 0.0038489736070381232 0.5166574889867841 0.0076979472140762464 0.013491189427312776
3 0.02309384164222874 0.4982103524229075 0.021627565982404694 0.01238986784140969