3 0.33916788856304986 0.6939702643171806 0.01777859237536657 0.017345814977973568
3 0.6054802052785924 0.33301211453744495 0.012280058651026392 0.026156387665198236
3 0.6487353372434017 0.10448788546255507 0.01777859237536657 0.017345814977973568
3 0.6477272727272727 0.1506057268722467 0.017961876832844576 0.012114537444933921
1 0.6265579178885631 0.14179515418502203 0.004948680351906158 0.009361233480176211
1 0.6344391495601173 0.16987885462555066 0.00531524926686217 0.005506607929515419
1 0.6151942815249267 0.2567455947136564 0.004582111436950147 0.006332599118942731
1 0.6050219941348973 0.22604625550660792 0.005131964809384164 0.003854625550660793
1 0.6016312316715543 0.236784140969163 0.004582111436950147 0.00881057268722467
2 0.6493768328445748 0.2480726872246696 0.0036656891495601175 0.004955947136563877
2 0.592008797653959 0.21475770925110133 0.005131964809384164 0.009361233480176211