3 0.7165364583333333 0.26458333333333334 0.040364583333333336 0.016203703703703703
5 0.7075520833333333 0.256712962962963 0.005729166666666666 0.010648148148148148
4 0.86640625 0.3023148148148148 0.005729166666666666 0.01574074074074074
3 0.8705729166666667 0.3173611111111111 0.021875 0.02361111111111111
2 0.7712239583333333 0.21643518518518517 0.0033854166666666668 0.005092592592592593
2 0.8009114583333333 0.2349537037037037 0.004427083333333333 0.0060185185185185185
2 0.8255208333333334 0.22060185185185185 0.004166666666666667 0.0060185185185185185
2 0.8403645833333333 0.25972222222222224 0.005729166666666666 0.007407407407407408
2 0.7524739583333333 0.20300925925925925 0.00390625 0.0060185185185185185
2 0.7260416666666667 0.23333333333333334 0.005729166666666666 0.010185185185185186
2 0.8770833333333333 0.2569444444444444 0.0046875 0.007407407407407408
2 0.886328125 0.2675925925925926 0.004427083333333333 0.006481481481481481
3 0.923828125 0.24212962962962964 0.02421875 0.021296296296296296
5 0.9286458333333333 0.23587962962962963 0.005729166666666666 0.016203703703703703
1 0.84296875 0.21574074074074073 0.004166666666666667 0.008333333333333333
1 0.85625 0.2351851851851852 0.0046875 0.008333333333333333
1 0.8990885416666666 0.23449074074074075 0.00390625 0.00787037037037037