3 0.694921875 0.27847222222222223 0.03828125 0.015277777777777777
5 0.6865885416666667 0.2712962962962963 0.00546875 0.010185185185185186
4 0.8408854166666667 0.3125 0.005729166666666666 0.01574074074074074
3 0.843359375 0.3277777777777778 0.01953125 0.021296296296296296
2 0.7438802083333333 0.23402777777777778 0.0033854166666666668 0.005092592592592593
2 0.7713541666666667 0.24861111111111112 0.0046875 0.006481481481481481
2 0.7928385416666667 0.23726851851851852 0.0033854166666666668 0.005092592592592593
2 0.810546875 0.27314814814814814 0.00546875 0.007407407407407408
3 0.9708333333333333 0.34814814814814815 0.03229166666666667 0.02962962962962963
2 0.7248697916666667 0.22175925925925927 0.004427083333333333 0.006481481481481481
2 0.6998697916666666 0.24768518518518517 0.0049479166666666664 0.006481481481481481
2 0.8455729166666667 0.27060185185185187 0.004166666666666667 0.006944444444444444
2 0.8537760416666667 0.28171296296296294 0.0049479166666666664 0.0060185185185185185
3 0.8873697916666666 0.2564814814814815 0.021614583333333333 0.020370370370370372
5 0.8919270833333334 0.24976851851851853 0.005208333333333333 0.015277777777777777
1 0.808984375 0.23217592592592592 0.00390625 0.00787037037037037
1 0.8209635416666666 0.2502314814814815 0.004427083333333333 0.00787037037037037
1 0.8630208333333333 0.24953703703703703 0.0036458333333333334 0.007407407407407408