3 0.6647135416666666 0.29976851851851855 0.03567708333333333 0.015277777777777777
5 0.6569010416666666 0.29259259259259257 0.00546875 0.010185185185185186
4 0.8 0.3363425925925926 0.005208333333333333 0.0125
3 0.8022135416666667 0.35 0.01796875 0.019444444444444445
3 0.9184895833333333 0.35694444444444445 0.028125 0.025
2 0.7079427083333333 0.2585648148148148 0.0033854166666666668 0.005092592592592593
2 0.7315104166666667 0.27037037037037037 0.004166666666666667 0.005555555555555556
2 0.7506510416666666 0.2611111111111111 0.00390625 0.005555555555555556
2 0.7701822916666666 0.29421296296296295 0.0049479166666666664 0.006944444444444444
2 0.6889322916666667 0.2474537037037037 0.00390625 0.0060185185185185185
2 0.669140625 0.27175925925925926 0.00390625 0.006481481481481481
2 0.8041666666666667 0.2914351851851852 0.004166666666666667 0.0060185185185185185
2 0.8115885416666667 0.3013888888888889 0.004427083333333333 0.005555555555555556
3 0.8403645833333333 0.2777777777777778 0.019270833333333334 0.018518518518518517
5 0.8442708333333333 0.2708333333333333 0.0046875 0.013888888888888888
1 0.765625 0.25555555555555554 0.004166666666666667 0.007407407407407408
1 0.7739583333333333 0.2722222222222222 0.0036458333333333334 0.006481481481481481
1 0.8169270833333333 0.2712962962962963 0.003125 0.006481481481481481