3 0.6580729166666667 0.3053240740740741 0.034895833333333334 0.015277777777777777
5 0.6502604166666667 0.29768518518518516 0.005208333333333333 0.009259259259259259
4 0.7911458333333333 0.34305555555555556 0.005208333333333333 0.012962962962962963
3 0.7930989583333333 0.35625 0.017447916666666667 0.01898148148148148
3 0.907421875 0.3594907407407407 0.02734375 0.024537037037037038
2 0.6998697916666666 0.26458333333333334 0.0033854166666666668 0.005092592592592593
2 0.7217447916666667 0.2761574074074074 0.004427083333333333 0.0060185185185185185
2 0.741796875 0.2662037037037037 0.0033854166666666668 0.004629629629629629
2 0.76171875 0.29953703703703705 0.0046875 0.006481481481481481
2 0.6815104166666667 0.25462962962962965 0.0036458333333333334 0.005555555555555556
2 0.6626302083333333 0.2777777777777778 0.0033854166666666668 0.005555555555555556
2 0.7950520833333333 0.2969907407407407 0.004166666666666667 0.0060185185185185185
2 0.8028645833333333 0.30625 0.0046875 0.0060185185185185185
3 0.8302083333333333 0.2826388888888889 0.01875 0.018055555555555554
5 0.8341145833333333 0.2763888888888889 0.0046875 0.013888888888888888
1 0.7565104166666666 0.2625 0.0036458333333333334 0.006481481481481481
1 0.7640625 0.2775462962962963 0.0036458333333333334 0.006944444444444444
1 0.8072916666666666 0.2761574074074074 0.0036458333333333334 0.0060185185185185185