3 0.6298177083333333 0.3280092592592593 0.03203125 0.014351851851851852
5 0.622265625 0.32175925925925924 0.0049479166666666664 0.009259259259259259
4 0.74921875 0.3736111111111111 0.005208333333333333 0.012037037037037037
3 0.7518229166666667 0.38587962962962963 0.01875 0.01898148148148148
3 0.85859375 0.3715277777777778 0.024479166666666666 0.02175925925925926
2 0.6654947916666667 0.2914351851851852 0.0033854166666666668 0.005092592592592593
2 0.6799479166666667 0.3013888888888889 0.0036458333333333334 0.004629629629629629
2 0.7013020833333333 0.29259259259259257 0.0036458333333333334 0.005555555555555556
2 0.72421875 0.3224537037037037 0.005208333333333333 0.006944444444444444
2 0.6489583333333333 0.2833333333333333 0.0036458333333333334 0.005555555555555556
2 0.6375 0.30486111111111114 0.0036458333333333334 0.0060185185185185185
2 0.7549479166666667 0.32060185185185186 0.0036458333333333334 0.005092592592592593
2 0.763671875 0.32916666666666666 0.004427083333333333 0.005555555555555556
3 0.7864583333333334 0.30648148148148147 0.016666666666666666 0.01574074074074074
5 0.7897135416666666 0.3002314814814815 0.004427083333333333 0.0125
1 0.7161458333333334 0.28888888888888886 0.0036458333333333334 0.006481481481481481
1 0.7221354166666667 0.3020833333333333 0.003125 0.0060185185185185185
1 0.7641927083333333 0.30092592592592593 0.00390625 0.006481481481481481