3 0.625 0.33310185185185187 0.03177083333333333 0.014351851851851852
5 0.6178385416666666 0.32685185185185184 0.0049479166666666664 0.009259259259259259
4 0.7415364583333334 0.38055555555555554 0.0049479166666666664 0.012037037037037037
3 0.7440104166666667 0.39375 0.020833333333333332 0.020833333333333332
3 0.8498697916666667 0.37546296296296294 0.023697916666666666 0.021296296296296296
2 0.6592447916666667 0.2969907407407407 0.0033854166666666668 0.005092592592592593
2 0.671875 0.3071759259259259 0.0036458333333333334 0.005092592592592593
2 0.6942708333333333 0.2986111111111111 0.0036458333333333334 0.005555555555555556
2 0.7177083333333333 0.3287037037037037 0.0046875 0.006481481481481481
2 0.6432291666666666 0.28912037037037036 0.003125 0.005092592592592593
2 0.7479166666666667 0.32546296296296295 0.0036458333333333334 0.005555555555555556
3 0.7790364583333333 0.31157407407407406 0.01640625 0.01574074074074074
5 0.7821614583333333 0.305787037037037 0.004427083333333333 0.0125
1 0.7087239583333333 0.29467592592592595 0.0033854166666666668 0.0060185185185185185
1 0.7149739583333333 0.30787037037037035 0.0033854166666666668 0.006481481481481481
1 0.756640625 0.30648148148148147 0.00390625 0.006481481481481481
2 0.7571614583333334 0.33449074074074076 0.00390625 0.005092592592592593
2 0.6329427083333333 0.3111111111111111 0.0033854166666666668 0.005555555555555556