3 0.63515625 0.35509259259259257 0.03333333333333333 0.014814814814814815
5 0.6317708333333333 0.34837962962962965 0.00625 0.011574074074074073
4 0.679296875 0.4391203703703704 0.005989583333333334 0.014351851851851852
3 0.679296875 0.4530092592592593 0.03203125 0.02546296296296296
3 0.8600260416666666 0.40717592592592594 0.025260416666666667 0.02361111111111111
2 0.6783854166666666 0.31828703703703703 0.004166666666666667 0.0060185185185185185
2 0.68984375 0.3287037037037037 0.0036458333333333334 0.004629629629629629
2 0.715625 0.32037037037037036 0.0036458333333333334 0.005555555555555556
2 0.73359375 0.35509259259259257 0.005729166666666666 0.007407407407407408
2 0.668359375 0.3113425925925926 0.0033854166666666668 0.005092592592592593
2 0.7666666666666667 0.35439814814814813 0.004166666666666667 0.0060185185185185185
3 0.803125 0.3375 0.0140625 0.01574074074074074
5 0.805078125 0.33101851851851855 0.004427083333333333 0.012962962962962963
1 0.7313802083333333 0.3173611111111111 0.0033854166666666668 0.0060185185185185185
1 0.7358072916666667 0.3337962962962963 0.004427083333333333 0.006481481481481481
1 0.7786458333333334 0.33078703703703705 0.004166666666666667 0.006944444444444444
2 0.7755208333333333 0.3638888888888889 0.004166666666666667 0.005555555555555556
2 0.6609375 0.33449074074074076 0.0036458333333333334 0.006944444444444444