3 0.6427083333333333 0.35625 0.03333333333333333 0.015277777777777777
5 0.6401041666666667 0.3486111111111111 0.00625 0.012037037037037037
4 0.6756510416666667 0.44513888888888886 0.005989583333333334 0.014351851851851852
3 0.6756510416666667 0.45949074074074076 0.03307291666666667 0.02638888888888889
3 0.8688802083333333 0.41087962962962965 0.025260416666666667 0.02361111111111111
2 0.687890625 0.3199074074074074 0.00390625 0.005555555555555556
2 0.6993489583333333 0.33055555555555555 0.0033854166666666668 0.004629629629629629
2 0.7252604166666666 0.3212962962962963 0.0036458333333333334 0.005555555555555556
2 0.7427083333333333 0.35671296296296295 0.005208333333333333 0.006944444444444444
2 0.6778645833333333 0.31157407407407406 0.0036458333333333334 0.005555555555555556
2 0.7760416666666666 0.35625 0.004166666666666667 0.0060185185185185185
3 0.8134114583333333 0.33958333333333335 0.014322916666666666 0.016203703703703703
5 0.815625 0.3333333333333333 0.0046875 0.013888888888888888
1 0.7412760416666667 0.31828703703703703 0.0033854166666666668 0.0060185185185185185
1 0.7454427083333334 0.33541666666666664 0.00390625 0.005092592592592593
1 0.7888020833333333 0.3326388888888889 0.004166666666666667 0.006944444444444444
2 0.7850260416666667 0.3645833333333333 0.00390625 0.005092592592592593
2 0.6709635416666667 0.33611111111111114 0.0033854166666666668 0.006481481481481481