3 0.5251302083333333 0.4787037037037037 0.03463541666666667 0.026851851851851852
3 0.503125 0.5310185185185186 0.0265625 0.03518518518518519
3 0.72421875 0.5395833333333333 0.044270833333333336 0.03564814814814815
3 0.8247395833333333 0.5668981481481481 0.053125 0.03657407407407407
2 0.3626302083333333 0.5219907407407407 0.00859375 0.0125
2 0.38971354166666666 0.525 0.00859375 0.013888888888888888
2 0.4473958333333333 0.5472222222222223 0.008333333333333333 0.012962962962962963
4 0.733984375 0.5222222222222223 0.00546875 0.023148148148148147
5 0.8375 0.5474537037037037 0.008333333333333333 0.03194444444444444
5 0.8373697916666667 0.5694444444444444 0.012760416666666666 0.02962962962962963
4 0.7161458333333334 0.525 0.0067708333333333336 0.017592592592592594
4 0.7260416666666667 0.5303240740740741 0.007291666666666667 0.014351851851851852
1 0.8345052083333333 0.6006944444444444 0.007552083333333333 0.010648148148148148
4 0.5 0.5155092592592593 0.008333333333333333 0.022685185185185187