3 0.535546875 0.4787037037037037 0.03203125 0.025
3 0.5052083333333334 0.5263888888888889 0.025520833333333333 0.03333333333333333
3 0.72421875 0.5391203703703704 0.04114583333333333 0.03564814814814815
3 0.81796875 0.5638888888888889 0.052083333333333336 0.03888888888888889
2 0.371875 0.5189814814814815 0.008333333333333333 0.012962962962962963
2 0.4 0.5201388888888889 0.00625 0.0125
2 0.444140625 0.5435185185185185 0.00703125 0.011111111111111112
4 0.73203125 0.5236111111111111 0.005208333333333333 0.022222222222222223
5 0.8299479166666667 0.5474537037037037 0.0078125 0.03009259259259259
5 0.829296875 0.5689814814814815 0.012760416666666666 0.02962962962962963
4 0.7145833333333333 0.525 0.00625 0.016666666666666666
4 0.7234375 0.5324074074074074 0.0078125 0.014814814814814815
1 0.81484375 0.5935185185185186 0.008854166666666666 0.009259259259259259
4 0.502734375 0.5122685185185185 0.008072916666666667 0.02175925925925926