3 0.549609375 0.4738425925925926 0.032552083333333336 0.02546296296296296
3 0.522265625 0.5215277777777778 0.024739583333333332 0.03287037037037037
3 0.7395833333333334 0.5347222222222222 0.041666666666666664 0.03611111111111111
3 0.8333333333333334 0.5587962962962963 0.053125 0.03981481481481482
2 0.38984375 0.5145833333333333 0.0067708333333333336 0.010648148148148148
2 0.4186197916666667 0.5162037037037037 0.008072916666666667 0.012037037037037037
2 0.45794270833333334 0.5361111111111111 0.006510416666666667 0.010185185185185186
4 0.746875 0.5201388888888889 0.00625 0.02638888888888889
5 0.8451822916666667 0.5418981481481482 0.008072916666666667 0.031018518518518518
5 0.8447916666666667 0.5643518518518519 0.013020833333333334 0.030555555555555555
4 0.73046875 0.5222222222222223 0.0067708333333333336 0.017592592592592594
1 0.8212239583333333 0.5875 0.00859375 0.012037037037037037
4 0.5192708333333333 0.5078703703703704 0.0078125 0.021296296296296296