3 0.4309895833333333 0.4787037037037037 0.0421875 0.028703703703703703
3 0.4161458333333333 0.5532407407407407 0.029166666666666667 0.04259259259259259
3 0.6696614583333333 0.549537037037037 0.05286458333333333 0.044444444444444446
3 0.7791666666666667 0.575 0.0671875 0.05092592592592592
2 0.24244791666666668 0.5594907407407408 0.009375 0.013425925925925926
2 0.2891927083333333 0.5541666666666667 0.007552083333333333 0.012962962962962963
2 0.31927083333333334 0.5898148148148148 0.009895833333333333 0.018518518518518517
5 0.4158854166666667 0.45601851851851855 0.007291666666666667 0.03148148148148148
4 0.6787760416666667 0.53125 0.00703125 0.03009259259259259
5 0.792578125 0.5555555555555556 0.011197916666666667 0.037037037037037035
5 0.7966145833333333 0.5810185185185185 0.013020833333333334 0.03425925925925926
1 0.7541666666666667 0.60625 0.009375 0.013425925925925926
4 0.6591145833333333 0.5333333333333333 0.007291666666666667 0.021296296296296296
4 0.4100260416666667 0.5358796296296297 0.009114583333333334 0.027314814814814816
4 0.43138020833333335 0.4701388888888889 0.005989583333333334 0.0125
4 0.43984375 0.4685185185185185 0.00625 0.012962962962962963