3 0.346875 0.48032407407407407 0.03958333333333333 0.03287037037037037
3 0.33841145833333336 0.5766203703703704 0.039322916666666666 0.060648148148148145
3 0.62421875 0.55625 0.059895833333333336 0.04953703703703704
3 0.7407552083333333 0.5824074074074074 0.07942708333333333 0.05925925925925926
2 0.12708333333333333 0.6030092592592593 0.009375 0.013425925925925926
2 0.183984375 0.5939814814814814 0.009635416666666667 0.016666666666666666
2 0.21953125 0.6314814814814815 0.014583333333333334 0.019444444444444445
2 0.2962239583333333 0.4810185185185185 0.009114583333333334 0.01574074074074074
4 0.633984375 0.5388888888888889 0.009114583333333334 0.032407407407407406
5 0.7584635416666666 0.5604166666666667 0.012239583333333333 0.04583333333333333
5 0.7666666666666667 0.5930555555555556 0.0140625 0.03796296296296296
1 0.713671875 0.6166666666666667 0.01015625 0.014814814814814815
4 0.6119791666666666 0.5370370370370371 0.0078125 0.016666666666666666
4 0.32981770833333335 0.5583333333333333 0.011197916666666667 0.03425925925925926
4 0.34466145833333334 0.4703703703703704 0.00703125 0.014814814814814815
4 0.35494791666666664 0.4703703703703704 0.007291666666666667 0.012962962962962963