3 0.27265625 0.4842592592592593 0.0390625 0.037037037037037035
3 0.27369791666666665 0.6083333333333333 0.050520833333333334 0.075
3 0.5942708333333333 0.5645833333333333 0.071875 0.05787037037037037
3 0.719921875 0.5819444444444445 0.09192708333333334 0.05648148148148148
2 0.008203125 0.6675925925925926 0.015364583333333333 0.025
2 0.08971354166666666 0.6375 0.01484375 0.024074074074074074
2 0.140234375 0.6886574074074074 0.019010416666666665 0.02546296296296296
2 0.20325520833333333 0.49074074074074076 0.010677083333333334 0.012962962962962963
4 0.603125 0.544212962962963 0.009895833333333333 0.03935185185185185
5 0.740234375 0.5546296296296296 0.013802083333333333 0.04814814814814815
2 0.754296875 0.6129629629629629 0.010677083333333334 0.018518518518518517
1 0.7040364583333333 0.63125 0.010677083333333334 0.01898148148148148
4 0.5809895833333333 0.5444444444444444 0.009895833333333333 0.020370370370370372
4 0.5977864583333333 0.5548611111111111 0.009114583333333334 0.024537037037037038
4 0.2615885416666667 0.5898148148148148 0.010677083333333334 0.037037037037037035
4 0.2662760416666667 0.47337962962962965 0.008072916666666667 0.01898148148148148
4 0.2799479166666667 0.4726851851851852 0.008333333333333333 0.014814814814814815