3 0.14609375 0.5097222222222222 0.042708333333333334 0.05277777777777778
3 0.18046875 0.6918981481481481 0.08333333333333333 0.10787037037037037
3 0.5614583333333333 0.5837962962962963 0.08854166666666667 0.07777777777777778
3 0.6958333333333333 0.5928240740740741 0.11041666666666666 0.059722222222222225
2 0.04700520833333333 0.5342592592592592 0.014322916666666666 0.019444444444444445
2 0.03307291666666667 0.8569444444444444 0.06197916666666667 0.05555555555555555
4 0.573046875 0.5581018518518519 0.012239583333333333 0.04398148148148148
5 0.724609375 0.5655092592592592 0.012760416666666666 0.05694444444444444
5 0.66953125 0.5578703703703703 0.013541666666666667 0.049074074074074076
2 0.7408854166666666 0.6356481481481482 0.013541666666666667 0.023148148148148147
1 0.7022135416666667 0.6631944444444444 0.02265625 0.031018518518518518
4 0.5485677083333333 0.562962962962963 0.012239583333333333 0.02962962962962963
4 0.5694010416666667 0.575925925925926 0.01171875 0.028703703703703703
4 0.16328125 0.6708333333333333 0.0140625 0.04814814814814815
4 0.13723958333333333 0.4976851851851852 0.011979166666666667 0.025
4 0.15338541666666666 0.48703703703703705 0.0109375 0.019444444444444445