3 0.12369791666666667 0.5162037037037037 0.044270833333333336 0.05462962962962963
3 0.16731770833333334 0.7097222222222223 0.08932291666666667 0.11574074074074074
3 0.5572916666666666 0.5872685185185185 0.09114583333333333 0.08009259259259259
3 0.6927083333333334 0.5930555555555556 0.1125 0.06111111111111111
2 0.020572916666666666 0.5460648148148148 0.014583333333333334 0.01990740740740741
2 0.029166666666666667 0.8921296296296296 0.04739583333333333 0.058333333333333334
4 0.56953125 0.5618055555555556 0.011979166666666667 0.04212962962962963
5 0.722265625 0.5662037037037037 0.01328125 0.05925925925925926
5 0.6658854166666667 0.5574074074074075 0.013541666666666667 0.049074074074074076
2 0.7279947916666667 0.6388888888888888 0.02265625 0.017592592592592594
1 0.7044270833333334 0.669212962962963 0.021354166666666667 0.027314814814814816
4 0.5463541666666667 0.5652777777777778 0.010416666666666666 0.028703703703703703
4 0.5658854166666667 0.5784722222222223 0.011458333333333333 0.02824074074074074
4 0.11484375 0.5046296296296297 0.011979166666666667 0.024074074074074074
4 0.13111979166666668 0.4949074074074074 0.01328125 0.032407407407407406