3 0.027083333333333334 0.5481481481481482 0.050520833333333334 0.06574074074074074
3 0.10247395833333334 0.7594907407407407 0.11171875 0.18101851851851852
3 0.5256510416666667 0.5951388888888889 0.10234375 0.08287037037037037
3 0.6600260416666667 0.5951388888888889 0.11380208333333333 0.060648148148148145
4 0.5416666666666666 0.5613425925925926 0.015104166666666667 0.03657407407407407
5 0.6921875 0.5648148148148148 0.016145833333333335 0.05555555555555555
5 0.6352864583333333 0.5569444444444445 0.01484375 0.05092592592592592
4 0.541015625 0.5854166666666667 0.019010416666666665 0.029166666666666667
2 0.70625 0.6444444444444445 0.030729166666666665 0.028703703703703703
1 0.6859375 0.68125 0.013541666666666667 0.03009259259259259
4 0.5182291666666666 0.5710648148148149 0.01875 0.04027777777777778
4 0.015234375 0.5331018518518519 0.015364583333333333 0.03009259259259259
4 0.036848958333333334 0.5236111111111111 0.01328125 0.041666666666666664