3 0.43697916666666664 0.6319444444444444 0.06458333333333334 0.09907407407407408
3 0.4915364583333333 0.42592592592592593 0.02890625 0.1111111111111111
3 0.6018229166666667 0.18356481481481482 0.058854166666666666 0.06712962962962964
2 0.6111979166666667 0.4861111111111111 0.029166666666666667 0.026851851851851852
2 0.640625 0.43472222222222223 0.0109375 0.024074074074074074
1 0.7048177083333333 0.2712962962962963 0.03046875 0.019444444444444445
2 0.5740885416666667 0.20069444444444445 0.01484375 0.03287037037037037
5 0.45794270833333334 0.6590277777777778 0.01171875 0.020833333333333332
6 0.49908854166666666 0.45717592592592593 0.006510416666666667 0.014351851851851852
4 0.48776041666666664 0.4393518518518518 0.009375 0.018518518518518517
4 0.498046875 0.4386574074074074 0.00859375 0.018055555555555554