3 0.43893229166666664 0.763425925925926 0.06536458333333334 0.1
3 0.49322916666666666 0.5564814814814815 0.029166666666666667 0.11203703703703703
3 0.6032552083333333 0.31828703703703703 0.05911458333333333 0.06527777777777778
2 0.61484375 0.6148148148148148 0.0296875 0.02962962962962963
2 0.6421875 0.5662037037037037 0.011458333333333333 0.026851851851851852
1 0.696484375 0.40902777777777777 0.029427083333333333 0.01990740740740741
2 0.5778645833333333 0.331712962962963 0.010416666666666666 0.02824074074074074
5 0.4588541666666667 0.7898148148148149 0.0125 0.022222222222222223
6 0.5006510416666666 0.5884259259259259 0.00703125 0.01574074074074074
4 0.48971354166666664 0.569675925925926 0.009635416666666667 0.01898148148148148
4 0.4998697916666667 0.5699074074074074 0.009114583333333334 0.019444444444444445