3 0.446484375 0.9548611111111112 0.06796875 0.09027777777777778
3 0.501171875 0.7442129629629629 0.029947916666666668 0.11527777777777778
3 0.6111979166666667 0.5041666666666667 0.0625 0.06296296296296296
2 0.6290364583333333 0.8099537037037037 0.029947916666666668 0.033796296296296297
2 0.6483072916666667 0.7601851851851852 0.01328125 0.019444444444444445
1 0.6571614583333333 0.607175925925926 0.029947916666666668 0.016203703703703703
2 0.5819010416666667 0.5377314814814815 0.015364583333333333 0.014351851851851852
5 0.467578125 0.9895833333333334 0.013802083333333333 0.020833333333333332
6 0.5088541666666667 0.7761574074074075 0.0078125 0.01712962962962963
4 0.4973958333333333 0.7578703703703704 0.009895833333333333 0.019444444444444445
4 0.5075520833333333 0.7576388888888889 0.009375 0.01990740740740741
4 0.5975260416666667 0.5055555555555555 0.010677083333333334 0.017592592592592594