3 0.448046875 0.9770833333333333 0.07161458333333333 0.04583333333333333
3 0.5016927083333333 0.7865740740740741 0.03046875 0.11666666666666667
3 0.6122395833333333 0.5460648148148148 0.0640625 0.06435185185185185
2 0.6311197916666667 0.8555555555555555 0.029947916666666668 0.025
2 0.64921875 0.8041666666666667 0.0140625 0.019444444444444445
1 0.6545572916666667 0.6539351851851852 0.02734375 0.022685185185185187
2 0.5815104166666667 0.5784722222222223 0.010416666666666666 0.01990740740740741
6 0.5095052083333333 0.8201388888888889 0.008072916666666667 0.018055555555555554
4 0.4979166666666667 0.8006944444444445 0.009895833333333333 0.01990740740740741
4 0.5083333333333333 0.8009259259259259 0.009375 0.020370370370370372
4 0.598046875 0.5481481481481482 0.010677083333333334 0.017592592592592594