3 0.4298177083333333 0.6240740740740741 0.03411458333333333 0.11296296296296296
3 0.5080729166666667 0.36412037037037037 0.06302083333333333 0.05416666666666667
3 0.4036458333333333 0.8416666666666667 0.07239583333333334 0.09074074074074075
2 0.5717447916666667 0.7090277777777778 0.020572916666666666 0.04490740740740741
2 0.5694010416666667 0.6076388888888888 0.010677083333333334 0.01898148148148148
1 0.4549479166666667 0.6442129629629629 0.0125 0.047685185185185185
2 0.5055989583333333 0.5020833333333333 0.015364583333333333 0.024537037037037038
5 0.42578125 0.8643518518518518 0.014583333333333334 0.022222222222222223
6 0.44049479166666666 0.6530092592592592 0.006510416666666667 0.014351851851851852
4 0.42825520833333336 0.6381944444444444 0.009635416666666667 0.01898148148148148
4 0.43776041666666665 0.6358796296296296 0.0078125 0.01712962962962963
4 0.49713541666666666 0.37037037037037035 0.010416666666666666 0.01574074074074074