3 0.24518229166666666 0.5108796296296296 0.05234375 0.027314814814814816
2 0.372265625 0.5474537037037037 0.008072916666666667 0.014351851851851852
5 0.2635416666666667 0.49722222222222223 0.005729166666666666 0.012037037037037037
4 0.23333333333333334 0.5009259259259259 0.005208333333333333 0.016666666666666666
2 0.25859375 0.5398148148148149 0.00625 0.010185185185185186
4 0.24934895833333334 0.4983796296296296 0.006510416666666667 0.018055555555555554
5 0.5680989583333333 0.5479166666666667 0.006510416666666667 0.01712962962962963
4 0.5520833333333334 0.5574074074074075 0.011458333333333333 0.021296296296296296
4 0.8981770833333333 0.530787037037037 0.0067708333333333336 0.014351851851851852
3 0.5515625 0.5057870370370371 0.028645833333333332 0.03657407407407407
2 0.39544270833333334 0.575462962962963 0.00703125 0.012962962962962963
3 0.5567708333333333 0.5689814814814815 0.03333333333333333 0.03981481481481482
3 0.9125 0.5462962962962963 0.0484375 0.03148148148148148