3 0.2731707317073171 0.3311897106109325 0.03414634146341464 0.027867095391211148
3 0.3434959349593496 0.14683815648445875 0.028455284552845527 0.04072883172561629
3 0.7707317073170732 0.14362272240085744 0.03577235772357724 0.027867095391211148
2 0.2926829268292683 0.34190782422293675 0.00975609756097561 0.010718113612004287
2 0.41788617886178864 0.19560557341907825 0.013008130081300813 0.011789924973204717
2 0.432520325203252 0.09967845659163987 0.014634146341463415 0.010718113612004287
2 0.46016260162601624 0.13183279742765272 0.016260162601626018 0.010718113612004287
2 0.49349593495934957 0.1457663451232583 0.008130081300813009 0.015005359056806002
2 0.5650406504065041 0.10664523043944266 0.014634146341463415 0.011789924973204717
2 0.7333333333333333 0.10718113612004287 0.014634146341463415 0.015005359056806002
2 0.6890243902439024 0.14308681672025725 0.01707317073170732 0.013933547695605574
1 0.48292682926829267 0.2357984994640943 0.01951219512195122 0.010718113612004287
1 0.4117886178861789 0.11361200428724544 0.01056910569105691 0.010718113612004287