3 0.14505208333333333 0.530787037037037 0.05625 0.03287037037037037
2 0.25950520833333335 0.5537037037037037 0.00859375 0.013888888888888888
4 0.13203125 0.5199074074074074 0.005208333333333333 0.017592592592592594
2 0.19075520833333334 0.5648148148148148 0.00703125 0.012037037037037037
4 0.14986979166666667 0.5157407407407407 0.00703125 0.020370370370370372
4 0.8346354166666666 0.47453703703703703 0.007291666666666667 0.01574074074074074
4 0.8647135416666667 0.48865740740740743 0.00703125 0.02361111111111111
3 0.4765625 0.48680555555555555 0.027083333333333334 0.043055555555555555
2 0.3279947916666667 0.5921296296296297 0.010677083333333334 0.012962962962962963
3 0.5032552083333334 0.5502314814814815 0.027864583333333335 0.06342592592592593
3 0.8501302083333333 0.4898148148148148 0.05078125 0.030555555555555555
3 0.9138020833333333 0.09027777777777778 0.010416666666666666 0.012037037037037037