3 0.12044270833333333 0.5407407407407407 0.05755208333333333 0.037037037037037035
2 0.229296875 0.5548611111111111 0.009635416666666667 0.015277777777777777
4 0.10703125 0.5305555555555556 0.005729166666666666 0.018518518518518517
2 0.17604166666666668 0.5743055555555555 0.007291666666666667 0.0125
4 0.8119791666666667 0.45231481481481484 0.0067708333333333336 0.014814814814814815
4 0.843359375 0.46550925925925923 0.00703125 0.02361111111111111
3 0.45625 0.4777777777777778 0.025 0.04537037037037037
2 0.31276041666666665 0.5925925925925926 0.011458333333333333 0.012037037037037037
3 0.491796875 0.5449074074074074 0.026302083333333334 0.06574074074074074
3 0.827734375 0.46574074074074073 0.05130208333333333 0.02962962962962963
3 0.849609375 0.05578703703703704 0.010677083333333334 0.0125