3 0.10598958333333333 0.5460648148148148 0.057291666666666664 0.0375
2 0.21236979166666667 0.5592592592592592 0.009114583333333334 0.014814814814814815
4 0.09283854166666666 0.5361111111111111 0.006510416666666667 0.019444444444444445
2 0.166015625 0.5793981481481482 0.00703125 0.0125
4 0.7998697916666667 0.44027777777777777 0.008072916666666667 0.014814814814814815
4 0.8307291666666666 0.4527777777777778 0.0067708333333333336 0.024074074074074074
3 0.444140625 0.47638888888888886 0.025260416666666667 0.044444444444444446
2 0.3048177083333333 0.5981481481481481 0.01171875 0.011111111111111112
3 0.483984375 0.5412037037037037 0.02578125 0.06666666666666667
3 0.8145833333333333 0.45185185185185184 0.0515625 0.030555555555555555
3 0.815234375 0.040740740740740744 0.010677083333333334 0.012037037037037037