3 0.025520833333333333 0.6423611111111112 0.051041666666666666 0.05416666666666667
2 0.098046875 0.6300925925925925 0.008072916666666667 0.014814814814814815
5 0.03372395833333333 0.6131944444444445 0.008072916666666667 0.02824074074074074
4 0.008072916666666667 0.6340277777777777 0.0078125 0.02175925925925926
2 0.11731770833333334 0.6555555555555556 0.008072916666666667 0.01574074074074074
4 0.680078125 0.3854166666666667 0.006510416666666667 0.015277777777777777
4 0.711328125 0.39282407407407405 0.00703125 0.02361111111111111
3 0.35651041666666666 0.4888888888888889 0.025520833333333333 0.04814814814814815
2 0.252734375 0.6553240740740741 0.008072916666666667 0.013425925925925926
3 0.42890625 0.5481481481481482 0.03854166666666667 0.06666666666666667
3 0.6950520833333333 0.394212962962963 0.050520833333333334 0.02546296296296296