3 0.023307291666666667 0.6534722222222222 0.046614583333333334 0.05324074074074074
2 0.092578125 0.6412037037037037 0.00859375 0.013888888888888888
5 0.029166666666666667 0.6240740740740741 0.008333333333333333 0.028703703703703703
4 0.0046875 0.6462962962962963 0.008854166666666666 0.025
2 0.11640625 0.6648148148148149 0.008333333333333333 0.01574074074074074
4 0.670703125 0.3849537037037037 0.006510416666666667 0.015277777777777777
4 0.7016927083333333 0.3923611111111111 0.00703125 0.02361111111111111
3 0.34986979166666665 0.49421296296296297 0.026302083333333334 0.047685185185185185
2 0.25026041666666665 0.6615740740740741 0.008333333333333333 0.012962962962962963
3 0.42486979166666666 0.5518518518518518 0.038802083333333334 0.06666666666666667
3 0.68515625 0.39375 0.05 0.02546296296296296