1 0.6394308943089431 0.7727759914255091 0.00894308943089431 0.012861736334405145
1 0.683739837398374 0.9196141479099679 0.014634146341463415 0.01714898177920686
5 0.9284552845528455 0.7684887459807074 0.008130081300813009 0.010718113612004287
3 0.9349593495934959 0.7872454448017149 0.032520325203252036 0.04394426580921758
3 0.8195121951219512 0.912647374062165 0.02926829268292683 0.04394426580921758
3 0.4345528455284553 0.7390139335476956 0.034959349593495934 0.022508038585209004
2 0.42520325203252035 0.7904608788853161 0.008130081300813009 0.02465166130760986
2 0.46260162601626015 0.7668810289389068 0.014634146341463415 0.013933547695605574
2 0.6089430894308943 0.8242229367631297 0.011382113821138212 0.012861736334405145
2 0.5573170731707318 0.822615219721329 0.012195121951219513 0.01822079314040729
2 0.6414634146341464 0.8606645230439443 0.014634146341463415 0.012861736334405145
2 0.7422764227642277 0.8445873526259379 0.013008130081300813 0.015005359056806002
2 0.6459349593495934 0.9415862808145766 0.015447154471544716 0.013933547695605574