2 0.545703125 0.46087962962962964 0.012760416666666666 0.014351851851851852
3 0.59921875 0.28912037037037036 0.041666666666666664 0.022685185185185187
3 0.61953125 0.3337962962962963 0.0375 0.04351851851851852
1 0.6283854166666667 0.4888888888888889 0.0078125 0.012037037037037037
5 0.6557291666666667 0.6118055555555556 0.007291666666666667 0.0125
3 0.6545572916666667 0.6458333333333334 0.023177083333333334 0.062037037037037036
1 0.5794270833333334 0.30277777777777776 0.008854166666666666 0.012962962962962963
2 0.6899739583333333 0.47800925925925924 0.00703125 0.013425925925925926
1 0.5763020833333333 0.46550925925925923 0.011458333333333333 0.0125
1 0.5701822916666667 0.4798611111111111 0.008072916666666667 0.013425925925925926
4 0.654296875 0.6472222222222223 0.007552083333333333 0.027777777777777776
5 0.5923177083333333 0.2826388888888889 0.00546875 0.0125