2 0.545703125 0.45925925925925926 0.012239583333333333 0.017592592592592594
3 0.5997395833333333 0.2877314814814815 0.041666666666666664 0.022685185185185187
3 0.6200520833333333 0.3326388888888889 0.0375 0.043055555555555555
1 0.6287760416666667 0.48842592592592593 0.013802083333333333 0.013888888888888888
5 0.65703125 0.6104166666666667 0.0067708333333333336 0.0125
3 0.6553385416666667 0.6442129629629629 0.023177083333333334 0.06157407407407407
1 0.580078125 0.3023148148148148 0.009114583333333334 0.010185185185185186
2 0.690234375 0.47708333333333336 0.00703125 0.0125
1 0.5779947916666667 0.46273148148148147 0.01015625 0.011574074074074073
1 0.5709635416666666 0.4789351851851852 0.009114583333333334 0.013425925925925926
4 0.6549479166666666 0.6458333333333334 0.008854166666666666 0.027777777777777776
5 0.5928385416666667 0.2814814814814815 0.00546875 0.012962962962962963