3 0.6018229166666667 0.28425925925925927 0.041666666666666664 0.022222222222222223
2 0.5475260416666666 0.456712962962963 0.015364583333333333 0.013425925925925926
3 0.6227864583333333 0.3282407407407407 0.037760416666666664 0.04351851851851852
1 0.6309895833333333 0.48564814814814816 0.0067708333333333336 0.012962962962962963
5 0.6604166666666667 0.6064814814814815 0.0078125 0.012962962962962963
3 0.6583333333333333 0.6398148148148148 0.022916666666666665 0.06111111111111111
1 0.5833333333333334 0.30462962962962964 0.009895833333333333 0.014814814814814815
2 0.69375 0.4708333333333333 0.005729166666666666 0.012037037037037037
1 0.6186197916666667 0.35509259259259257 0.010677083333333334 0.007407407407407408
1 0.57890625 0.45902777777777776 0.009895833333333333 0.014351851851851852
1 0.57578125 0.4761574074074074 0.0067708333333333336 0.0125
4 0.6580729166666667 0.6412037037037037 0.0078125 0.028703703703703703
5 0.59453125 0.27662037037037035 0.005208333333333333 0.011574074074074073