3 0.5005208333333333 0.26828703703703705 0.04114583333333333 0.02175925925925926
2 0.4459635416666667 0.44351851851851853 0.009635416666666667 0.01574074074074074
3 0.5248697916666667 0.30787037037037035 0.039322916666666666 0.04259259259259259
1 0.5325520833333334 0.4761574074074074 0.0067708333333333336 0.0125
5 0.571484375 0.5752314814814815 0.00703125 0.011574074074074073
3 0.5696614583333334 0.6083333333333333 0.022135416666666668 0.06018518518518518
1 0.477734375 0.3229166666666667 0.013802083333333333 0.0125
2 0.6013020833333333 0.43449074074074073 0.00625 0.0125
1 0.512109375 0.35185185185185186 0.011197916666666667 0.012037037037037037
1 0.48489583333333336 0.44560185185185186 0.009375 0.0125
1 0.484765625 0.4652777777777778 0.008072916666666667 0.011111111111111112
4 0.569140625 0.6094907407407407 0.008072916666666667 0.02824074074074074
5 0.49270833333333336 0.2611111111111111 0.005729166666666666 0.012962962962962963