3 0.480078125 0.27060185185185187 0.04140625 0.02175925925925926
2 0.42734375 0.45 0.009895833333333333 0.012962962962962963
3 0.505859375 0.3106481481481482 0.03984375 0.04259259259259259
1 0.5140625 0.47939814814814813 0.0078125 0.0125
5 0.5553385416666666 0.5745370370370371 0.007552083333333333 0.011111111111111112
3 0.5537760416666667 0.6094907407407407 0.02265625 0.060648148148148145
1 0.4583333333333333 0.33125 0.008333333333333333 0.016203703703703703
2 0.5833333333333334 0.43310185185185185 0.00625 0.011574074074074073
1 0.49296875 0.355787037037037 0.008854166666666666 0.010648148148148148
1 0.4661458333333333 0.44814814814814813 0.010416666666666666 0.011111111111111112
1 0.466015625 0.4689814814814815 0.007552083333333333 0.011111111111111112
4 0.5529947916666667 0.6104166666666667 0.007552083333333333 0.02824074074074074
5 0.47265625 0.26342592592592595 0.005729166666666666 0.012962962962962963