1 0.56484375 0.46921296296296294 0.009375 0.0125
2 0.671875 0.4525462962962963 0.005729166666666666 0.011574074074074073
3 0.58515625 0.3402777777777778 0.03697916666666667 0.040740740740740744
1 0.56796875 0.4965277777777778 0.00625 0.010648148148148148
3 0.5528645833333333 0.30277777777777776 0.03958333333333333 0.021296296296296296
1 0.5416666666666666 0.3747685185185185 0.010416666666666666 0.013425925925925926
1 0.573828125 0.38634259259259257 0.010677083333333334 0.011574074074074073
1 0.6118489583333333 0.506712962962963 0.012239583333333333 0.0125
2 0.5251302083333333 0.47685185185185186 0.01171875 0.01574074074074074
5 0.6727864583333333 0.5861111111111111 0.007552083333333333 0.011111111111111112
4 0.6717447916666667 0.6185185185185185 0.006510416666666667 0.026851851851851852
5 0.545703125 0.2972222222222222 0.00546875 0.012037037037037037
3 0.6700520833333333 0.6173611111111111 0.0234375 0.05694444444444444
5 0.562890625 0.2951388888888889 0.0049479166666666664 0.011574074074074073