1 0.626171875 0.43819444444444444 0.008072916666666667 0.010648148148148148
2 0.7201822916666667 0.4125 0.00546875 0.011111111111111112
3 0.6235677083333333 0.31828703703703703 0.03307291666666667 0.03935185185185185
1 0.634765625 0.46458333333333335 0.008072916666666667 0.011574074074074073
3 0.586328125 0.28680555555555554 0.03671875 0.020833333333333332
1 0.5903645833333333 0.3608796296296296 0.008333333333333333 0.011574074074074073
1 0.6786458333333333 0.4701388888888889 0.0125 0.013425925925925926
2 0.59375 0.45046296296296295 0.011458333333333333 0.012037037037037037
5 0.7481770833333333 0.5289351851851852 0.0067708333333333336 0.009722222222222222
5 0.5805989583333333 0.28125 0.0049479166666666664 0.011574074074074073
4 0.7501302083333333 0.5578703703703703 0.00703125 0.024074074074074074
3 0.748046875 0.5567129629629629 0.026302083333333334 0.05138888888888889
5 0.5955729166666667 0.2789351851851852 0.0046875 0.010648148148148148