3 0.866015625 0.6094907407407407 0.09296875 0.07268518518518519
2 0.6552083333333333 0.4534722222222222 0.0140625 0.018055555555555554
3 0.2591145833333333 0.43148148148148147 0.096875 0.04259259259259259
3 0.021744791666666666 0.31828703703703703 0.04348958333333333 0.02546296296296296
2 0.5651041666666666 0.4101851851851852 0.010416666666666666 0.014814814814814815
2 0.41575520833333335 0.32060185185185186 0.007552083333333333 0.011574074074074073
3 0.3907552083333333 0.32037037037037036 0.048177083333333336 0.03518518518518519
4 0.83515625 0.5881944444444445 0.014583333333333334 0.05138888888888889
4 0.8670572916666667 0.594212962962963 0.02109375 0.043055555555555555
5 0.8502604166666666 0.5981481481481481 0.0203125 0.040740740740740744
5 0.3731770833333333 0.3106481481481482 0.011979166666666667 0.020370370370370372
4 0.28125 0.40578703703703706 0.015104166666666667 0.02546296296296296
4 0.392578125 0.30416666666666664 0.007552083333333333 0.021296296296296296
4 0.8842447916666667 0.5849537037037037 0.015364583333333333 0.04583333333333333
4 0.27174479166666665 0.40717592592592594 0.009635416666666667 0.024537037037037038
4 0.0359375 0.3055555555555556 0.0125 0.027777777777777776