3 0.9139322916666667 0.6087962962962963 0.09505208333333333 0.07407407407407407
2 0.725390625 0.45231481481481484 0.012760416666666666 0.018518518518518517
3 0.3404947916666667 0.41458333333333336 0.09609375 0.038425925925925926
3 0.11119791666666666 0.3002314814814815 0.05677083333333333 0.02546296296296296
2 0.6423177083333333 0.4076388888888889 0.01015625 0.014351851851851852
2 0.5061197916666667 0.31851851851851853 0.008072916666666667 0.012037037037037037
3 0.48125 0.31689814814814815 0.04895833333333333 0.03194444444444444
4 0.882421875 0.5912037037037037 0.01328125 0.05092592592592592
4 0.9141927083333333 0.5969907407407408 0.022135416666666668 0.043055555555555555
5 0.896875 0.6013888888888889 0.0203125 0.041666666666666664
5 0.463671875 0.30416666666666664 0.011197916666666667 0.021296296296296296
4 0.36106770833333335 0.3912037037037037 0.012760416666666666 0.023148148148148147
4 0.4837239583333333 0.30069444444444443 0.008072916666666667 0.02175925925925926
4 0.9319010416666667 0.5856481481481481 0.01484375 0.044444444444444446
4 0.13268229166666667 0.2898148148148148 0.012239583333333333 0.028703703703703703
4 0.090234375 0.29212962962962963 0.00859375 0.014814814814814815