3 0.9553385416666667 0.6094907407407407 0.08932291666666667 0.07175925925925926
2 0.790625 0.45393518518518516 0.0203125 0.01898148148148148
3 0.42044270833333336 0.40208333333333335 0.09401041666666667 0.04027777777777778
3 0.20846354166666667 0.28587962962962965 0.05651041666666667 0.02361111111111111
2 0.7178385416666667 0.4074074074074074 0.009635416666666667 0.013888888888888888
2 0.5962239583333333 0.31574074074074077 0.00859375 0.012037037037037037
3 0.5700520833333333 0.3141203703703704 0.04895833333333333 0.02824074074074074
4 0.926953125 0.5914351851851852 0.012239583333333333 0.05138888888888889
4 0.9583333333333334 0.5974537037037037 0.021354166666666667 0.04027777777777778
5 0.9407552083333334 0.6011574074074074 0.01953125 0.04027777777777778
5 0.55234375 0.30185185185185187 0.0109375 0.020370370370370372
4 0.441796875 0.38101851851851853 0.013802083333333333 0.023148148148148147
4 0.5733072916666667 0.2988425925925926 0.007552083333333333 0.01990740740740741
4 0.97734375 0.5868055555555556 0.017708333333333333 0.04398148148148148
4 0.230078125 0.2763888888888889 0.01171875 0.027777777777777776
4 0.18736979166666667 0.2775462962962963 0.010677083333333334 0.01712962962962963