3 0.4552083333333333 0.16944444444444445 0.051041666666666666 0.026851851851851852
2 0.6084635416666667 0.28402777777777777 0.01171875 0.015277777777777777
3 0.275390625 0.24791666666666667 0.08671875 0.03194444444444444
2 0.5536458333333333 0.24537037037037038 0.008333333333333333 0.012037037037037037
3 0.6984375 0.4148148148148148 0.11041666666666666 0.06018518518518518
3 0.13489583333333333 0.1587962962962963 0.05364583333333333 0.025
5 0.43671875 0.15856481481481483 0.009375 0.018055555555555554
4 0.664453125 0.39537037037037037 0.012239583333333333 0.04814814814814815
5 0.6752604166666667 0.40370370370370373 0.0203125 0.03796296296296296
2 0.48151041666666666 0.16898148148148148 0.007291666666666667 0.016666666666666666
4 0.29348958333333336 0.22870370370370371 0.011458333333333333 0.018518518518518517
4 0.6953125 0.4013888888888889 0.021354166666666667 0.03796296296296296
4 0.45989583333333334 0.1550925925925926 0.008854166666666666 0.018518518518518517
4 0.7180989583333334 0.39328703703703705 0.015885416666666666 0.03935185185185185
4 0.15416666666666667 0.14953703703703702 0.0109375 0.025
4 0.11640625 0.1511574074074074 0.0046875 0.013425925925925926