2 0.7173177083333333 0.2851851851851852 0.009635416666666667 0.014814814814814815
3 0.6694010416666667 0.21041666666666667 0.053385416666666664 0.02361111111111111
2 0.74921875 0.319212962962963 0.010416666666666666 0.015277777777777777
3 0.45729166666666665 0.2534722222222222 0.08125 0.031018518518518518
3 0.7494791666666667 0.4354166666666667 0.11822916666666666 0.05416666666666667
3 0.3841145833333333 0.16458333333333333 0.053125 0.01898148148148148
5 0.6513020833333333 0.19722222222222222 0.008333333333333333 0.017592592592592594
4 0.7165364583333333 0.4125 0.012239583333333333 0.041666666666666664
5 0.723046875 0.42060185185185184 0.01953125 0.034722222222222224
5 0.6936197916666667 0.20555555555555555 0.01015625 0.026851851851851852
4 0.742578125 0.41967592592592595 0.020052083333333335 0.034722222222222224
4 0.6766927083333333 0.19791666666666666 0.00703125 0.016203703703703703
5 0.7692708333333333 0.4097222222222222 0.014583333333333334 0.03425925925925926
4 0.7720052083333333 0.4152777777777778 0.020572916666666666 0.03611111111111111
4 0.47356770833333334 0.23935185185185184 0.01015625 0.018518518518518517
4 0.4024739583333333 0.1571759259259259 0.00859375 0.022685185185185187
4 0.3645833333333333 0.15439814814814815 0.0067708333333333336 0.0125