2 0.8225260416666667 0.29953703703703705 0.008072916666666667 0.012962962962962963
3 0.8069010416666667 0.2273148148148148 0.054947916666666666 0.025
2 0.8411458333333334 0.33125 0.0109375 0.014351851851851852
3 0.5770833333333333 0.24953703703703703 0.07708333333333334 0.030555555555555555
3 0.782421875 0.43148148148148147 0.11953125 0.05648148148148148
3 0.54609375 0.16435185185185186 0.05260416666666667 0.019444444444444445
5 0.7885416666666667 0.21203703703703702 0.008333333333333333 0.016666666666666666
4 0.7522135416666667 0.4009259259259259 0.014322916666666666 0.04537037037037037
5 0.7536458333333333 0.4125 0.0171875 0.03425925925925926
5 0.83125 0.22314814814814815 0.011979166666666667 0.02962962962962963
4 0.7734375 0.4136574074074074 0.017708333333333333 0.03287037037037037
4 0.815234375 0.2150462962962963 0.00703125 0.013425925925925926
5 0.8040364583333334 0.4081018518518518 0.017447916666666667 0.03287037037037037
4 0.8046875 0.41435185185185186 0.020833333333333332 0.032407407407407406
4 0.5928385416666667 0.2349537037037037 0.00859375 0.01712962962962963
4 0.5638020833333334 0.1597222222222222 0.008854166666666666 0.023148148148148147
4 0.5276041666666667 0.15300925925925926 0.00625 0.011574074074074073