2 0.830078125 0.3071759259259259 0.009114583333333334 0.010648148148148148
3 0.8666666666666667 0.24606481481481482 0.059375 0.02546296296296296
2 0.8354166666666667 0.3347222222222222 0.011979166666666667 0.014814814814814815
3 0.6811197916666667 0.4164351851851852 0.11848958333333333 0.05416666666666667
3 0.6069010416666667 0.2502314814814815 0.06901041666666667 0.031018518518518518
3 0.6412760416666666 0.17592592592592593 0.05130208333333333 0.018518518518518517
5 0.846875 0.22916666666666666 0.008854166666666666 0.016666666666666666
5 0.651171875 0.3921296296296296 0.015885416666666666 0.030555555555555555
5 0.8891927083333333 0.23912037037037037 0.01328125 0.031018518518518518
4 0.6682291666666667 0.39282407407407405 0.014583333333333334 0.03194444444444444
4 0.87578125 0.23333333333333334 0.0078125 0.014814814814814815
4 0.70078125 0.3974537037037037 0.021354166666666667 0.03009259259259259
4 0.6194010416666667 0.23680555555555555 0.007552083333333333 0.01712962962962963
4 0.6572916666666667 0.1712962962962963 0.0078125 0.022222222222222223
4 0.6231770833333333 0.1648148148148148 0.005208333333333333 0.010185185185185186