2 0.810546875 0.30648148148148147 0.009114583333333334 0.011111111111111112
3 0.8514322916666667 0.24606481481481482 0.06015625 0.02638888888888889
2 0.81484375 0.33449074074074076 0.011458333333333333 0.013425925925925926
3 0.651953125 0.4152777777777778 0.11796875 0.05648148148148148
3 0.5889322916666667 0.2513888888888889 0.06796875 0.03148148148148148
3 0.628125 0.17777777777777778 0.051041666666666666 0.019444444444444445
5 0.8319010416666667 0.2298611111111111 0.009114583333333334 0.01712962962962963
5 0.6213541666666667 0.3900462962962963 0.015104166666666667 0.03194444444444444
5 0.873046875 0.23541666666666666 0.011197916666666667 0.02638888888888889
4 0.6385416666666667 0.39282407407407405 0.015625 0.031018518518518518
4 0.8614583333333333 0.23333333333333334 0.007291666666666667 0.01574074074074074
4 0.6713541666666667 0.39699074074074076 0.021875 0.031018518518518518
4 0.6010416666666667 0.2388888888888889 0.007291666666666667 0.017592592592592594
4 0.6076822916666667 0.23842592592592593 0.00703125 0.01574074074074074
4 0.6444010416666667 0.17430555555555555 0.008072916666666667 0.022685185185185187
4 0.6098958333333333 0.16643518518518519 0.0046875 0.010648148148148148