2 0.8006510416666667 0.35 0.008072916666666667 0.012037037037037037
3 0.8442708333333333 0.2810185185185185 0.06041666666666667 0.026851851851851852
2 0.8096354166666667 0.3798611111111111 0.0109375 0.013425925925925926
3 0.6403645833333333 0.48032407407407407 0.11770833333333333 0.059722222222222225
3 0.580078125 0.29259259259259257 0.06692708333333333 0.03148148148148148
3 0.6205729166666667 0.20879629629629629 0.051041666666666666 0.020370370370370372
5 0.824609375 0.2652777777777778 0.00859375 0.018518518518518517
5 0.6098958333333333 0.45787037037037037 0.014583333333333334 0.03333333333333333
5 0.86640625 0.2708333333333333 0.0109375 0.024074074074074074
4 0.6264322916666667 0.4597222222222222 0.01484375 0.03148148148148148
4 0.854296875 0.26875 0.007552083333333333 0.01712962962962963
5 0.668359375 0.45902777777777776 0.011197916666666667 0.034722222222222224
4 0.6569010416666666 0.4618055555555556 0.01640625 0.033796296296296297
4 0.5921875 0.2793981481481482 0.007291666666666667 0.01712962962962963
4 0.5984375 0.27847222222222223 0.0067708333333333336 0.015277777777777777
4 0.6368489583333333 0.20532407407407408 0.008072916666666667 0.022685185185185187
4 0.6026041666666667 0.19791666666666666 0.0046875 0.011574074074074073