2 0.8071614583333333 0.34791666666666665 0.00859375 0.011574074074074073
3 0.8520833333333333 0.27337962962962964 0.06354166666666666 0.029166666666666667
2 0.8276041666666667 0.38310185185185186 0.011458333333333333 0.013425925925925926
3 0.5748697916666666 0.2912037037037037 0.06848958333333334 0.03425925925925926
3 0.63984375 0.5037037037037037 0.12708333333333333 0.06018518518518518
3 0.61796875 0.20069444444444445 0.05260416666666667 0.020833333333333332
5 0.83203125 0.2550925925925926 0.009375 0.018518518518518517
5 0.606640625 0.47939814814814813 0.015885416666666666 0.03287037037037037
5 0.87578125 0.2587962962962963 0.008854166666666666 0.03518518518518519
4 0.625 0.47962962962962963 0.016145833333333335 0.03425925925925926
4 0.86328125 0.26064814814814813 0.007291666666666667 0.016666666666666666
5 0.669921875 0.47962962962962963 0.01171875 0.03611111111111111
4 0.6576822916666667 0.48217592592592595 0.01796875 0.03564814814814815
4 0.58671875 0.27800925925925923 0.007291666666666667 0.018055555555555554
4 0.5934895833333333 0.27824074074074073 0.00625 0.016666666666666666
4 0.6350260416666667 0.1962962962962963 0.008072916666666667 0.023148148148148147
4 0.6157552083333333 0.18888888888888888 0.0049479166666666664 0.012962962962962963
4 0.59921875 0.1900462962962963 0.004166666666666667 0.0125