2 0.78984375 0.3474537037037037 0.008333333333333333 0.0125
3 0.8348958333333333 0.27175925925925926 0.0640625 0.027777777777777776
2 0.8104166666666667 0.3849537037037037 0.0125 0.015277777777777777
3 0.5532552083333333 0.2949074074074074 0.06953125 0.032407407407407406
3 0.6194010416666667 0.5120370370370371 0.13046875 0.06296296296296296
3 0.5966145833333333 0.19953703703703704 0.05364583333333333 0.019444444444444445
5 0.8141927083333333 0.2550925925925926 0.009114583333333334 0.018518518518518517
5 0.5854166666666667 0.4875 0.016145833333333335 0.03425925925925926
5 0.8579427083333333 0.2548611111111111 0.010677083333333334 0.03657407407407407
4 0.603515625 0.48935185185185187 0.016927083333333332 0.03425925925925926
4 0.84609375 0.2585648148148148 0.007291666666666667 0.016203703703703703
5 0.649609375 0.48726851851851855 0.012239583333333333 0.038425925925925926
4 0.6372395833333333 0.4909722222222222 0.018229166666666668 0.03657407407407407
4 0.5649739583333333 0.28055555555555556 0.00703125 0.018518518518518517
4 0.5717447916666667 0.27708333333333335 0.005989583333333334 0.016203703703703703
4 0.6141927083333333 0.19490740740740742 0.008072916666666667 0.023148148148148147
4 0.578515625 0.18935185185185185 0.00546875 0.011111111111111112