3 0.5173177083333333 0.22962962962962963 0.05963541666666667 0.025
2 0.748046875 0.418287037037037 0.009635416666666667 0.014351851851851852
3 0.7919270833333333 0.3111111111111111 0.07395833333333333 0.03333333333333333
3 0.4661458333333333 0.355787037037037 0.07708333333333334 0.043055555555555555
3 0.5459635416666667 0.6909722222222222 0.17161458333333332 0.0875
4 0.47708333333333336 0.3402777777777778 0.009375 0.021296296296296296
4 0.48541666666666666 0.33773148148148147 0.008333333333333333 0.01990740740740741
5 0.502734375 0.6666666666666666 0.02421875 0.05
4 0.5264322916666667 0.6701388888888888 0.025260416666666667 0.04583333333333333
5 0.58515625 0.6587962962962963 0.015625 0.049074074074074076
4 0.5697916666666667 0.6701388888888888 0.024479166666666666 0.052314814814814814
5 0.81875 0.2951388888888889 0.011458333333333333 0.03935185185185185
5 0.7682291666666666 0.2900462962962963 0.008854166666666666 0.02175925925925926
4 0.8046875 0.2967592592592593 0.009375 0.019444444444444445
4 0.53828125 0.22291666666666668 0.011458333333333333 0.024537037037037038
2 0.7838541666666666 0.4689814814814815 0.015104166666666667 0.018518518518518517
4 0.49635416666666665 0.22106481481481483 0.005208333333333333 0.0125
4 0.5153645833333333 0.2178240740740741 0.005729166666666666 0.0125