2 0.7404947916666667 0.43495370370370373 0.010677083333333334 0.01898148148148148
3 0.783984375 0.31550925925925927 0.07786458333333333 0.03564814814814815
3 0.49453125 0.22662037037037036 0.06145833333333333 0.02546296296296296
3 0.44036458333333334 0.36736111111111114 0.07864583333333333 0.04675925925925926
3 0.5231770833333333 0.7685185185185185 0.19166666666666668 0.09814814814814815
5 0.473046875 0.7388888888888889 0.026822916666666665 0.05555555555555555
4 0.5 0.7430555555555556 0.028125 0.05092592592592592
5 0.5666666666666667 0.7319444444444444 0.019791666666666666 0.05462962962962963
4 0.5485677083333333 0.7435185185185185 0.02734375 0.058333333333333334
4 0.4505208333333333 0.3506944444444444 0.009895833333333333 0.02361111111111111
4 0.459375 0.3488425925925926 0.009895833333333333 0.01990740740740741
5 0.8123697916666667 0.29930555555555555 0.01015625 0.04027777777777778
5 0.7588541666666667 0.29375 0.009375 0.02361111111111111
4 0.797265625 0.30069444444444443 0.009635416666666667 0.02175925925925926
4 0.5149739583333334 0.22106481481481483 0.01171875 0.02638888888888889
2 0.78203125 0.4914351851851852 0.016145833333333335 0.01990740740740741
4 0.47291666666666665 0.21828703703703703 0.005208333333333333 0.013425925925925926
4 0.491796875 0.21574074074074073 0.00546875 0.014814814814814815