2 0.7432291666666667 0.4412037037037037 0.0109375 0.016666666666666666
3 0.7869791666666667 0.3189814814814815 0.07916666666666666 0.032407407407407406
3 0.49140625 0.22824074074074074 0.06197916666666667 0.023148148148148147
3 0.43528645833333335 0.37037037037037035 0.07838541666666667 0.04722222222222222
3 0.51875 0.7706018518518518 0.19947916666666668 0.17083333333333334
5 0.466796875 0.7689814814814815 0.02734375 0.062037037037037036
4 0.49505208333333334 0.7768518518518519 0.029166666666666667 0.053703703703703705
5 0.564453125 0.762962962962963 0.01953125 0.05555555555555555
4 0.545703125 0.7784722222222222 0.028385416666666666 0.06342592592592593
4 0.4451822916666667 0.3541666666666667 0.01015625 0.022222222222222223
4 0.4546875 0.35324074074074074 0.009375 0.021296296296296296
5 0.8153645833333333 0.2983796296296296 0.0125 0.04398148148148148
5 0.7609375 0.3 0.009375 0.023148148148148147
4 0.8010416666666667 0.3025462962962963 0.009375 0.02175925925925926
4 0.5122395833333333 0.22291666666666668 0.011458333333333333 0.02638888888888889
2 0.78828125 0.5032407407407408 0.018229166666666668 0.021296296296296296
4 0.46953125 0.2150462962962963 0.005729166666666666 0.013425925925925926
4 0.4884114583333333 0.21412037037037038 0.005989583333333334 0.014351851851851852