2 0.7419270833333333 0.44189814814814815 0.0109375 0.018055555555555554
3 0.7864583333333334 0.32175925925925924 0.07916666666666666 0.032407407407407406
3 0.490625 0.23171296296296295 0.0625 0.02361111111111111
3 0.434375 0.3715277777777778 0.078125 0.04861111111111111
3 0.518359375 0.7962962962962963 0.20026041666666666 0.10555555555555556
5 0.465625 0.7643518518518518 0.027604166666666666 0.058333333333333334
4 0.49453125 0.7708333333333334 0.029166666666666667 0.05277777777777778
5 0.5641927083333333 0.756712962962963 0.01796875 0.055092592592592596
4 0.5451822916666667 0.7701388888888889 0.028385416666666666 0.060648148148148145
4 0.44388020833333336 0.35509259259259257 0.010677083333333334 0.023148148148148147
4 0.45338541666666665 0.35300925925925924 0.009375 0.022685185185185187
5 0.8151041666666666 0.3020833333333333 0.0125 0.04398148148148148
5 0.7608072916666667 0.30162037037037037 0.009114583333333334 0.022685185185185187
4 0.8005208333333333 0.305787037037037 0.009375 0.020833333333333332
4 0.5109375 0.22615740740740742 0.011458333333333333 0.02638888888888889
2 0.7877604166666666 0.5025462962962963 0.018229166666666668 0.02175925925925926
4 0.4694010416666667 0.21921296296296297 0.005989583333333334 0.014351851851851852
4 0.48723958333333334 0.21851851851851853 0.005729166666666666 0.01574074074074074