2 0.740234375 0.4224537037037037 0.010677083333333334 0.01712962962962963
3 0.7848958333333333 0.3087962962962963 0.07916666666666666 0.037037037037037035
3 0.4889322916666667 0.22407407407407406 0.062239583333333334 0.023148148148148147
3 0.43268229166666666 0.3574074074074074 0.07734375 0.04814814814814815
3 0.51484375 0.7666666666666667 0.20208333333333334 0.10648148148148148
5 0.46145833333333336 0.7335648148148148 0.027083333333333334 0.060648148148148145
4 0.490234375 0.7400462962962963 0.030989583333333334 0.056018518518518516
5 0.5614583333333333 0.7277777777777777 0.018229166666666668 0.05648148148148148
4 0.541796875 0.7414351851851851 0.029427083333333333 0.0625
4 0.440625 0.3418981481481482 0.009895833333333333 0.02175925925925926
4 0.4498697916666667 0.33819444444444446 0.009114583333333334 0.022685185185185187
5 0.8153645833333333 0.28958333333333336 0.013541666666666667 0.04583333333333333
5 0.759765625 0.2863425925925926 0.009635416666666667 0.022685185185185187
4 0.5095052083333333 0.21712962962962962 0.011197916666666667 0.025925925925925925
2 0.7888020833333333 0.4810185185185185 0.019791666666666666 0.019444444444444445
4 0.7989583333333333 0.29305555555555557 0.008854166666666666 0.020370370370370372
4 0.47096354166666665 0.21180555555555555 0.006510416666666667 0.014351851851851852
4 0.4856770833333333 0.21041666666666667 0.005729166666666666 0.014351851851851852