2 0.740625 0.4111111111111111 0.010416666666666666 0.01574074074074074
3 0.78515625 0.3023148148148148 0.0796875 0.032407407407407406
3 0.48776041666666664 0.2175925925925926 0.0625 0.023148148148148147
3 0.43203125 0.3476851851851852 0.07604166666666666 0.04537037037037037
3 0.5131510416666667 0.7456018518518519 0.20234375 0.1125
5 0.46067708333333335 0.7108796296296296 0.027604166666666666 0.060648148148148145
4 0.48880208333333336 0.7178240740740741 0.030208333333333334 0.055092592592592596
5 0.5602864583333333 0.7069444444444445 0.018489583333333334 0.05648148148148148
4 0.5403645833333334 0.7212962962962963 0.0296875 0.06296296296296296
4 0.4401041666666667 0.3314814814814815 0.010416666666666666 0.021296296296296296
4 0.4498697916666667 0.3300925925925926 0.009635416666666667 0.021296296296296296
5 0.8149739583333333 0.2814814814814815 0.014322916666666666 0.04537037037037037
5 0.7595052083333333 0.28194444444444444 0.009114583333333334 0.022222222222222223
4 0.50859375 0.21180555555555555 0.011458333333333333 0.02638888888888889
2 0.788671875 0.4689814814814815 0.019010416666666665 0.020370370370370372
4 0.79921875 0.28564814814814815 0.008333333333333333 0.019444444444444445
4 0.4694010416666667 0.2037037037037037 0.007552083333333333 0.014814814814814815
4 0.48528645833333334 0.20347222222222222 0.005989583333333334 0.013425925925925926