2 0.7401041666666667 0.3814814814814815 0.010416666666666666 0.014814814814814815
3 0.7852864583333333 0.2789351851851852 0.07994791666666666 0.03657407407407407
3 0.4856770833333333 0.19791666666666666 0.0625 0.022685185185185187
3 0.4295572916666667 0.31851851851851853 0.07473958333333333 0.04722222222222222
3 0.511328125 0.6983796296296296 0.20546875 0.1087962962962963
5 0.45755208333333336 0.6618055555555555 0.028645833333333332 0.059722222222222225
4 0.48671875 0.6662037037037037 0.03177083333333333 0.05648148148148148
5 0.5592447916666666 0.6594907407407408 0.019010416666666665 0.0587962962962963
4 0.53828125 0.6703703703703704 0.0296875 0.06111111111111111
4 0.437109375 0.3020833333333333 0.010677083333333334 0.02175925925925926
4 0.4466145833333333 0.30115740740740743 0.010416666666666666 0.020833333333333332
5 0.8134114583333333 0.262037037037037 0.011197916666666667 0.04537037037037037
5 0.7602864583333333 0.25601851851851853 0.009635416666666667 0.023148148148148147
4 0.5063802083333333 0.19189814814814815 0.01171875 0.02546296296296296
2 0.7912760416666667 0.43495370370370373 0.01796875 0.01990740740740741
4 0.8 0.2641203703703704 0.008333333333333333 0.020833333333333332
4 0.4666666666666667 0.18518518518518517 0.00625 0.013888888888888888
4 0.48294270833333336 0.18449074074074073 0.005989583333333334 0.0125