3 0.7865885416666667 0.25300925925925927 0.08046875 0.033796296296296297
3 0.48216145833333335 0.17430555555555555 0.06276041666666667 0.02361111111111111
3 0.42721354166666664 0.28425925925925927 0.07213541666666666 0.04722222222222222
5 0.4576822916666667 0.5939814814814814 0.028385416666666666 0.062037037037037036
4 0.48684895833333336 0.5993055555555555 0.03307291666666667 0.05787037037037037
5 0.5611979166666666 0.593287037037037 0.0203125 0.060648148148148145
4 0.5395833333333333 0.6034722222222222 0.030729166666666665 0.06157407407407407
2 0.741015625 0.3414351851851852 0.010677083333333334 0.016203703703703703
4 0.43359375 0.26643518518518516 0.0109375 0.022685185185185187
4 0.4434895833333333 0.26458333333333334 0.009895833333333333 0.02175925925925926
5 0.8111979166666666 0.23125 0.013020833333333334 0.04675925925925926
5 0.7606770833333333 0.23287037037037037 0.010416666666666666 0.022222222222222223
3 0.508984375 0.6314814814814815 0.20963541666666666 0.10185185185185185
4 0.5032552083333334 0.16898148148148148 0.01171875 0.025925925925925925
2 0.793359375 0.3939814814814815 0.018489583333333334 0.019444444444444445
4 0.8014322916666666 0.2361111111111111 0.008072916666666667 0.020370370370370372
4 0.46341145833333336 0.1613425925925926 0.006510416666666667 0.014351851851851852
4 0.47942708333333334 0.16064814814814815 0.00625 0.014814814814814815