3 0.48046875 0.16666666666666666 0.0625 0.025
5 0.45807291666666666 0.5731481481481482 0.028645833333333332 0.058333333333333334
4 0.4875 0.5761574074074074 0.0328125 0.056018518518518516
4 0.5407552083333333 0.5787037037037037 0.031510416666666666 0.06018518518518518
2 0.7399739583333333 0.3282407407407407 0.010677083333333334 0.013888888888888888
4 0.431640625 0.2518518518518518 0.011197916666666667 0.023148148148148147
4 0.44166666666666665 0.25046296296296294 0.009375 0.023148148148148147
3 0.4259114583333333 0.269212962962963 0.07057291666666667 0.04675925925925926
2 0.7946614583333333 0.3763888888888889 0.01953125 0.019444444444444445
5 0.8095052083333333 0.2199074074074074 0.013802083333333333 0.044444444444444446
5 0.7615885416666667 0.22060185185185185 0.010677083333333334 0.024537037037037038
3 0.5100260416666667 0.607175925925926 0.21588541666666666 0.10046296296296296
4 0.5016927083333333 0.1622685185185185 0.01171875 0.02638888888888889
3 0.78828125 0.24212962962962964 0.08177083333333333 0.03425925925925926
5 0.5630208333333333 0.5703703703703704 0.018229166666666668 0.05925925925925926
4 0.8024739583333333 0.2263888888888889 0.008072916666666667 0.021296296296296296
4 0.46197916666666666 0.15208333333333332 0.00625 0.013425925925925926
4 0.47799479166666664 0.15231481481481482 0.00546875 0.013888888888888888