5 0.4557291666666667 0.5634259259259259 0.028645833333333332 0.06018518518518518
4 0.48489583333333336 0.5680555555555555 0.033854166666666664 0.05740740740740741
4 0.5389322916666667 0.5719907407407407 0.030989583333333334 0.06342592592592593
2 0.7399739583333333 0.3247685185185185 0.011197916666666667 0.015277777777777777
4 0.43072916666666666 0.25046296296296294 0.0109375 0.023148148148148147
4 0.440234375 0.24675925925925926 0.00859375 0.024074074074074074
3 0.42578125 0.26828703703703705 0.0703125 0.04398148148148148
2 0.7938802083333333 0.3729166666666667 0.019010416666666665 0.022685185185185187
5 0.808984375 0.21712962962962962 0.01484375 0.044444444444444446
5 0.7615885416666667 0.21666666666666667 0.011197916666666667 0.023148148148148147
3 0.51015625 0.6016203703703704 0.21979166666666666 0.1087962962962963
4 0.5009114583333333 0.15694444444444444 0.01171875 0.025925925925925925
3 0.4811197916666667 0.16342592592592592 0.06536458333333334 0.025
3 0.788671875 0.2375 0.08255208333333333 0.03425925925925926
5 0.5614583333333333 0.562962962962963 0.01875 0.062037037037037036
4 0.8024739583333333 0.2238425925925926 0.008072916666666667 0.020833333333333332
4 0.4608072916666667 0.1511574074074074 0.005989583333333334 0.0125
4 0.47682291666666665 0.14976851851851852 0.005729166666666666 0.014351851851851852