5 0.45546875 0.5581018518518519 0.028125 0.059722222222222225
4 0.484375 0.5627314814814814 0.033854166666666664 0.05787037037037037
4 0.5384114583333334 0.5680555555555555 0.030989583333333334 0.06296296296296296
2 0.73984375 0.32523148148148145 0.0109375 0.01712962962962963
4 0.4298177083333333 0.24722222222222223 0.010677083333333334 0.023148148148148147
4 0.438671875 0.2449074074074074 0.009114583333333334 0.024074074074074074
3 0.42473958333333334 0.2657407407407407 0.06927083333333334 0.04259259259259259
2 0.7947916666666667 0.3685185185185185 0.019791666666666666 0.019444444444444445
5 0.809375 0.2136574074074074 0.0140625 0.04398148148148148
5 0.762109375 0.21203703703703702 0.011197916666666667 0.021296296296296296
3 0.5096354166666667 0.5951388888888889 0.21927083333333333 0.10694444444444444
4 0.5005208333333333 0.15486111111111112 0.011458333333333333 0.02638888888888889
3 0.48098958333333336 0.16319444444444445 0.0640625 0.02546296296296296
3 0.7877604166666666 0.2335648148148148 0.0796875 0.033796296296296297
5 0.5614583333333333 0.5587962962962963 0.01875 0.06111111111111111
4 0.803125 0.22106481481481483 0.0078125 0.01898148148148148
4 0.4602864583333333 0.15208333333333332 0.005989583333333334 0.013425925925925926
4 0.4766927083333333 0.14930555555555555 0.005989583333333334 0.014351851851851852