5 0.45625 0.5425925925925926 0.028645833333333332 0.05925925925925926
4 0.4859375 0.5483796296296296 0.03333333333333333 0.0587962962962963
4 0.5390625 0.555324074074074 0.03177083333333333 0.0625
2 0.7424479166666667 0.30995370370370373 0.011458333333333333 0.015277777777777777
4 0.4278645833333333 0.23958333333333334 0.011458333333333333 0.022685185185185187
4 0.43893229166666664 0.2349537037037037 0.009114583333333334 0.02361111111111111
3 0.42486979166666666 0.256712962962963 0.06692708333333333 0.04490740740740741
2 0.8005208333333333 0.3587962962962963 0.0171875 0.018518518518518517
5 0.8127604166666667 0.2099537037037037 0.0109375 0.043055555555555555
5 0.7638020833333333 0.2050925925925926 0.0109375 0.023148148148148147
3 0.509765625 0.5814814814814815 0.21536458333333333 0.10648148148148148
4 0.4998697916666667 0.15069444444444444 0.01171875 0.02638888888888889
3 0.48020833333333335 0.1571759259259259 0.06510416666666667 0.024537037037037038
3 0.7891927083333333 0.22777777777777777 0.07838541666666667 0.03333333333333333
5 0.56328125 0.5462962962962963 0.01875 0.06111111111111111
4 0.8048177083333333 0.21550925925925926 0.008072916666666667 0.020833333333333332
4 0.4602864583333333 0.14629629629629629 0.00703125 0.013888888888888888
4 0.4759114583333333 0.14421296296296296 0.005989583333333334 0.014351851851851852