5 0.36236979166666666 0.5430555555555555 0.023177083333333334 0.058333333333333334
4 0.3828125 0.5467592592592593 0.051041666666666666 0.05740740740740741
4 0.4440104166666667 0.5493055555555556 0.03177083333333333 0.06342592592592593
4 0.38359375 0.24074074074074073 0.011458333333333333 0.022222222222222223
4 0.39674479166666665 0.23842592592592593 0.009635416666666667 0.024074074074074074
3 0.3828125 0.25833333333333336 0.0609375 0.044444444444444446
2 0.7532552083333334 0.35208333333333336 0.016927083333333332 0.020833333333333332
5 0.78046875 0.20671296296296296 0.0109375 0.043055555555555555
5 0.7322916666666667 0.20069444444444445 0.011979166666666667 0.022685185185185187
3 0.41705729166666666 0.580787037037037 0.21119791666666668 0.10972222222222222
4 0.4727864583333333 0.15185185185185185 0.01171875 0.025925925925925925
3 0.45260416666666664 0.16041666666666668 0.0640625 0.024537037037037038
3 0.7575520833333333 0.22453703703703703 0.08072916666666667 0.03518518518518519
5 0.46979166666666666 0.5377314814814815 0.019791666666666666 0.05694444444444444
4 0.7735677083333333 0.21134259259259258 0.008072916666666667 0.020833333333333332
4 0.4334635416666667 0.1486111111111111 0.007552083333333333 0.013888888888888888
4 0.4493489583333333 0.14560185185185184 0.005989583333333334 0.013425925925925926