2 0.9122395833333333 0.3277777777777778 0.0140625 0.01574074074074074
3 0.9290364583333334 0.14444444444444443 0.06692708333333333 0.032407407407407406
4 0.9450520833333333 0.14305555555555555 0.010416666666666666 0.026851851851851852
3 0.9884114583333333 0.2074074074074074 0.023177083333333334 0.037037037037037035
5 0.26419270833333336 0.46412037037037035 0.022135416666666668 0.04490740740740741
4 0.23776041666666667 0.4724537037037037 0.0203125 0.050462962962962966
4 0.215234375 0.46458333333333335 0.01953125 0.05138888888888889
4 0.90390625 0.1287037037037037 0.0067708333333333336 0.013888888888888888
4 0.9243489583333333 0.13217592592592592 0.00703125 0.01712962962962963
3 0.24713541666666666 0.49398148148148147 0.09114583333333333 0.12314814814814815
2 0.984765625 0.4027777777777778 0.03046875 0.026851851851851852