3 0.5466145833333333 0.09490740740740741 0.07239583333333334 0.03148148148148148
4 0.81015625 0.18449074074074073 0.008333333333333333 0.020833333333333332
5 0.7794270833333333 0.17546296296296296 0.011458333333333333 0.026851851851851852
3 0.9501302083333333 0.15625 0.07057291666666667 0.03287037037037037
4 0.51953125 0.08425925925925926 0.007291666666666667 0.01574074074074074
4 0.9411458333333333 0.1400462962962963 0.007291666666666667 0.029166666666666667
4 0.5639322916666667 0.08958333333333333 0.012239583333333333 0.022685185185185187
5 0.7975260416666666 0.18472222222222223 0.01328125 0.022222222222222223
4 0.9345052083333333 0.14375 0.007552083333333333 0.01898148148148148
3 0.7932291666666667 0.19953703703703704 0.071875 0.06759259259259259
2 0.5348958333333333 0.27152777777777776 0.015104166666666667 0.01712962962962963
2 0.6532552083333333 0.319212962962963 0.018489583333333334 0.01712962962962963