3 0.48997395833333335 0.08564814814814815 0.07213541666666666 0.02962962962962963
4 0.754296875 0.17407407407407408 0.00859375 0.021296296296296296
3 0.948046875 0.15347222222222223 0.07109375 0.03194444444444444
5 0.7227864583333333 0.16319444444444445 0.011197916666666667 0.027314814814814816
4 0.48528645833333334 0.07407407407407407 0.006510416666666667 0.01574074074074074
4 0.4630208333333333 0.07731481481481481 0.005729166666666666 0.013888888888888888
4 0.9385416666666667 0.13564814814814816 0.0067708333333333336 0.025925925925925925
4 0.506640625 0.07939814814814815 0.009114583333333334 0.029166666666666667
4 0.9322916666666666 0.14027777777777778 0.0078125 0.016666666666666666
5 0.7415364583333334 0.1726851851851852 0.012239583333333333 0.023148148148148147
3 0.7375 0.18981481481481483 0.0703125 0.062037037037037036
2 0.4764322916666667 0.26967592592592593 0.014322916666666666 0.01990740740740741
2 0.6010416666666667 0.31805555555555554 0.022395833333333334 0.025