3 0.48776041666666664 0.07268518518518519 0.07083333333333333 0.030555555555555555
4 0.753515625 0.17037037037037037 0.009635416666666667 0.021296296296296296
3 0.9756510416666667 0.15578703703703703 0.04869791666666667 0.02638888888888889
5 0.7243489583333333 0.15925925925925927 0.01171875 0.032407407407407406
4 0.4837239583333333 0.059953703703703703 0.005989583333333334 0.0125
4 0.46145833333333336 0.05648148148148148 0.00625 0.014814814814814815
4 0.9768229166666667 0.13958333333333334 0.0078125 0.02546296296296296
4 0.5052083333333334 0.06944444444444445 0.009375 0.02962962962962963
4 0.969921875 0.14166666666666666 0.008072916666666667 0.018518518518518517
5 0.7432291666666667 0.1724537037037037 0.011458333333333333 0.022685185185185187
3 0.740234375 0.18518518518518517 0.07005208333333333 0.06296296296296296
2 0.470703125 0.26342592592592595 0.01328125 0.019444444444444445
2 0.6 0.3127314814814815 0.021875 0.024537037037037038