3 0.80390625 0.5370370370370371 0.18229166666666666 0.2074074074074074
5 0.81171875 0.5111111111111111 0.03697916666666667 0.06388888888888888
4 0.8389322916666667 0.5090277777777777 0.029427083333333333 0.06898148148148148
5 0.7600260416666667 0.44351851851851853 0.03567708333333333 0.10740740740740741
3 0.31497395833333336 0.11134259259259259 0.08151041666666667 0.04953703703703704
4 0.28020833333333334 0.08773148148148148 0.0109375 0.024537037037037038
2 0.040364583333333336 0.8768518518518519 0.0484375 0.15092592592592594
4 0.32278645833333336 0.11226851851851852 0.016927083333333332 0.04675925925925926
4 0.336328125 0.09398148148148149 0.011197916666666667 0.025925925925925925
2 0.6953125 0.8835648148148149 0.07239583333333334 0.14675925925925926
4 0.309375 0.09328703703703704 0.011979166666666667 0.033796296296296297