3 0.278515625 0.6601851851851852 0.05546875 0.18333333333333332
4 0.28658854166666664 0.6793981481481481 0.01640625 0.03564814814814815
2 0.5033854166666667 0.38425925925925924 0.015104166666666667 0.026851851851851852
3 0.6811197916666667 0.2877314814814815 0.05182291666666667 0.15601851851851853
5 0.6979166666666666 0.2953703703703704 0.011458333333333333 0.027777777777777776
2 0.4283854166666667 0.655787037037037 0.03177083333333333 0.05138888888888889
2 0.494921875 0.42986111111111114 0.04921875 0.02175925925925926
3 0.9774739583333333 0.32337962962962963 0.04401041666666667 0.0837962962962963
3 0.38111979166666665 0.9414351851851852 0.10338541666666666 0.10138888888888889
1 0.6921875 0.8780092592592592 0.03697916666666667 0.05324074074074074
4 0.383984375 0.9502314814814815 0.025260416666666667 0.033796296296296297