3 0.27903645833333335 0.5740740740740741 0.05078125 0.16944444444444445
4 0.28541666666666665 0.5912037037037037 0.017708333333333333 0.03425925925925926
2 0.4959635416666667 0.32037037037037036 0.013802083333333333 0.024074074074074074
3 0.673828125 0.22199074074074074 0.04765625 0.15416666666666667
5 0.684765625 0.22916666666666666 0.01171875 0.030555555555555555
2 0.4359375 0.5615740740740741 0.019791666666666666 0.05925925925925926
2 0.5098958333333333 0.37453703703703706 0.025 0.03148148148148148
3 0.9696614583333333 0.2537037037037037 0.06067708333333333 0.09444444444444444
3 0.374609375 0.8726851851851852 0.10807291666666667 0.1935185185185185
1 0.6799479166666667 0.7923611111111111 0.029166666666666667 0.0699074074074074
4 0.38177083333333334 0.8435185185185186 0.01875 0.03518518518518519