3 0.27734375 0.5724537037037037 0.0484375 0.16898148148148148
4 0.28411458333333334 0.5884259259259259 0.017708333333333333 0.03333333333333333
2 0.4903645833333333 0.3247685185185185 0.011979166666666667 0.03009259259259259
3 0.6705729166666666 0.2178240740740741 0.046875 0.16342592592592592
5 0.6819010416666667 0.22407407407407406 0.01171875 0.02962962962962963
2 0.433203125 0.5511574074074074 0.021614583333333333 0.05694444444444444
2 0.5049479166666667 0.37546296296296294 0.014583333333333334 0.037037037037037035
3 0.967578125 0.24861111111111112 0.06484375 0.09907407407407408
3 0.3704427083333333 0.868287037037037 0.10651041666666666 0.19027777777777777
1 0.6770833333333334 0.7928240740740741 0.029166666666666667 0.0699074074074074
5 0.660546875 0.1449074074074074 0.01015625 0.028703703703703703
4 0.37799479166666666 0.8381944444444445 0.018489583333333334 0.033796296296296297