3 0.2760416666666667 0.5833333333333334 0.05 0.1685185185185185
4 0.28372395833333336 0.5925925925925926 0.016927083333333332 0.03518518518518519
2 0.4884114583333333 0.3349537037037037 0.01328125 0.0375
3 0.6692708333333334 0.2238425925925926 0.04583333333333333 0.16620370370370371
5 0.680859375 0.23032407407407407 0.01171875 0.029166666666666667
2 0.434765625 0.5564814814814815 0.02578125 0.041666666666666664
2 0.504296875 0.3902777777777778 0.015885416666666666 0.04351851851851852
3 0.9678385416666667 0.25069444444444444 0.06432291666666666 0.10046296296296296
3 0.3709635416666667 0.8759259259259259 0.10651041666666666 0.1925925925925926
1 0.6778645833333333 0.8055555555555556 0.028645833333333332 0.06851851851851852
5 0.659765625 0.14907407407407408 0.00859375 0.027777777777777776
4 0.378515625 0.8465277777777778 0.019010416666666665 0.034722222222222224