3 0.27734375 0.5768518518518518 0.04791666666666667 0.17222222222222222
4 0.28541666666666665 0.5925925925925926 0.016145833333333335 0.03333333333333333
2 0.487890625 0.3314814814814815 0.012760416666666666 0.03518518518518519
3 0.669921875 0.2196759259259259 0.045572916666666664 0.16064814814814815
5 0.680859375 0.22685185185185186 0.011197916666666667 0.030555555555555555
2 0.43307291666666664 0.5550925925925926 0.023958333333333335 0.03611111111111111
2 0.5052083333333334 0.3939814814814815 0.0171875 0.04722222222222222
3 0.9673177083333333 0.24861111111111112 0.06432291666666666 0.09907407407407408
3 0.37135416666666665 0.8715277777777778 0.10677083333333333 0.1912037037037037
1 0.678125 0.8034722222222223 0.029166666666666667 0.06805555555555555
5 0.66015625 0.14907407407407408 0.009375 0.026851851851851852
4 0.35104166666666664 0.9143518518518519 0.0203125 0.037037037037037035
4 0.37916666666666665 0.8444444444444444 0.018229166666666668 0.03518518518518519