3 0.27578125 0.5789351851851852 0.0484375 0.16898148148148148
4 0.284375 0.5875 0.0171875 0.03518518518518519
2 0.48723958333333334 0.33032407407407405 0.013020833333333334 0.0412037037037037
3 0.66953125 0.21689814814814815 0.0453125 0.16157407407407406
5 0.6802083333333333 0.2247685185185185 0.011979166666666667 0.031018518518518518
2 0.43463541666666666 0.549074074074074 0.0328125 0.028703703703703703
2 0.505859375 0.3962962962962963 0.01640625 0.04722222222222222
3 0.9669270833333333 0.2439814814814815 0.06510416666666667 0.09907407407407408
3 0.37161458333333336 0.867824074074074 0.10677083333333333 0.1912037037037037
1 0.678125 0.8037037037037037 0.030208333333333334 0.06944444444444445
5 0.6600260416666667 0.14629629629629629 0.009635416666666667 0.026851851851851852
4 0.3509114583333333 0.9113425925925925 0.020052083333333335 0.0375
4 0.3790364583333333 0.8395833333333333 0.01796875 0.034722222222222224