3 0.27317708333333335 0.5662037037037037 0.04739583333333333 0.1685185185185185
4 0.282421875 0.5766203703703704 0.015364583333333333 0.03287037037037037
2 0.479296875 0.3282407407407407 0.025260416666666667 0.040740740740740744
3 0.669921875 0.2136574074074074 0.03984375 0.15046296296296297
5 0.6756510416666667 0.22268518518518518 0.009635416666666667 0.026851851851851852
2 0.42864583333333334 0.5405092592592593 0.03229166666666667 0.043055555555555555
2 0.5014322916666667 0.40324074074074073 0.011197916666666667 0.04351851851851852
3 0.9638020833333333 0.23148148148148148 0.071875 0.1037037037037037
3 0.36809895833333334 0.8537037037037037 0.10651041666666666 0.19074074074074074
1 0.668359375 0.8157407407407408 0.022135416666666668 0.04259259259259259
4 0.347265625 0.8983796296296296 0.020052083333333335 0.0375
1 0.625 0.1337962962962963 0.015625 0.04259259259259259
4 0.37604166666666666 0.825 0.021354166666666667 0.03611111111111111