3 0.27291666666666664 0.5650462962962963 0.046875 0.17083333333333334
4 0.28216145833333334 0.5761574074074074 0.01484375 0.03194444444444444
2 0.47734375 0.33032407407407405 0.019791666666666666 0.034722222222222224
3 0.6697916666666667 0.21597222222222223 0.042708333333333334 0.15138888888888888
5 0.6752604166666667 0.2238425925925926 0.009375 0.02824074074074074
2 0.42578125 0.5416666666666666 0.03125 0.044444444444444446
2 0.499609375 0.4060185185185185 0.012239583333333333 0.04351851851851852
3 0.963671875 0.2300925925925926 0.07265625 0.1037037037037037
3 0.366796875 0.8550925925925926 0.10651041666666666 0.18796296296296297
1 0.6701822916666667 0.819212962962963 0.020572916666666666 0.03935185185185185
4 0.3470052083333333 0.8979166666666667 0.020052083333333335 0.0375
4 0.375 0.8291666666666667 0.020833333333333332 0.037037037037037035