3 0.27096354166666664 0.5585648148148148 0.047135416666666666 0.16712962962962963
4 0.28216145833333334 0.5710648148148149 0.014322916666666666 0.034722222222222224
2 0.4739583333333333 0.3300925925925926 0.0171875 0.02962962962962963
3 0.6705729166666666 0.21574074074074073 0.05260416666666667 0.14814814814814814
5 0.6708333333333333 0.22037037037037038 0.009375 0.027777777777777776
2 0.42265625 0.5428240740740741 0.028645833333333332 0.04675925925925926
2 0.49765625 0.40532407407407406 0.0109375 0.05416666666666667
3 0.9631510416666667 0.22199074074074074 0.07369791666666667 0.10324074074074074
3 0.36640625 0.8483796296296297 0.10572916666666667 0.19027777777777777
1 0.673046875 0.812962962962963 0.02734375 0.03148148148148148
4 0.34518229166666664 0.8918981481481482 0.020052083333333335 0.0375
1 0.612890625 0.1425925925925926 0.00859375 0.022222222222222223
4 0.37591145833333334 0.8178240740740741 0.021614583333333333 0.034722222222222224