3 0.2713541666666667 0.555324074074074 0.0484375 0.16620370370370371
4 0.28216145833333334 0.5650462962962963 0.01484375 0.034722222222222224
2 0.46875 0.33935185185185185 0.016666666666666666 0.030555555555555555
5 0.6696614583333333 0.22083333333333333 0.009635416666666667 0.028703703703703703
2 0.41940104166666664 0.5418981481481482 0.029427083333333333 0.05138888888888889
2 0.49635416666666665 0.40532407407407406 0.009895833333333333 0.05416666666666667
3 0.962109375 0.21944444444444444 0.07578125 0.10462962962962963
3 0.3670572916666667 0.8421296296296297 0.10755208333333334 0.18888888888888888
1 0.6712239583333334 0.8071759259259259 0.030989583333333334 0.03935185185185185
4 0.34518229166666664 0.8861111111111111 0.020052083333333335 0.037037037037037035
1 0.60390625 0.14722222222222223 0.0109375 0.023148148148148147
3 0.6731770833333334 0.2152777777777778 0.06145833333333333 0.13425925925925927
4 0.3673177083333333 0.830787037037037 0.02578125 0.03657407407407407