3 0.27005208333333336 0.5539351851851851 0.05 0.1625
4 0.2811197916666667 0.5613425925925926 0.014322916666666666 0.034722222222222224
2 0.46432291666666664 0.34791666666666665 0.0171875 0.0375
5 0.6680989583333333 0.2199074074074074 0.01015625 0.030555555555555555
2 0.4192708333333333 0.538425925925926 0.019791666666666666 0.032407407407407406
2 0.49375 0.4076388888888889 0.009895833333333333 0.05138888888888889
3 0.36549479166666665 0.8391203703703703 0.10494791666666667 0.18935185185185185
1 0.6701822916666667 0.8094907407407408 0.037760416666666664 0.0375
4 0.34348958333333335 0.881712962962963 0.019791666666666666 0.03564814814814815
1 0.5973958333333333 0.16041666666666668 0.010416666666666666 0.03009259259259259
3 0.6731770833333334 0.21481481481481482 0.06354166666666666 0.1361111111111111
2 0.59140625 0.1587962962962963 0.025520833333333333 0.030555555555555555
3 0.9609375 0.2076388888888889 0.07552083333333333 0.08564814814814815
4 0.3651041666666667 0.8289351851851852 0.027604166666666666 0.047685185185185185