3 0.2696614583333333 0.5543981481481481 0.04921875 0.1625
4 0.28072916666666664 0.5592592592592592 0.015104166666666667 0.03425925925925926
2 0.46328125 0.3486111111111111 0.018229166666666668 0.03981481481481482
5 0.6665364583333333 0.21712962962962962 0.009635416666666667 0.02962962962962963
2 0.41796875 0.5467592592592593 0.019270833333333334 0.046296296296296294
2 0.492578125 0.4074074074074074 0.009635416666666667 0.05462962962962963
3 0.36419270833333334 0.8363425925925926 0.10442708333333334 0.19027777777777777
1 0.6662760416666667 0.8048611111111111 0.03828125 0.043055555555555555
4 0.34296875 0.8787037037037037 0.019791666666666666 0.03611111111111111
1 0.592578125 0.15925925925925927 0.014322916666666666 0.024074074074074074
3 0.6731770833333334 0.21412037037037038 0.0640625 0.13287037037037036
3 0.960546875 0.20694444444444443 0.07734375 0.08518518518518518
4 0.36484375 0.825925925925926 0.028125 0.04722222222222222