3 0.27109375 0.5497685185185185 0.049479166666666664 0.16435185185185186
4 0.28216145833333334 0.5592592592592592 0.014322916666666666 0.03425925925925926
2 0.4615885416666667 0.3525462962962963 0.021614583333333333 0.04212962962962963
5 0.6647135416666666 0.21736111111111112 0.010677083333333334 0.029166666666666667
2 0.41640625 0.5412037037037037 0.023958333333333335 0.04722222222222222
2 0.4921875 0.4101851851851852 0.009895833333333333 0.05277777777777778
3 0.36354166666666665 0.8335648148148148 0.10416666666666667 0.18935185185185185
1 0.6723958333333333 0.8067129629629629 0.0421875 0.03657407407407407
4 0.34270833333333334 0.8761574074074074 0.019791666666666666 0.0375
1 0.5884114583333333 0.16643518518518519 0.012239583333333333 0.03009259259259259
3 0.6736979166666667 0.2136574074074074 0.06458333333333334 0.1337962962962963
3 0.9598958333333333 0.20439814814814813 0.07760416666666667 0.0837962962962963
4 0.36419270833333334 0.8233796296296296 0.02890625 0.04675925925925926