3 0.2701822916666667 0.5456018518518518 0.04973958333333333 0.1625
4 0.28098958333333335 0.5532407407407407 0.015104166666666667 0.03333333333333333
2 0.45260416666666664 0.35555555555555557 0.0203125 0.03981481481481482
5 0.6654947916666667 0.22337962962962962 0.009635416666666667 0.0412037037037037
2 0.41263020833333336 0.5351851851851852 0.020052083333333335 0.037037037037037035
2 0.488671875 0.4083333333333333 0.01015625 0.05648148148148148
3 0.3631510416666667 0.8296296296296296 0.10442708333333334 0.18796296296296297
1 0.6783854166666666 0.812037037037037 0.0421875 0.04351851851851852
4 0.3411458333333333 0.8706018518518519 0.019270833333333334 0.03564814814814815
1 0.5809895833333333 0.18518518518518517 0.0125 0.027777777777777776
3 0.6734375 0.21574074074074073 0.0671875 0.13240740740740742
3 0.958203125 0.2 0.07890625 0.08333333333333333
4 0.3631510416666667 0.8199074074074074 0.02890625 0.04537037037037037