3 0.254296875 0.5523148148148148 0.05078125 0.16296296296296298
4 0.26614583333333336 0.5587962962962963 0.0140625 0.03425925925925926
2 0.430859375 0.36342592592592593 0.01640625 0.04259259259259259
5 0.6459635416666667 0.2064814814814815 0.012239583333333333 0.024074074074074074
2 0.39348958333333334 0.5368055555555555 0.027604166666666666 0.04212962962962963
2 0.46927083333333336 0.41435185185185186 0.010416666666666666 0.058333333333333334
3 0.35104166666666664 0.8326388888888889 0.10364583333333334 0.19212962962962962
1 0.6798177083333333 0.8085648148148148 0.04296875 0.043055555555555555
4 0.32981770833333335 0.8719907407407408 0.019010416666666665 0.034722222222222224
1 0.556640625 0.2023148148148148 0.01328125 0.028703703703703703
3 0.6559895833333333 0.2111111111111111 0.07291666666666667 0.12314814814814815
3 0.9404947916666667 0.1824074074074074 0.08671875 0.08425925925925926
4 0.34908854166666664 0.8199074074074074 0.02890625 0.05092592592592592