3 0.20651041666666667 0.5881944444444445 0.05416666666666667 0.16157407407407406
4 0.21861979166666667 0.593287037037037 0.014322916666666666 0.033796296296296297
2 0.37421875 0.3814814814814815 0.0140625 0.044444444444444446
5 0.5875 0.1997685185185185 0.011458333333333333 0.024537037037037038
2 0.348828125 0.5506944444444445 0.023697916666666666 0.031018518518518518
2 0.41575520833333335 0.42615740740740743 0.01015625 0.0587962962962963
3 0.31497395833333336 0.8550925925925926 0.10078125 0.20277777777777778
1 0.6490885416666666 0.8009259259259259 0.040364583333333336 0.05092592592592592
4 0.29713541666666665 0.8972222222222223 0.019270833333333334 0.03425925925925926
1 0.49557291666666664 0.2048611111111111 0.016666666666666666 0.03287037037037037
3 0.5951822916666667 0.19930555555555557 0.07421875 0.12268518518518519
3 0.8747395833333333 0.13217592592592592 0.08385416666666666 0.08657407407407407