3 0.1921875 0.5967592592592592 0.05625 0.15925925925925927
4 0.20416666666666666 0.6041666666666666 0.014583333333333334 0.03425925925925926
2 0.35651041666666666 0.3900462962962963 0.013020833333333334 0.04583333333333333
5 0.569140625 0.20092592592592592 0.01171875 0.023148148148148147
2 0.330859375 0.5569444444444445 0.02421875 0.026851851851851852
2 0.3997395833333333 0.43125 0.009895833333333333 0.056018518518518516
3 0.30572916666666666 0.8594907407407407 0.10052083333333334 0.20416666666666666
1 0.6434895833333333 0.7993055555555556 0.03958333333333333 0.04490740740740741
4 0.2864583333333333 0.906712962962963 0.019270833333333334 0.03564814814814815
1 0.4747395833333333 0.21712962962962962 0.016145833333333335 0.040740740740740744
3 0.5776041666666667 0.19722222222222222 0.07395833333333333 0.12407407407407407
3 0.8555989583333333 0.11921296296296297 0.08307291666666666 0.08657407407407407