3 0.17200520833333333 0.6199074074074075 0.05859375 0.16018518518518518
4 0.18411458333333333 0.6252314814814814 0.015625 0.034722222222222224
2 0.3274739583333333 0.4164351851851852 0.01953125 0.04490740740740741
5 0.5421875 0.20671296296296296 0.011458333333333333 0.03009259259259259
2 0.3079427083333333 0.569675925925926 0.03619791666666667 0.02638888888888889
2 0.37213541666666666 0.4534722222222222 0.011979166666666667 0.050462962962962966
3 0.2903645833333333 0.8761574074074074 0.09947916666666666 0.20879629629629629
1 0.6484375 0.8101851851851852 0.0375 0.046296296296296294
4 0.2735677083333333 0.9219907407407407 0.02109375 0.03657407407407407
1 0.4434895833333333 0.25578703703703703 0.020833333333333332 0.03935185185185185
3 0.5518229166666667 0.19837962962962963 0.07916666666666666 0.12175925925925926
3 0.8240885416666667 0.1 0.08046875 0.08703703703703704