3 0.17317708333333334 0.6215277777777778 0.06041666666666667 0.1597222222222222
4 0.185546875 0.6263888888888889 0.014322916666666666 0.03148148148148148
2 0.32265625 0.42939814814814814 0.019270833333333334 0.04212962962962963
5 0.5404947916666667 0.20671296296296296 0.01796875 0.031018518518518518
2 0.30234375 0.5752314814814815 0.027604166666666666 0.04212962962962963
2 0.3712239583333333 0.4636574074074074 0.02890625 0.04953703703703704
3 0.29453125 0.8722222222222222 0.0984375 0.21203703703703702
1 0.6654947916666667 0.8180555555555555 0.020052083333333335 0.03796296296296296
4 0.2765625 0.9215277777777777 0.019791666666666666 0.03564814814814815
1 0.442578125 0.2849537037037037 0.023177083333333334 0.0375
3 0.5515625 0.1988425925925926 0.08072916666666667 0.12175925925925926
3 0.81953125 0.09027777777777778 0.08125 0.08888888888888889