3 0.230859375 0.7141203703703703 0.08046875 0.14953703703703702
4 0.24479166666666666 0.7127314814814815 0.0171875 0.03194444444444444
2 0.34622395833333336 0.4706018518518518 0.014322916666666666 0.03564814814814815
5 0.5233072916666667 0.15601851851851853 0.01328125 0.04351851851851852
2 0.35078125 0.617824074074074 0.022395833333333334 0.052314814814814814
2 0.39947916666666666 0.4861111111111111 0.03854166666666667 0.02962962962962963
3 0.40911458333333334 0.8925925925925926 0.07552083333333333 0.21481481481481482
1 0.7602864583333333 0.6828703703703703 0.026302083333333334 0.06111111111111111
4 0.401953125 0.9567129629629629 0.020572916666666666 0.029166666666666667
3 0.5322916666666667 0.14074074074074075 0.07447916666666667 0.12407407407407407
3 0.7569010416666667 0.012268518518518519 0.05078125 0.02361111111111111
4 0.39622395833333335 0.9266203703703704 0.018489583333333334 0.033796296296296297
1 0.442578125 0.30486111111111114 0.01953125 0.033796296296296297