3 0.31888020833333336 0.8324074074074074 0.11171875 0.10092592592592593
4 0.343359375 0.8104166666666667 0.01328125 0.02824074074074074
2 0.31302083333333336 0.5541666666666667 0.014583333333333334 0.044444444444444446
5 0.3390625 0.11666666666666667 0.0140625 0.046296296296296294
2 0.38255208333333335 0.6444444444444445 0.022395833333333334 0.06018518518518518
2 0.35325520833333335 0.49236111111111114 0.029947916666666668 0.038425925925925926
3 0.5576822916666667 0.7620370370370371 0.07890625 0.22407407407407406
1 0.7010416666666667 0.2789351851851852 0.025 0.029166666666666667
4 0.5787760416666666 0.7921296296296296 0.01796875 0.03148148148148148
4 0.5626302083333333 0.7851851851851852 0.02109375 0.03981481481481482
1 0.36627604166666666 0.3368055555555556 0.022135416666666668 0.024537037037037038
1 0.93671875 0.39537037037037037 0.03125 0.06666666666666667
3 0.33697916666666666 0.09814814814814815 0.0546875 0.1398148148148148