3 0.3165364583333333 0.8407407407407408 0.10963541666666667 0.10092592592592593
4 0.34075520833333334 0.8164351851851852 0.012760416666666666 0.02546296296296296
2 0.3104166666666667 0.575 0.011979166666666667 0.03796296296296296
5 0.3338541666666667 0.1275462962962963 0.013020833333333334 0.04583333333333333
2 0.376171875 0.6638888888888889 0.02265625 0.05555555555555555
2 0.3497395833333333 0.5053240740740741 0.030729166666666665 0.03657407407407407
3 0.5529947916666667 0.7706018518518518 0.07734375 0.22175925925925927
1 0.6983072916666667 0.2851851851851852 0.020052083333333335 0.025
4 0.5733072916666667 0.8016203703703704 0.018489583333333334 0.03009259259259259
4 0.5584635416666667 0.7932870370370371 0.020052083333333335 0.03935185185185185
1 0.3575520833333333 0.3638888888888889 0.019270833333333334 0.03981481481481482
1 0.9247395833333333 0.39351851851851855 0.022395833333333334 0.053703703703703705
3 0.33359375 0.11134259259259259 0.05572916666666667 0.13657407407407407