3 0.316796875 0.8465277777777778 0.11119791666666666 0.10046296296296296
4 0.34036458333333336 0.830787037037037 0.011458333333333333 0.0412037037037037
2 0.31223958333333335 0.5810185185185185 0.014583333333333334 0.03981481481481482
5 0.33424479166666665 0.1361111111111111 0.013802083333333333 0.046296296296296294
2 0.3731770833333333 0.674074074074074 0.030729166666666665 0.053703703703703705
2 0.34869791666666666 0.5111111111111111 0.033854166666666664 0.03518518518518519
3 0.5510416666666667 0.7752314814814815 0.07760416666666667 0.2199074074074074
1 0.6973958333333333 0.29212962962962963 0.019791666666666666 0.024074074074074074
4 0.5708333333333333 0.8055555555555556 0.018229166666666668 0.030555555555555555
4 0.556640625 0.7981481481481482 0.020052083333333335 0.03981481481481482
1 0.361328125 0.36898148148148147 0.017447916666666667 0.03333333333333333
1 0.9161458333333333 0.3951388888888889 0.025 0.07268518518518519
3 0.3338541666666667 0.11712962962962963 0.05520833333333333 0.13518518518518519