3 0.31549479166666666 0.8627314814814815 0.10859375 0.09768518518518518
4 0.33645833333333336 0.8601851851851852 0.015625 0.06574074074074074
2 0.31028645833333335 0.6013888888888889 0.013802083333333333 0.025925925925925925
5 0.3328125 0.1574074074074074 0.013020833333333334 0.046296296296296294
2 0.37135416666666665 0.69375 0.028645833333333332 0.05694444444444444
2 0.35013020833333336 0.5310185185185186 0.03984375 0.025925925925925925
3 0.5467447916666667 0.7893518518518519 0.07682291666666667 0.21944444444444444
1 0.688671875 0.31203703703703706 0.02109375 0.03148148148148148
4 0.5673177083333333 0.8203703703703704 0.017447916666666667 0.030555555555555555
4 0.551171875 0.8134259259259259 0.019010416666666665 0.037037037037037035
1 0.3619791666666667 0.39467592592592593 0.022395833333333334 0.03194444444444444
1 0.903125 0.39699074074074076 0.025 0.07083333333333333
3 0.33203125 0.14050925925925925 0.05625 0.13194444444444445