3 0.3126302083333333 0.8979166666666667 0.10598958333333333 0.09675925925925925
4 0.3307291666666667 0.8944444444444445 0.016666666666666666 0.06759259259259259
2 0.30625 0.6530092592592592 0.013541666666666667 0.02361111111111111
5 0.32838541666666665 0.19930555555555557 0.014583333333333334 0.04490740740740741
2 0.36497395833333335 0.7418981481481481 0.020052083333333335 0.043055555555555555
2 0.34153645833333335 0.569675925925926 0.020572916666666666 0.055092592592592596
3 0.5390625 0.8226851851851852 0.07447916666666667 0.21574074074074073
1 0.6858072916666667 0.34814814814814815 0.019010416666666665 0.02962962962962963
4 0.5588541666666667 0.8534722222222222 0.017708333333333333 0.03009259259259259
4 0.5432291666666667 0.8474537037037037 0.019270833333333334 0.0375
1 0.37447916666666664 0.46550925925925923 0.019270833333333334 0.031018518518518518
1 0.8729166666666667 0.39375 0.027604166666666666 0.07731481481481481
3 0.32981770833333335 0.18333333333333332 0.055989583333333336 0.13148148148148148