3 0.30442708333333335 0.9171296296296296 0.1046875 0.0962962962962963
4 0.32122395833333334 0.913425925925926 0.017447916666666667 0.06759259259259259
2 0.3 0.6844907407407408 0.013541666666666667 0.03287037037037037
5 0.32369791666666664 0.2136574074074074 0.01875 0.02824074074074074
2 0.35989583333333336 0.7671296296296296 0.0375 0.04722222222222222
2 0.33098958333333334 0.600462962962963 0.03854166666666667 0.019444444444444445
3 0.5295572916666667 0.8412037037037037 0.07473958333333333 0.21296296296296297
1 0.6829427083333334 0.375 0.013802083333333333 0.025925925925925925
4 0.55 0.8708333333333333 0.017708333333333333 0.030555555555555555
4 0.5342447916666667 0.8645833333333334 0.01796875 0.03564814814814815
1 0.371875 0.5030092592592592 0.014583333333333334 0.03564814814814815
1 0.8486979166666667 0.3761574074074074 0.0296875 0.06527777777777778
3 0.32369791666666664 0.20625 0.0578125 0.1300925925925926