3 0.29244791666666664 0.9256944444444445 0.10416666666666667 0.09305555555555556
4 0.310546875 0.9217592592592593 0.01640625 0.06666666666666667
2 0.2890625 0.7055555555555556 0.013020833333333334 0.03425925925925926
5 0.3184895833333333 0.22337962962962962 0.014583333333333334 0.02546296296296296
2 0.35546875 0.7712962962962963 0.03229166666666667 0.04351851851851852
2 0.32643229166666665 0.6078703703703704 0.02109375 0.05648148148148148
3 0.5173177083333333 0.8458333333333333 0.07526041666666666 0.2111111111111111
1 0.6765625 0.3752314814814815 0.0203125 0.03194444444444444
4 0.5369791666666667 0.8756944444444444 0.016666666666666666 0.03009259259259259
4 0.5200520833333333 0.8685185185185185 0.018229166666666668 0.03518518518518519
1 0.36302083333333335 0.5168981481481482 0.030729166666666665 0.031018518518518518
1 0.8359375 0.32893518518518516 0.0203125 0.04861111111111111
3 0.3177083333333333 0.21388888888888888 0.06041666666666667 0.1287037037037037