3 0.290625 0.9261574074074074 0.10364583333333334 0.09398148148148149
4 0.30703125 0.9215277777777777 0.0171875 0.06805555555555555
2 0.28763020833333336 0.7113425925925926 0.014322916666666666 0.03564814814814815
5 0.3182291666666667 0.21643518518518517 0.015104166666666667 0.027314814814814816
2 0.35546875 0.7766203703703703 0.028125 0.05324074074074074
2 0.3234375 0.6064814814814815 0.016145833333333335 0.058333333333333334
3 0.515234375 0.8518518518518519 0.07578125 0.21296296296296297
1 0.6759114583333333 0.381712962962963 0.016927083333333332 0.027314814814814816
4 0.5341145833333333 0.8791666666666667 0.0171875 0.030555555555555555
4 0.5178385416666667 0.8736111111111111 0.019010416666666665 0.03611111111111111
1 0.3626302083333333 0.5236111111111111 0.02890625 0.03518518518518519
1 0.8256510416666667 0.3280092592592593 0.023177083333333334 0.05787037037037037
3 0.3209635416666667 0.20625 0.06276041666666667 0.12453703703703704