3 0.28997395833333334 0.9273148148148148 0.10390625 0.09444444444444444
4 0.30625 0.9236111111111112 0.016666666666666666 0.06666666666666667
2 0.2869791666666667 0.7129629629629629 0.0140625 0.03518518518518519
2 0.35455729166666666 0.7766203703703703 0.032552083333333336 0.05416666666666667
2 0.3235677083333333 0.6060185185185185 0.01484375 0.05648148148148148
3 0.5139322916666667 0.8518518518518519 0.07630208333333334 0.21203703703703702
1 0.673828125 0.3861111111111111 0.01484375 0.03333333333333333
4 0.5337239583333333 0.8793981481481481 0.015885416666666666 0.03009259259259259
4 0.516796875 0.8729166666666667 0.018489583333333334 0.03564814814814815
1 0.36614583333333334 0.5212962962962963 0.028125 0.032407407407407406
1 0.8311197916666667 0.32175925925925924 0.018489583333333334 0.05092592592592592
3 0.32513020833333334 0.19699074074074074 0.062239583333333334 0.12175925925925926
5 0.3190104166666667 0.20787037037037037 0.013541666666666667 0.023148148148148147