3 0.2864583333333333 0.9289351851851851 0.10416666666666667 0.09305555555555556
4 0.30416666666666664 0.9247685185185185 0.016145833333333335 0.06712962962962964
2 0.28411458333333334 0.7185185185185186 0.015625 0.03888888888888889
2 0.35260416666666666 0.7761574074074075 0.033854166666666664 0.056018518518518516
2 0.3216145833333333 0.6078703703703704 0.013541666666666667 0.05740740740740741
3 0.5102864583333333 0.8523148148148149 0.07578125 0.21203703703703702
1 0.6690104166666667 0.3819444444444444 0.0171875 0.03148148148148148
4 0.5299479166666666 0.8807870370370371 0.016666666666666666 0.03009259259259259
4 0.51328125 0.8733796296296297 0.019270833333333334 0.03564814814814815
1 0.364453125 0.5284722222222222 0.03463541666666667 0.027314814814814816
1 0.823828125 0.31805555555555554 0.01796875 0.06296296296296296
3 0.33697916666666666 0.18287037037037038 0.07395833333333333 0.11481481481481481
5 0.32643229166666665 0.19189814814814815 0.012760416666666666 0.024537037037037038