3 0.282421875 0.9277777777777778 0.10442708333333334 0.09351851851851851
4 0.30078125 0.924074074074074 0.014583333333333334 0.06481481481481481
2 0.2819010416666667 0.7173611111111111 0.01640625 0.03657407407407407
2 0.3514322916666667 0.7731481481481481 0.031510416666666666 0.05555555555555555
2 0.31783854166666664 0.6020833333333333 0.01328125 0.05787037037037037
3 0.5057291666666667 0.8497685185185185 0.07708333333333334 0.2125
1 0.6686197916666666 0.3861111111111111 0.015885416666666666 0.026851851851851852
4 0.5251302083333333 0.8770833333333333 0.01640625 0.03009259259259259
4 0.5071614583333334 0.8701388888888889 0.01796875 0.034722222222222224
1 0.3625 0.5282407407407408 0.022395833333333334 0.040740740740740744
1 0.8158854166666667 0.30787037037037035 0.0203125 0.06018518518518518
3 0.3494791666666667 0.16111111111111112 0.0734375 0.11018518518518519
5 0.33932291666666664 0.1712962962962963 0.013020833333333334 0.024074074074074074