3 0.25638020833333336 0.892824074074074 0.11328125 0.08842592592592592
4 0.273828125 0.8863425925925926 0.014322916666666666 0.0625
2 0.257421875 0.6918981481481481 0.018489583333333334 0.03287037037037037
2 0.33502604166666666 0.7351851851851852 0.028385416666666666 0.05462962962962963
2 0.295703125 0.5708333333333333 0.01640625 0.05277777777777778
3 0.478125 0.8101851851851852 0.07604166666666666 0.20925925925925926
1 0.6424479166666667 0.35810185185185184 0.018229166666666668 0.0412037037037037
4 0.4837239583333333 0.8409722222222222 0.01796875 0.03657407407407407
4 0.4837239583333333 0.836574074074074 0.021614583333333333 0.04351851851851852
1 0.34765625 0.5041666666666667 0.022395833333333334 0.03518518518518519
1 0.7798177083333333 0.2518518518518518 0.02109375 0.044444444444444446
3 0.408984375 0.027083333333333334 0.04244791666666667 0.05416666666666667
5 0.41627604166666665 0.009259259259259259 0.01015625 0.01574074074074074