3 0.25690104166666666 0.892824074074074 0.11276041666666667 0.08842592592592592
4 0.27421875 0.8888888888888888 0.014583333333333334 0.058333333333333334
2 0.25755208333333335 0.6962962962962963 0.0171875 0.03796296296296296
2 0.3360677083333333 0.736574074074074 0.027864583333333335 0.053703703703703705
2 0.2970052083333333 0.5680555555555555 0.022135416666666668 0.04537037037037037
3 0.4786458333333333 0.8118055555555556 0.07604166666666666 0.20879629629629629
1 0.6412760416666666 0.3523148148148148 0.01796875 0.03888888888888889
4 0.48346354166666666 0.8407407407407408 0.020572916666666666 0.04259259259259259
4 0.47421875 0.8300925925925926 0.022916666666666665 0.041666666666666664
1 0.3502604166666667 0.5053240740740741 0.027604166666666666 0.0375
1 0.7774739583333333 0.25092592592592594 0.028385416666666666 0.05555555555555555
3 0.41484375 0.019212962962962963 0.03697916666666667 0.038425925925925926