3 0.173828125 0.8837962962962963 0.11171875 0.08796296296296297
4 0.18880208333333334 0.8810185185185185 0.016666666666666666 0.06018518518518518
2 0.19479166666666667 0.7189814814814814 0.0203125 0.040740740740740744
2 0.26067708333333334 0.718287037037037 0.030729166666666665 0.03287037037037037
2 0.17565104166666667 0.49074074074074076 0.032552083333333336 0.040740740740740744
3 0.39921875 0.80625 0.06354166666666666 0.20787037037037037
1 0.5071614583333334 0.40162037037037035 0.029947916666666668 0.034722222222222224
4 0.3971354166666667 0.8451388888888889 0.014583333333333334 0.03009259259259259
1 0.3421875 0.5363425925925925 0.03333333333333333 0.04675925925925926
1 0.5385416666666667 0.15578703703703703 0.019791666666666666 0.029166666666666667
4 0.41458333333333336 0.8405092592592592 0.015625 0.03194444444444444