3 0.17109375 0.8826388888888889 0.11145833333333334 0.08657407407407407
4 0.18684895833333334 0.8800925925925925 0.016927083333333332 0.06018518518518518
2 0.19296875 0.7196759259259259 0.021354166666666667 0.03935185185185185
2 0.2609375 0.7189814814814814 0.029166666666666667 0.030555555555555555
2 0.17981770833333333 0.48125 0.03984375 0.0375
3 0.39817708333333335 0.8076388888888889 0.0625 0.20879629629629629
1 0.5036458333333333 0.4023148148148148 0.024479166666666666 0.02962962962962963
4 0.39622395833333335 0.8449074074074074 0.014322916666666666 0.030555555555555555
1 0.33567708333333335 0.5365740740740741 0.035416666666666666 0.040740740740740744
1 0.537890625 0.1525462962962963 0.01796875 0.02638888888888889
4 0.41315104166666666 0.8402777777777778 0.015364583333333333 0.032407407407407406