3 0.165625 0.8819444444444444 0.1109375 0.08796296296296297
4 0.18098958333333334 0.8791666666666667 0.0171875 0.06018518518518518
2 0.18763020833333333 0.7208333333333333 0.02109375 0.03796296296296296
2 0.25885416666666666 0.7226851851851852 0.026041666666666668 0.040740740740740744
2 0.18919270833333332 0.4740740740740741 0.03671875 0.03796296296296296
3 0.39140625 0.8050925925925926 0.06145833333333333 0.2111111111111111
1 0.4947916666666667 0.40023148148148147 0.027604166666666666 0.02824074074074074
4 0.390625 0.8453703703703703 0.014583333333333334 0.02962962962962963
1 0.32252604166666665 0.5375 0.03723958333333333 0.041666666666666664
1 0.5286458333333334 0.15462962962962962 0.015104166666666667 0.027777777777777776
4 0.4061197916666667 0.8400462962962963 0.015885416666666666 0.03287037037037037