3 0.15989583333333332 0.8810185185185185 0.10989583333333333 0.08888888888888889
4 0.17513020833333334 0.8791666666666667 0.017447916666666667 0.05925925925925926
2 0.17955729166666667 0.7305555555555555 0.015364583333333333 0.040740740740740744
2 0.2532552083333333 0.7226851851851852 0.017447916666666667 0.026851851851851852
2 0.203125 0.4636574074074074 0.028645833333333332 0.02824074074074074
3 0.38580729166666666 0.8046296296296296 0.06015625 0.21296296296296297
1 0.4890625 0.3997685185185185 0.021354166666666667 0.02546296296296296
4 0.38177083333333334 0.8412037037037037 0.016666666666666666 0.030555555555555555
1 0.3104166666666667 0.5358796296296297 0.036458333333333336 0.04583333333333333
1 0.51796875 0.15763888888888888 0.017708333333333333 0.029166666666666667
4 0.39947916666666666 0.8386574074074075 0.016145833333333335 0.03287037037037037