3 0.16276041666666666 0.8814814814814815 0.10885416666666667 0.08888888888888889
4 0.17578125 0.8805555555555555 0.018229166666666668 0.05925925925925926
2 0.17994791666666668 0.7386574074074074 0.0140625 0.043055555555555555
2 0.25625 0.7256944444444444 0.026041666666666668 0.031018518518518518
2 0.21614583333333334 0.4634259259259259 0.0296875 0.023148148148148147
3 0.38697916666666665 0.8064814814814815 0.059375 0.21203703703703702
1 0.484375 0.4101851851851852 0.019791666666666666 0.04351851851851852
4 0.381640625 0.8416666666666667 0.015885416666666666 0.030555555555555555
1 0.3014322916666667 0.5361111111111111 0.03828125 0.05092592592592592
1 0.5130208333333334 0.1622685185185185 0.018229166666666668 0.02824074074074074
4 0.4002604166666667 0.8398148148148148 0.015104166666666667 0.032407407407407406