3 0.19986979166666666 0.9125 0.11223958333333334 0.08796296296296297
4 0.21536458333333333 0.9094907407407408 0.0171875 0.06157407407407407
2 0.2125 0.7680555555555556 0.0171875 0.03888888888888889
2 0.2908854166666667 0.7509259259259259 0.016145833333333335 0.03611111111111111
2 0.2540364583333333 0.48935185185185187 0.038802083333333334 0.032407407407407406
3 0.42890625 0.8134259259259259 0.0625 0.2101851851851852
1 0.505859375 0.399537037037037 0.02578125 0.044444444444444446
4 0.42734375 0.8525462962962963 0.015625 0.03009259259259259
1 0.32565104166666664 0.5483796296296296 0.02265625 0.03287037037037037
1 0.5200520833333333 0.16805555555555557 0.022916666666666665 0.026851851851851852
4 0.4434895833333333 0.8495370370370371 0.015625 0.03425925925925926