3 0.24856770833333333 0.9717592592592592 0.11692708333333333 0.05648148148148148
4 0.26015625 0.9768518518518519 0.0140625 0.046296296296296294
2 0.23802083333333332 0.8435185185185186 0.017708333333333333 0.05462962962962963
2 0.309375 0.7988425925925926 0.021875 0.029166666666666667
2 0.25091145833333334 0.5560185185185185 0.03671875 0.03425925925925926
3 0.4666666666666667 0.8162037037037037 0.07708333333333334 0.2074074074074074
1 0.4869791666666667 0.38634259259259257 0.015625 0.02824074074074074
4 0.46875 0.85625 0.016666666666666666 0.03194444444444444
1 0.32174479166666664 0.5900462962962963 0.02265625 0.04490740740740741
1 0.46953125 0.16365740740740742 0.0203125 0.02638888888888889
4 0.485546875 0.8458333333333333 0.01640625 0.03333333333333333