2 0.5518695014662757 0.4589757709251101 0.010263929618768328 0.009911894273127754
2 0.5604838709677419 0.43901431718061673 0.004765395894428153 0.008535242290748899
2 0.595124633431085 0.43667400881057267 0.005865102639296188 0.006607929515418502
2 0.6519428152492669 0.4950440528634361 0.004765395894428153 0.008259911894273128
2 0.6412206744868035 0.567318281938326 0.0038489736070381232 0.006332599118942731
3 0.5545271260997068 0.49270374449339205 0.017412023460410556 0.036068281938325994
3 0.5708394428152492 0.4887114537444934 0.012646627565982404 0.037995594713656385
3 0.6603739002932552 0.5516244493392071 0.012463343108504398 0.03827092511013216
5 0.6403958944281525 0.6243116740088106 0.0036656891495601175 0.0052312775330396475
3 0.6333394428152492 0.6397301762114538 0.015579178885630499 0.03827092511013216
1 0.5772543988269795 0.44094162995594716 0.004215542521994135 0.005781938325991189