2 0.6119868035190615 0.3370044052863436 0.004032258064516129 0.007709251101321586
3 0.6411290322580645 0.35338656387665196 0.024193548387096774 0.019548458149779735
3 0.6398460410557185 0.3113986784140969 0.020527859237536656 0.0302863436123348
2 0.6504765395894428 0.1825440528634361 0.00843108504398827 0.006057268722466961
2 0.626374633431085 0.1968612334801762 0.0031158357771260995 0.008259911894273128
2 0.6304068914956011 0.17276982378854625 0.0038489736070381232 0.00908590308370044
3 0.5567265395894428 0.1950715859030837 0.02217741935483871 0.025605726872246697
2 0.5433467741935484 0.15294603524229075 0.006781524926686217 0.009636563876651983
2 0.5700146627565983 0.15088105726872247 0.010997067448680353 0.008259911894273128
1 0.5800953079178885 0.09925660792951542 0.005865102639296188 0.00908590308370044
2 0.5966825513196481 0.08480176211453745 0.00531524926686217 0.007709251101321586
3 0.5789039589442815 0.18309471365638766 0.010080645161290322 0.03579295154185022