2 0.6020099118942731 0.2556818181818182 0.006883259911894273 0.005865102639296188
3 0.5666299559471366 0.2622800586510264 0.026982378854625552 0.021994134897360705
3 0.5638766519823789 0.23588709677419356 0.03579295154185022 0.012463343108504398
2 0.4775605726872247 0.2314882697947214 0.005781938325991189 0.008797653958944282
2 0.4874724669603524 0.23093841642228738 0.006332599118942731 0.002932551319648094
2 0.5717235682819384 0.187683284457478 0.004129955947136564 0.002932551319648094
2 0.5359306167400881 0.18539222873900293 0.005781938325991189 0.0031158357771260995
2 0.5470814977973568 0.1687133431085044 0.0027533039647577094 0.006781524926686217
2 0.7220539647577092 0.20417888563049855 0.005781938325991189 0.004032258064516129
3 0.7334801762114538 0.17622800586510265 0.023127753303964757 0.02437683284457478
3 0.6927312775330396 0.1812683284457478 0.031938325991189426 0.019428152492668622