1 0.5069010416666667 0.30439814814814814 0.00859375 0.015277777777777777
1 0.44244791666666666 0.41759259259259257 0.008333333333333333 0.016666666666666666
1 0.3944010416666667 0.6844907407407408 0.016927083333333332 0.01990740740740741
1 0.5734375 0.40694444444444444 0.011979166666666667 0.019444444444444445
1 0.5977864583333333 0.4377314814814815 0.011197916666666667 0.018055555555555554
1 0.5138020833333333 0.4668981481481482 0.011979166666666667 0.020833333333333332
1 0.48489583333333336 0.43425925925925923 0.009375 0.014814814814814815
1 0.483203125 0.4113425925925926 0.015364583333333333 0.015277777777777777
2 0.38229166666666664 0.9076388888888889 0.184375 0.16342592592592592
2 0.9317708333333333 0.1099537037037037 0.04635416666666667 0.08009259259259259
3 0.1109375 0.6150462962962963 0.078125 0.1050925925925926