1 0.5526041666666667 0.38310185185185186 0.016666666666666666 0.016203703703703703
1 0.491015625 0.5175925925925926 0.011197916666666667 0.018518518518518517
1 0.4588541666666667 0.862037037037037 0.024479166666666666 0.026851851851851852
1 0.5733072916666667 0.575925925925926 0.015364583333333333 0.023148148148148147
1 0.534765625 0.5157407407407407 0.018489583333333334 0.022222222222222223
1 0.6311197916666667 0.5150462962962963 0.016927083333333332 0.02361111111111111
1 0.6631510416666667 0.55 0.012239583333333333 0.021296296296296296
1 0.5377604166666666 0.5430555555555555 0.008854166666666666 0.01574074074074074
3 0.28736979166666665 0.5608796296296297 0.05546875 0.10046296296296296
2 0.989453125 0.15671296296296297 0.02109375 0.08194444444444444
1 0.586328125 0.7671296296296296 0.012760416666666666 0.03333333333333333