1 0.330078125 0.600925925925926 0.008072916666666667 0.01574074074074074
1 0.35390625 0.6018518518518519 0.009375 0.013888888888888888
1 0.5756510416666667 0.6472222222222223 0.01796875 0.030555555555555555
1 0.5307291666666667 0.5884259259259259 0.01875 0.025
1 0.5477864583333333 0.45717592592592593 0.005989583333333334 0.015277777777777777
1 0.614453125 0.5928240740740741 0.020572916666666666 0.020833333333333332
1 0.6595052083333334 0.617824074074074 0.01171875 0.02175925925925926
1 0.531640625 0.6259259259259259 0.01171875 0.022222222222222223
3 0.5356770833333333 0.38680555555555557 0.07135416666666666 0.03564814814814815
1 0.5010416666666667 0.5949074074074074 0.008854166666666666 0.020370370370370372
1 0.4576822916666667 0.9368055555555556 0.025260416666666667 0.03194444444444444
2 0.9893229166666667 0.1787037037037037 0.021354166666666667 0.08703703703703704