1 0.374609375 0.8046296296296296 0.01328125 0.046296296296296294
1 0.513671875 0.5168981481481482 0.015364583333333333 0.03009259259259259
1 0.470703125 0.5039351851851852 0.02578125 0.02824074074074074
1 0.562109375 0.45 0.011197916666666667 0.025925925925925925
1 0.44479166666666664 0.46412037037037035 0.010416666666666666 0.01898148148148148
1 0.476171875 0.4446759259259259 0.02109375 0.022685185185185187
1 0.6084635416666667 0.47638888888888886 0.011197916666666667 0.022222222222222223
1 0.29049479166666664 0.4425925925925926 0.007552083333333333 0.024074074074074074
1 0.33880208333333334 0.43425925925925923 0.008854166666666666 0.021296296296296296
1 0.48671875 0.30925925925925923 0.011458333333333333 0.021296296296296296
3 0.627734375 0.2604166666666667 0.04401041666666667 0.08009259259259259