1 0.5223958333333333 0.6560185185185186 0.021875 0.03796296296296296
1 0.46822916666666664 0.6497685185185185 0.028125 0.027314814814814816
1 0.5608072916666667 0.5724537037037037 0.013802083333333333 0.029166666666666667
1 0.4434895833333333 0.5805555555555556 0.016145833333333335 0.022222222222222223
1 0.4811197916666667 0.5680555555555555 0.024739583333333332 0.03425925925925926
1 0.6291666666666667 0.60625 0.0140625 0.027314814814814816
1 0.3033854166666667 0.5458333333333333 0.008854166666666666 0.023148148148148147
1 0.35859375 0.531712962962963 0.011458333333333333 0.020833333333333332
1 0.46770833333333334 0.40949074074074077 0.015625 0.018055555555555554
3 0.6826822916666667 0.44305555555555554 0.039322916666666666 0.11388888888888889
1 0.376171875 0.9472222222222222 0.028385416666666666 0.09814814814814815