1 0.526953125 0.5259259259259259 0.016927083333333332 0.025925925925925925
1 0.5559895833333334 0.4398148148148148 0.021875 0.026851851851851852
1 0.49127604166666666 0.44722222222222224 0.023697916666666666 0.030555555555555555
1 0.624609375 0.47430555555555554 0.014322916666666666 0.02546296296296296
1 0.34140625 0.42962962962962964 0.008333333333333333 0.020370370370370372
1 0.3953125 0.40717592592592594 0.014583333333333334 0.01898148148148148
1 0.469921875 0.3164351851851852 0.013802083333333333 0.018055555555555554
3 0.6907552083333334 0.39143518518518516 0.04869791666666667 0.11064814814814815
1 0.3963541666666667 0.732175925925926 0.025 0.031018518518518518
1 0.4778645833333333 0.5168981481481482 0.017708333333333333 0.04027777777777778
1 0.4622395833333333 0.46319444444444446 0.0203125 0.02546296296296296