1 0.5161458333333333 0.6953703703703704 0.017708333333333333 0.03518518518518519
1 0.4591145833333333 0.6814814814814815 0.030208333333333334 0.03148148148148148
1 0.5587239583333333 0.6092592592592593 0.01640625 0.027777777777777776
1 0.43828125 0.6092592592592593 0.011458333333333333 0.023148148148148147
1 0.4725260416666667 0.5928240740740741 0.020052083333333335 0.027314814814814816
1 0.624609375 0.6483796296296296 0.014322916666666666 0.02638888888888889
1 0.29192708333333334 0.5780092592592593 0.009895833333333333 0.020833333333333332
1 0.34348958333333335 0.5592592592592592 0.0109375 0.025925925925925925
1 0.4700520833333333 0.4166666666666667 0.016145833333333335 0.014814814814814815
3 0.6733072916666667 0.4462962962962963 0.032552083333333336 0.12129629629629629
1 0.361328125 0.98125 0.024739583333333332 0.03657407407407407