1 0.526171875 0.5340277777777778 0.015885416666666666 0.02175925925925926
1 0.4786458333333333 0.5238425925925926 0.028645833333333332 0.03287037037037037
1 0.56015625 0.44837962962962963 0.011979166666666667 0.02824074074074074
1 0.457421875 0.4671296296296296 0.010677083333333334 0.025
1 0.4903645833333333 0.45231481481481484 0.022395833333333334 0.02962962962962963
1 0.624609375 0.4844907407407407 0.012239583333333333 0.01990740740740741
1 0.3333333333333333 0.43680555555555556 0.008854166666666666 0.020833333333333332
1 0.3885416666666667 0.4173611111111111 0.0140625 0.02175925925925926
1 0.47096354166666665 0.32430555555555557 0.013802083333333333 0.01898148148148148
3 0.6872395833333333 0.3824074074074074 0.04114583333333333 0.1111111111111111
1 0.39205729166666664 0.7324074074074074 0.01796875 0.04351851851851852