1 0.636328125 0.6050925925925926 0.01484375 0.023148148148148147
1 0.31809895833333335 0.5430555555555555 0.01015625 0.026851851851851852
1 0.38815104166666664 0.5034722222222222 0.012760416666666666 0.024537037037037038
3 0.7389322916666666 0.5817129629629629 0.05755208333333333 0.16898148148148148
1 0.353515625 0.955787037037037 0.026822916666666665 0.04027777777777778
1 0.5209635416666667 0.6900462962962963 0.026822916666666665 0.034722222222222224
1 0.55234375 0.5539351851851851 0.025 0.0375
1 0.451171875 0.4050925925925926 0.012760416666666666 0.025
1 0.476953125 0.5740740740740741 0.02578125 0.03888888888888889
1 0.43776041666666665 0.6 0.023958333333333335 0.023148148148148147
1 0.4591145833333333 0.6821759259259259 0.013541666666666667 0.03194444444444444