1 0.586328125 0.2740740740740741 0.026302083333333334 0.025
1 0.6421875 0.5268518518518519 0.03125 0.037037037037037035
1 0.6595052083333334 0.4675925925925926 0.03046875 0.03425925925925926
1 0.72421875 0.475 0.027083333333333334 0.025925925925925925
1 0.73359375 0.5488425925925926 0.01875 0.03935185185185185
1 0.7325520833333333 0.6710648148148148 0.020833333333333332 0.055092592592592596
1 0.6235677083333333 0.7587962962962963 0.01796875 0.028703703703703703
1 0.825 0.41226851851851853 0.0234375 0.022685185185185187
1 0.8298177083333333 0.580787037037037 0.023177083333333334 0.043055555555555555
3 0.32421875 0.7303240740740741 0.09635416666666667 0.19490740740740742
1 0.87578125 0.5407407407407407 0.024479166666666666 0.025925925925925925
2 0.30364583333333334 0.23402777777777778 0.11822916666666666 0.1726851851851852