1 0.5481770833333334 0.2923611111111111 0.0421875 0.031018518518518518
1 0.5904947916666666 0.5578703703703703 0.026302083333333334 0.03981481481481482
1 0.608984375 0.4861111111111111 0.026822916666666665 0.03796296296296296
1 0.6680989583333333 0.4997685185185185 0.04244791666666667 0.02824074074074074
1 0.6799479166666667 0.5879629629629629 0.0234375 0.049074074074074076
1 0.6865885416666667 0.7050925925925926 0.025260416666666667 0.07592592592592592
1 0.5674479166666667 0.8138888888888889 0.017708333333333333 0.02962962962962963
1 0.77734375 0.4525462962962963 0.024479166666666666 0.03194444444444444
1 0.782421875 0.6414351851851852 0.01328125 0.04583333333333333
3 0.22213541666666667 0.7337962962962963 0.065625 0.21574074074074073
2 0.25364583333333335 0.2761574074074074 0.12395833333333334 0.18101851851851852
1 0.8182291666666667 0.5615740740740741 0.04010416666666667 0.03148148148148148