1 0.5141927083333333 0.3347222222222222 0.029947916666666668 0.025
1 0.641796875 0.555787037037037 0.01640625 0.03009259259259259
3 0.5067708333333333 0.9680555555555556 0.1609375 0.06388888888888888
1 0.6921875 0.7805555555555556 0.018229166666666668 0.027777777777777776
1 0.6451822916666666 0.4849537037037037 0.027864583333333335 0.043055555555555555
1 0.6986979166666667 0.45902777777777776 0.0234375 0.04675925925925926
1 0.72578125 0.5138888888888888 0.024479166666666666 0.02962962962962963
1 0.7998697916666667 0.4618055555555556 0.03619791666666667 0.050462962962962966
1 0.75625 0.6229166666666667 0.028125 0.04212962962962963
2 0.22421875 0.44675925925925924 0.09479166666666666 0.2175925925925926
1 0.7598958333333333 0.32731481481481484 0.0203125 0.03611111111111111
1 0.8466145833333333 0.44675925925925924 0.015104166666666667 0.027777777777777776