1 0.54375 0.1326388888888889 0.018229166666666668 0.022685185185185187
1 0.57421875 0.2423611111111111 0.021354166666666667 0.02546296296296296
1 0.5634114583333333 0.2988425925925926 0.015885416666666666 0.027314814814814816
1 0.6171875 0.31875 0.01875 0.027314814814814816
1 0.671875 0.42962962962962964 0.011458333333333333 0.041666666666666664
1 0.5377604166666666 0.47152777777777777 0.011458333333333333 0.01990740740740741
1 0.6325520833333333 0.4097222222222222 0.0171875 0.03796296296296296
1 0.6106770833333334 0.25254629629629627 0.021354166666666667 0.027314814814814816
1 0.6893229166666667 0.2833333333333333 0.0171875 0.028703703703703703
2 0.28515625 0.1625 0.09270833333333334 0.12222222222222222
3 0.2760416666666667 0.24699074074074073 0.07135416666666666 0.09583333333333334
1 0.675 0.2520833333333333 0.0171875 0.02361111111111111