1 0.5361979166666667 0.10231481481481482 0.027083333333333334 0.03333333333333333
1 0.5686197916666667 0.20069444444444445 0.020572916666666666 0.02638888888888889
1 0.5565104166666667 0.2523148148148148 0.0203125 0.030555555555555555
1 0.608984375 0.27662037037037035 0.01953125 0.029166666666666667
1 0.6626302083333333 0.3761574074074074 0.012239583333333333 0.04583333333333333
1 0.5294270833333333 0.42314814814814816 0.0125 0.020370370370370372
1 0.6203125 0.3592592592592593 0.013541666666666667 0.024074074074074074
1 0.6046875 0.20879629629629629 0.03333333333333333 0.02962962962962963
1 0.6703125 0.21041666666666667 0.016666666666666666 0.020833333333333332
1 0.6845052083333333 0.2490740740740741 0.01953125 0.022222222222222223
2 0.28424479166666666 0.11944444444444445 0.09401041666666667 0.125
3 0.2694010416666667 0.22939814814814816 0.061197916666666664 0.1125