1 0.5471354166666667 0.31180555555555556 0.01875 0.027314814814814816
1 0.577734375 0.4532407407407407 0.020052083333333335 0.028703703703703703
1 0.5640625 0.5363425925925925 0.016145833333333335 0.02546296296296296
1 0.62578125 0.5585648148148148 0.021354166666666667 0.033796296296296297
1 0.691015625 0.7131944444444445 0.011197916666666667 0.03657407407407407
1 0.5356770833333333 0.7518518518518519 0.0125 0.020370370370370372
1 0.6399739583333334 0.6759259259259259 0.012239583333333333 0.024074074074074074
1 0.616796875 0.46921296296296294 0.028385416666666666 0.03194444444444444
1 0.7053385416666667 0.5141203703703704 0.01953125 0.033796296296296297
2 0.260546875 0.3597222222222222 0.10390625 0.14351851851851852
3 0.25833333333333336 0.43333333333333335 0.08385416666666666 0.10185185185185185
1 0.6903645833333333 0.48310185185185184 0.016666666666666666 0.02638888888888889