1 0.5298177083333333 0.1550925925925926 0.021614583333333333 0.03148148148148148
1 0.5654947916666667 0.26064814814814813 0.01484375 0.028703703703703703
1 0.55234375 0.3145833333333333 0.0203125 0.033796296296296297
1 0.6091145833333333 0.3402777777777778 0.019791666666666666 0.03148148148148148
1 0.666015625 0.4377314814814815 0.01328125 0.04398148148148148
1 0.5247395833333334 0.49444444444444446 0.013020833333333334 0.021296296296296296
1 0.62109375 0.4310185185185185 0.021875 0.03888888888888889
1 0.6015625 0.26828703703703705 0.0359375 0.029166666666666667
1 0.6736979166666667 0.2724537037037037 0.0171875 0.02638888888888889
1 0.69140625 0.3141203703703704 0.014583333333333334 0.020833333333333332
2 0.2765625 0.16875 0.0984375 0.13287037037037036
3 0.2578125 0.29583333333333334 0.0609375 0.12222222222222222