1 0.7305989583333333 0.4675925925925926 0.02734375 0.05
1 0.7154947916666666 0.6365740740740741 0.02265625 0.025
1 0.7295572916666667 0.7886574074074074 0.02578125 0.03657407407407407
1 0.584765625 0.9298611111111111 0.014322916666666666 0.02638888888888889
1 0.7131510416666667 0.9486111111111111 0.038802083333333334 0.05
1 0.746875 0.6793981481481481 0.014583333333333334 0.022685185185185187
1 0.8260416666666667 0.8087962962962963 0.027083333333333334 0.03888888888888889
2 0.433984375 0.35555555555555557 0.11536458333333334 0.11944444444444445
3 0.4265625 0.42083333333333334 0.09010416666666667 0.07407407407407407
1 0.8208333333333333 0.7643518518518518 0.017708333333333333 0.027777777777777776
1 0.675 0.7131944444444445 0.017708333333333333 0.03657407407407407