1 0.7559895833333333 0.6372685185185185 0.010416666666666666 0.01898148148148148
1 0.65625 0.7108796296296296 0.015625 0.01898148148148148
1 0.6184895833333334 0.7361111111111112 0.015104166666666667 0.01574074074074074
1 0.6333333333333333 0.7706018518518518 0.018229166666666668 0.01898148148148148
1 0.5649739583333333 0.8458333333333333 0.022135416666666668 0.017592592592592594
1 0.5154947916666667 0.7587962962962963 0.00859375 0.01574074074074074
1 0.5606770833333333 0.8113425925925926 0.017708333333333333 0.022685185185185187
1 0.680078125 0.7488425925925926 0.006510416666666667 0.01898148148148148
1 0.6848958333333334 0.8240740740740741 0.019270833333333334 0.020370370370370372
1 0.68515625 0.7981481481481482 0.007291666666666667 0.020370370370370372
2 0.575390625 0.48935185185185187 0.07421875 0.046296296296296294
3 0.5580729166666667 0.507175925925926 0.059375 0.027314814814814816