1 0.7709635416666667 0.6597222222222222 0.009114583333333334 0.021296296296296296
1 0.6696614583333333 0.7354166666666667 0.013802083333333333 0.01898148148148148
1 0.629296875 0.7611111111111111 0.01328125 0.017592592592592594
1 0.64453125 0.7981481481481482 0.017708333333333333 0.018518518518518517
1 0.5783854166666667 0.8780092592592592 0.021875 0.020833333333333332
1 0.5233072916666667 0.7856481481481481 0.009114583333333334 0.016666666666666666
1 0.5709635416666666 0.8416666666666667 0.015885416666666666 0.025
1 0.6921875 0.7777777777777778 0.009895833333333333 0.025925925925925925
1 0.699609375 0.8534722222222222 0.017447916666666667 0.020833333333333332
2 0.5828125 0.5020833333333333 0.07552083333333333 0.04490740740740741
3 0.5654947916666667 0.5203703703703704 0.06015625 0.027777777777777776
1 0.7 0.8296296296296296 0.008333333333333333 0.025