1 0.7725260416666667 0.6754629629629629 0.01015625 0.021296296296296296
1 0.6712239583333334 0.7509259259259259 0.012239583333333333 0.022222222222222223
1 0.6278645833333333 0.7699074074074074 0.030208333333333334 0.019444444444444445
1 0.64453125 0.8097222222222222 0.0203125 0.020370370370370372
1 0.5756510416666667 0.8951388888888889 0.01640625 0.016203703703703703
1 0.5192708333333333 0.7951388888888888 0.009375 0.01712962962962963
1 0.6934895833333333 0.7863425925925925 0.009895833333333333 0.02638888888888889
1 0.6963541666666667 0.8671296296296296 0.0265625 0.022222222222222223
2 0.5821614583333333 0.5087962962962963 0.07682291666666667 0.04537037037037037
3 0.5645833333333333 0.5254629629629629 0.0609375 0.027777777777777776
1 0.7020833333333333 0.8444444444444444 0.0109375 0.023148148148148147
1 0.5731770833333333 0.8578703703703704 0.019270833333333334 0.03148148148148148