1 0.7315104166666667 0.6092592592592593 0.011979166666666667 0.016666666666666666
1 0.6354166666666666 0.6775462962962963 0.013541666666666667 0.020833333333333332
1 0.6014322916666667 0.6983796296296296 0.01171875 0.016203703703703703
1 0.6126302083333334 0.73125 0.01796875 0.01898148148148148
1 0.5415364583333333 0.8020833333333334 0.020052083333333335 0.015277777777777777
1 0.5005208333333333 0.7196759259259259 0.008854166666666666 0.016203703703703703
1 0.540234375 0.7694444444444445 0.018489583333333334 0.022222222222222223
1 0.6572916666666667 0.711574074074074 0.005729166666666666 0.017592592592592594
1 0.6615885416666667 0.781712962962963 0.017447916666666667 0.020833333333333332
1 0.6606770833333333 0.7555555555555555 0.007291666666666667 0.018518518518518517
2 0.5627604166666667 0.4708333333333333 0.07239583333333334 0.04537037037037037
3 0.5444010416666667 0.4877314814814815 0.05703125 0.02638888888888889