1 0.6932291666666667 0.37800925925925927 0.011979166666666667 0.013425925925925926
1 0.58828125 0.44351851851851853 0.007291666666666667 0.014814814814814815
1 0.566796875 0.46944444444444444 0.018489583333333334 0.01574074074074074
1 0.5765625 0.48564814814814816 0.009895833333333333 0.01574074074074074
1 0.4903645833333333 0.5449074074074074 0.019791666666666666 0.012962962962962963
1 0.47421875 0.48217592592592595 0.007291666666666667 0.015277777777777777
1 0.5002604166666667 0.5138888888888888 0.0109375 0.020370370370370372
1 0.6171875 0.5175925925925926 0.023958333333333335 0.01574074074074074
2 0.5287760416666667 0.28032407407407406 0.06744791666666666 0.0375
3 0.5102864583333333 0.29421296296296295 0.05130208333333333 0.022685185185185187
1 0.6108072916666667 0.47453703703703703 0.01015625 0.018518518518518517
1 0.6157552083333333 0.4981481481481482 0.01015625 0.017592592592592594