1 0.6821614583333333 0.5238425925925926 0.009635416666666667 0.015277777777777777
1 0.5875 0.5780092592592593 0.0046875 0.014351851851851852
1 0.5626302083333333 0.6006944444444444 0.011197916666666667 0.014351851851851852
1 0.5720052083333333 0.6194444444444445 0.01171875 0.01574074074074074
1 0.49609375 0.6717592592592593 0.021354166666666667 0.016666666666666666
1 0.475390625 0.6111111111111112 0.007552083333333333 0.013888888888888888
1 0.5020833333333333 0.6462962962962963 0.0109375 0.019444444444444445
1 0.6067708333333334 0.6087962962962963 0.0067708333333333336 0.014814814814814815
1 0.6109375 0.6548611111111111 0.016145833333333335 0.01712962962962963
1 0.6098958333333333 0.6358796296296296 0.00625 0.014351851851851852
2 0.5356770833333333 0.4081018518518518 0.06614583333333333 0.04027777777777778
3 0.5182291666666666 0.42615740740740743 0.050520833333333334 0.020833333333333332