1 0.682421875 0.5099537037037037 0.011197916666666667 0.013425925925925926
1 0.5854166666666667 0.5694444444444444 0.009375 0.018518518518518517
1 0.5649739583333333 0.5912037037037037 0.01171875 0.013888888888888888
1 0.5721354166666667 0.6104166666666667 0.011458333333333333 0.015277777777777777
1 0.49973958333333335 0.6655092592592593 0.009375 0.01990740740740741
1 0.47682291666666665 0.6050925925925926 0.0078125 0.013888888888888888
1 0.501953125 0.6386574074074074 0.010677083333333334 0.01990740740740741
1 0.6067708333333334 0.5990740740740741 0.00625 0.014814814814814815
1 0.61171875 0.6460648148148148 0.0171875 0.018055555555555554
1 0.6106770833333334 0.6256944444444444 0.00625 0.014351851851851852
2 0.5345052083333334 0.4013888888888889 0.06640625 0.03425925925925926
3 0.5173177083333333 0.4152777777777778 0.05130208333333333 0.019444444444444445