1 0.69375 0.51875 0.0078125 0.014351851851851852
1 0.5756510416666667 0.5664351851851852 0.011197916666666667 0.014351851851851852
1 0.46510416666666665 0.6506944444444445 0.0109375 0.014351851851851852
1 0.466796875 0.5976851851851852 0.00859375 0.016666666666666666
1 0.484375 0.6247685185185186 0.0125 0.01712962962962963
1 0.6147135416666667 0.6331018518518519 0.01328125 0.01990740740740741
1 0.566796875 0.6094907407407407 0.012760416666666666 0.01712962962962963
1 0.544140625 0.4997685185185185 0.005989583333333334 0.010648148148148148
1 0.6041666666666666 0.6171296296296296 0.008333333333333333 0.016666666666666666
2 0.5173177083333333 0.4393518518518518 0.06901041666666667 0.040740740740740744
3 0.49908854166666666 0.4532407407407407 0.05130208333333333 0.021296296296296296
1 0.6006510416666667 0.5997685185185185 0.012239583333333333 0.014351851851851852
1 0.5587239583333333 0.5949074074074074 0.016927083333333332 0.012962962962962963