1 0.6903645833333333 0.6518518518518519 0.010416666666666666 0.014814814814814815
1 0.5798177083333333 0.7034722222222223 0.010677083333333334 0.014351851851851852
1 0.5596354166666667 0.7300925925925926 0.0171875 0.016666666666666666
1 0.479296875 0.7949074074074074 0.020572916666666666 0.014814814814814815
1 0.46966145833333334 0.73125 0.007552083333333333 0.015277777777777777
1 0.49140625 0.7625 0.015104166666666667 0.016666666666666666
1 0.603515625 0.7386574074074074 0.008072916666666667 0.01712962962962963
1 0.613671875 0.7780092592592592 0.020572916666666666 0.018055555555555554
1 0.5696614583333334 0.7444444444444445 0.01328125 0.017592592592592594
1 0.6083333333333333 0.7581018518518519 0.008333333333333333 0.018055555555555554
2 0.5217447916666667 0.5474537037037037 0.06692708333333333 0.03935185185185185
3 0.5045572916666666 0.5601851851851852 0.05078125 0.023148148148148147