2 0.50234375 0.4081018518518518 0.10729166666666666 0.06157407407407407
3 0.4713541666666667 0.42685185185185187 0.07864583333333333 0.03518518518518519
1 0.4225260416666667 0.7673611111111112 0.01640625 0.031018518518518518
1 0.4432291666666667 0.8523148148148149 0.0328125 0.05
1 0.6078125 0.7701388888888889 0.030729166666666665 0.031018518518518518
1 0.6140625 0.8171296296296297 0.024479166666666666 0.04259259259259259
1 0.846484375 0.5905092592592592 0.01328125 0.02824074074074074
1 0.6184895833333334 0.6543981481481481 0.023958333333333335 0.024537037037037038
1 0.6837239583333333 0.7870370370370371 0.029427083333333333 0.046296296296296294
1 0.698828125 0.8282407407407407 0.02109375 0.03611111111111111
1 0.721875 0.8719907407407408 0.0328125 0.04675925925925926
1 0.5727864583333333 0.5386574074074074 0.01953125 0.024537037037037038
1 0.38567708333333334 0.9474537037037037 0.03697916666666667 0.034722222222222224