1 0.748046875 0.5157407407407407 0.015364583333333333 0.017592592592592594
1 0.5934895833333333 0.5648148148148148 0.0125 0.018518518518518517
1 0.4373697916666667 0.6962962962962963 0.015364583333333333 0.021296296296296296
1 0.44869791666666664 0.6208333333333333 0.010416666666666666 0.017592592592592594
1 0.47122395833333336 0.6543981481481481 0.012760416666666666 0.01990740740740741
1 0.6493489583333333 0.6611111111111111 0.029427083333333333 0.021296296296296296
2 0.50625 0.40694444444444444 0.08489583333333334 0.049074074074074076
3 0.48268229166666665 0.4224537037037037 0.062239583333333334 0.02638888888888889
1 0.6322916666666667 0.6212962962962963 0.013541666666666667 0.022222222222222223
1 0.5833333333333334 0.6363425925925926 0.021354166666666667 0.024537037037037038
1 0.575390625 0.6159722222222223 0.019010416666666665 0.020833333333333332
1 0.6384114583333333 0.6412037037037037 0.010677083333333334 0.026851851851851852
1 0.551953125 0.49027777777777776 0.012239583333333333 0.019444444444444445