1 0.7763020833333333 0.663425925925926 0.016145833333333335 0.022222222222222223
1 0.6046875 0.7298611111111111 0.0140625 0.024537037037037038
1 0.4200520833333333 0.9131944444444444 0.018229166666666668 0.02638888888888889
1 0.43671875 0.8016203703703704 0.011979166666666667 0.02175925925925926
1 0.46184895833333334 0.8490740740740741 0.015364583333333333 0.024074074074074074
2 0.50546875 0.5326388888888889 0.09270833333333334 0.056018518518518516
3 0.47877604166666665 0.5504629629629629 0.06692708333333333 0.026851851851851852
1 0.5944010416666666 0.8296296296296296 0.023177083333333334 0.02962962962962963
1 0.583984375 0.8004629629629629 0.020572916666666666 0.023148148148148147
1 0.6526041666666667 0.8118055555555556 0.013541666666666667 0.027314814814814816
1 0.6774739583333333 0.8703703703703703 0.04140625 0.03333333333333333
1 0.5580729166666667 0.6328703703703704 0.009375 0.023148148148148147
1 0.6575520833333334 0.8363425925925926 0.0140625 0.027314814814814816