1 0.8359375 0.331712962962963 0.034895833333333334 0.03009259259259259
1 0.60625 0.3821759259259259 0.028125 0.022685185185185187
1 0.37721354166666665 0.6680555555555555 0.03411458333333333 0.03333333333333333
1 0.4153645833333333 0.5099537037037037 0.015625 0.02824074074074074
1 0.4356770833333333 0.5872685185185185 0.029166666666666667 0.0412037037037037
1 0.6014322916666667 0.5506944444444445 0.026822916666666665 0.0375
1 0.5950520833333334 0.5097222222222222 0.034895833333333334 0.028703703703703703
1 0.708203125 0.6025462962962963 0.03411458333333333 0.04490740740740741
1 0.6846354166666667 0.5608796296296297 0.0203125 0.03194444444444444
1 0.6623697916666667 0.5226851851851851 0.03619791666666667 0.03796296296296296
1 0.5640625 0.27708333333333335 0.019270833333333334 0.02175925925925926
2 0.49075520833333336 0.14074074074074075 0.10859375 0.06574074074074074
3 0.45950520833333336 0.16111111111111112 0.08098958333333334 0.03425925925925926