1 0.84375 0.4789351851851852 0.013541666666666667 0.020833333333333332
1 0.6208333333333333 0.5405092592592593 0.01875 0.02824074074074074
1 0.375 0.8335648148148148 0.052083333333333336 0.033796296296296297
1 0.41901041666666666 0.6620370370370371 0.015625 0.028703703703703703
1 0.43971354166666665 0.7435185185185185 0.04505208333333333 0.05462962962962963
1 0.7158854166666667 0.7615740740740741 0.0328125 0.049074074074074076
2 0.498828125 0.2988425925925926 0.10703125 0.06527777777777778
3 0.46731770833333336 0.32199074074074074 0.07838541666666667 0.03287037037037037
1 0.5993489583333333 0.6648148148148149 0.03567708333333333 0.03148148148148148
1 0.6080729166666666 0.7085648148148148 0.023958333333333335 0.03935185185185185
1 0.6828125 0.6784722222222223 0.01875 0.03194444444444444
1 0.6930989583333333 0.71875 0.020572916666666666 0.0375
1 0.5684895833333333 0.42777777777777776 0.021875 0.025