1 0.8334635416666667 0.32523148148148145 0.03619791666666667 0.027314814814814816
1 0.6100260416666666 0.3659722222222222 0.020572916666666666 0.02638888888888889
1 0.37161458333333336 0.6655092592592593 0.030208333333333334 0.03009259259259259
1 0.41315104166666666 0.5002314814814814 0.015364583333333333 0.02824074074074074
1 0.42734375 0.5840277777777778 0.034375 0.04490740740740741
1 0.5977864583333333 0.5432870370370371 0.026822916666666665 0.03935185185185185
1 0.59296875 0.5030092592592592 0.0296875 0.02638888888888889
1 0.70703125 0.6013888888888889 0.029166666666666667 0.04259259259259259
1 0.682421875 0.5518518518518518 0.020052083333333335 0.028703703703703703
1 0.6604166666666667 0.5141203703703704 0.035416666666666666 0.03657407407407407
1 0.5611979166666666 0.26990740740740743 0.01875 0.021296296296296296
2 0.48736979166666666 0.13194444444444445 0.10911458333333333 0.06759259259259259
3 0.45611979166666666 0.15162037037037038 0.07942708333333333 0.034722222222222224