1 0.369921875 0.1710648148148148 0.014322916666666666 0.024537037037037038
3 0.041276041666666666 0.9020833333333333 0.08255208333333333 0.19583333333333333
1 0.317578125 0.15810185185185185 0.01015625 0.022685185185185187
1 0.3919270833333333 0.13796296296296295 0.008854166666666666 0.020370370370370372
1 0.3497395833333333 0.13217592592592592 0.0140625 0.022685185185185187
1 0.32421875 0.10671296296296297 0.009895833333333333 0.01990740740740741
1 0.54609375 0.15810185185185185 0.011979166666666667 0.03009259259259259
1 0.497265625 0.2150462962962963 0.013802083333333333 0.02638888888888889
1 0.26263020833333334 0.3803240740740741 0.026822916666666665 0.02361111111111111
1 0.165625 0.45393518518518516 0.025520833333333333 0.033796296296296297
1 0.020703125 0.22337962962962962 0.023177083333333334 0.02824074074074074
1 0.5865885416666666 0.14166666666666666 0.013802083333333333 0.024074074074074074