1 0.23984375 0.39305555555555555 0.022395833333333334 0.027777777777777776
1 0.13502604166666668 0.4513888888888889 0.023177083333333334 0.030555555555555555
1 0.35065104166666666 0.1701388888888889 0.015364583333333333 0.02638888888888889
3 0.023046875 0.9002314814814815 0.04609375 0.19953703703703704
1 0.29921875 0.15486111111111112 0.0078125 0.02175925925925926
1 0.37408854166666666 0.13449074074074074 0.008072916666666667 0.018055555555555554
1 0.33307291666666666 0.12962962962962962 0.014583333333333334 0.025
1 0.30859375 0.10393518518518519 0.007291666666666667 0.01990740740740741
1 0.528515625 0.1553240740740741 0.012239583333333333 0.027314814814814816
1 0.4764322916666667 0.2175925925925926 0.014322916666666666 0.026851851851851852
1 0.009765625 0.22430555555555556 0.01953125 0.02361111111111111
1 0.5697916666666667 0.14097222222222222 0.008333333333333333 0.02175925925925926