1 0.4298177083333333 0.6997685185185185 0.009635416666666667 0.033796296296296297
1 0.49921875 0.44189814814814815 0.00625 0.02175925925925926
1 0.5936197916666667 0.562037037037037 0.009114583333333334 0.017592592592592594
1 0.6486979166666667 0.518287037037037 0.008333333333333333 0.016203703703703703
2 0.246875 0.8736111111111111 0.06197916666666667 0.20555555555555555
1 0.553125 0.42916666666666664 0.00625 0.014814814814814815
1 0.6817708333333333 0.5122685185185185 0.007291666666666667 0.015277777777777777
1 0.317578125 0.41944444444444445 0.016927083333333332 0.020370370370370372
1 0.528125 0.4222222222222222 0.013020833333333334 0.016666666666666666
1 0.5111979166666667 0.37453703703703706 0.013541666666666667 0.01574074074074074
1 0.52734375 0.4652777777777778 0.0125 0.01574074074074074
3 0.281640625 0.9268518518518518 0.046614583333333334 0.14629629629629629
1 0.366015625 0.662962962962963 0.011197916666666667 0.026851851851851852
5 0.12643229166666667 0.05324074074074074 0.02734375 0.06018518518518518