1 0.4122395833333333 0.5611111111111111 0.011458333333333333 0.023148148148148147
1 0.34075520833333334 0.5402777777777777 0.02265625 0.03333333333333333
1 0.509765625 0.22800925925925927 0.012239583333333333 0.014351851851851852
1 0.4940104166666667 0.3 0.009375 0.026851851851851852
1 0.6015625 0.43171296296296297 0.0109375 0.02175925925925926
1 0.6662760416666667 0.38055555555555554 0.009635416666666667 0.022222222222222223
2 0.19114583333333332 0.7856481481481481 0.07239583333333334 0.24074074074074073
1 0.52734375 0.2775462962962963 0.0140625 0.018055555555555554
1 0.5541666666666667 0.2912037037037037 0.007291666666666667 0.020370370370370372
1 0.7013020833333333 0.37453703703703706 0.008333333333333333 0.020370370370370372
1 0.28958333333333336 0.2863425925925926 0.01875 0.024537037037037038
1 0.525390625 0.32708333333333334 0.017447916666666667 0.020833333333333332
3 0.23138020833333334 0.861574074074074 0.05911458333333333 0.2111111111111111