1 0.41770833333333335 0.5879629629629629 0.009895833333333333 0.017592592592592594
1 0.35299479166666664 0.5638888888888889 0.012760416666666666 0.041666666666666664
1 0.4934895833333333 0.3449074074074074 0.0078125 0.023148148148148147
1 0.5940104166666667 0.4618055555555556 0.009895833333333333 0.018055555555555554
1 0.6518229166666667 0.42083333333333334 0.010416666666666666 0.017592592592592594
2 0.21640625 0.7837962962962963 0.065625 0.21851851851851853
1 0.550390625 0.33217592592592593 0.0049479166666666664 0.015277777777777777
1 0.687890625 0.41689814814814813 0.00703125 0.013425925925925926
1 0.303125 0.32060185185185186 0.016666666666666666 0.024537037037037038
1 0.5234375 0.3226851851851852 0.0125 0.018518518518518517
1 0.5061197916666667 0.275 0.015885416666666666 0.020370370370370372
1 0.5216145833333333 0.37037037037037035 0.015104166666666667 0.018518518518518517
3 0.25638020833333336 0.8553240740740741 0.048177083333333336 0.18935185185185185