1 0.41302083333333334 0.5377314814814815 0.010416666666666666 0.01990740740740741
1 0.3458333333333333 0.5131944444444444 0.016145833333333335 0.04212962962962963
1 0.49114583333333334 0.2969907407407407 0.008333333333333333 0.02361111111111111
1 0.5947916666666667 0.4150462962962963 0.008333333333333333 0.01898148148148148
1 0.6561197916666667 0.37083333333333335 0.009114583333333334 0.019444444444444445
2 0.20416666666666666 0.7402777777777778 0.06979166666666667 0.2222222222222222
1 0.5233072916666667 0.2722222222222222 0.01328125 0.013888888888888888
1 0.550390625 0.2828703703703704 0.00546875 0.01574074074074074
1 0.69140625 0.36666666666666664 0.00625 0.016666666666666666
1 0.29466145833333335 0.2722222222222222 0.013802083333333333 0.022222222222222223
1 0.5201822916666666 0.32083333333333336 0.013802083333333333 0.018518518518518517
1 0.5067708333333333 0.22337962962962962 0.0109375 0.01898148148148148
3 0.24440104166666668 0.8104166666666667 0.05182291666666667 0.1912037037037037