1 0.5045572916666666 0.45787037037037037 0.00546875 0.022222222222222223
1 0.530859375 0.47824074074074074 0.007552083333333333 0.014814814814814815
1 0.59375 0.5738425925925926 0.009375 0.016203703703703703
1 0.6440104166666667 0.5347222222222222 0.008333333333333333 0.018518518518518517
2 0.276953125 0.8738425925925926 0.05651041666666667 0.1875
1 0.5561197916666667 0.44166666666666665 0.0049479166666666664 0.014814814814814815
1 0.6763020833333333 0.5261574074074075 0.009895833333333333 0.014351851851851852
1 0.33372395833333335 0.42986111111111114 0.012239583333333333 0.016203703703703703
1 0.5151041666666667 0.38333333333333336 0.0109375 0.01574074074074074
1 0.5329427083333333 0.43425925925925923 0.012239583333333333 0.017592592592592594
3 0.30885416666666665 0.9275462962962963 0.043229166666666666 0.1449074074074074
1 0.383203125 0.6694444444444444 0.012239583333333333 0.025925925925925925
1 0.4376302083333333 0.705787037037037 0.01015625 0.016203703703703703
5 0.1421875 0.05694444444444444 0.025 0.058333333333333334