1 0.5040364583333333 0.4152777777777778 0.00546875 0.01574074074074074
1 0.5291666666666667 0.43796296296296294 0.008854166666666666 0.01574074074074074
1 0.5311197916666667 0.39305555555555555 0.01015625 0.01574074074074074
1 0.5884114583333333 0.5303240740740741 0.00859375 0.013425925925925926
1 0.6377604166666667 0.49212962962962964 0.008333333333333333 0.014814814814814815
2 0.3001302083333333 0.8122685185185186 0.05078125 0.1726851851851852
1 0.347265625 0.3837962962962963 0.01328125 0.017592592592592594
1 0.6666666666666666 0.48518518518518516 0.0067708333333333336 0.014814814814814815
1 0.5149739583333334 0.34282407407407406 0.010677083333333334 0.015277777777777777
1 0.395703125 0.61875 0.010677083333333334 0.020833333333333332
1 0.5553385416666666 0.40370370370370373 0.007552083333333333 0.01574074074074074
3 0.33046875 0.8692129629629629 0.03697916666666667 0.1476851851851852
1 0.444140625 0.6599537037037037 0.012239583333333333 0.020833333333333332
5 0.153125 0.01597222222222222 0.022916666666666665 0.03194444444444444