1 0.6540364583333333 0.4150462962962963 0.014322916666666666 0.022685185185185187
1 0.6348958333333333 0.46921296296296294 0.008333333333333333 0.015277777777777777
1 0.69765625 0.6131944444444445 0.009375 0.016203703703703703
1 0.7540364583333333 0.6099537037037037 0.009635416666666667 0.01712962962962963
2 0.38958333333333334 0.7203703703703703 0.05625 0.15925925925925927
1 0.4962239583333333 0.38055555555555554 0.008072916666666667 0.018518518518518517
1 0.7868489583333333 0.6201388888888889 0.00859375 0.01898148148148148
1 0.497265625 0.5974537037037037 0.011197916666666667 0.020833333333333332
1 0.5311197916666667 0.6671296296296296 0.009114583333333334 0.017592592592592594
1 0.6858072916666667 0.4840277777777778 0.010677083333333334 0.01712962962962963
1 0.65234375 0.5087962962962963 0.0140625 0.017592592592592594
1 0.6661458333333333 0.46944444444444444 0.009895833333333333 0.013888888888888888
3 0.403125 0.7900462962962963 0.0515625 0.1300925925925926