1 0.7083333333333334 0.4981481481481482 0.016145833333333335 0.020370370370370372
1 0.8622395833333333 0.7379629629629629 0.011979166666666667 0.016666666666666666
1 0.9110677083333333 0.6391203703703704 0.01328125 0.02361111111111111
1 0.9002604166666667 0.6085648148148148 0.011979166666666667 0.016203703703703703
2 0.5908854166666667 0.4613425925925926 0.08333333333333333 0.09583333333333334
1 0.805859375 0.35462962962962963 0.02265625 0.025
1 0.6950520833333333 0.58125 0.005729166666666666 0.018055555555555554
1 0.9208333333333333 0.5564814814814815 0.014583333333333334 0.01574074074074074
3 0.5779947916666667 0.5199074074074074 0.06901041666666667 0.04814814814814815
1 0.910546875 0.8043981481481481 0.015885416666666666 0.01990740740740741
1 0.9475260416666667 0.8993055555555556 0.012239583333333333 0.02824074074074074
1 0.8805989583333333 0.5715277777777777 0.01484375 0.01712962962962963
1 0.86953125 0.6122685185185185 0.009895833333333333 0.034722222222222224