1 0.698046875 0.4912037037037037 0.016927083333333332 0.020370370370370372
1 0.8684895833333334 0.5611111111111111 0.013541666666666667 0.017592592592592594
1 0.8579427083333333 0.6046296296296296 0.01328125 0.04351851851851852
1 0.8486979166666667 0.7219907407407408 0.011458333333333333 0.01712962962962963
1 0.8979166666666667 0.625 0.013541666666666667 0.022222222222222223
1 0.8880208333333334 0.5951388888888889 0.011979166666666667 0.016203703703703703
2 0.580078125 0.45393518518518516 0.08307291666666666 0.09490740740740741
1 0.7946614583333333 0.34629629629629627 0.024739583333333332 0.026851851851851852
1 0.6852864583333333 0.5729166666666666 0.005989583333333334 0.01712962962962963
1 0.9080729166666667 0.5458333333333333 0.013541666666666667 0.01574074074074074
3 0.5669270833333333 0.5118055555555555 0.06875 0.04675925925925926
1 0.8951822916666666 0.7900462962962963 0.015885416666666666 0.01990740740740741
1 0.9305989583333333 0.8858796296296296 0.01171875 0.024537037037037038