1 0.7020833333333333 0.5081018518518519 0.018229166666666668 0.02638888888888889
1 0.8595052083333333 0.674074074074074 0.011197916666666667 0.04722222222222222
1 0.827734375 0.7875 0.010677083333333334 0.017592592592592594
1 0.8993489583333333 0.7085648148148148 0.01328125 0.031018518518518518
1 0.8915364583333333 0.674074074074074 0.01015625 0.018518518518518517
2 0.5861979166666667 0.43171296296296297 0.08802083333333334 0.07731481481481481
1 0.83984375 0.38310185185185186 0.0265625 0.02361111111111111
1 0.6677083333333333 0.5891203703703703 0.022395833333333334 0.024537037037037038
1 0.9225260416666666 0.6300925925925925 0.016927083333333332 0.018518518518518517
3 0.5666666666666667 0.48171296296296295 0.07083333333333333 0.03564814814814815
1 0.8661458333333333 0.8840277777777777 0.021354166666666667 0.031018518518518518
1 0.887890625 0.9891203703703704 0.01640625 0.02175925925925926
1 0.8803385416666667 0.6365740740740741 0.018489583333333334 0.021296296296296296