1 0.8309895833333333 0.36018518518518516 0.0359375 0.025925925925925925
1 0.46171875 0.4 0.0140625 0.027777777777777776
5 0.13932291666666666 0.08148148148148149 0.0234375 0.05925925925925926
1 0.26979166666666665 0.1486111111111111 0.008333333333333333 0.013888888888888888
1 0.44140625 0.2824074074074074 0.0109375 0.020370370370370372
1 0.2830729166666667 0.1675925925925926 0.0078125 0.014814814814814815
1 0.24895833333333334 0.2023148148148148 0.008333333333333333 0.013888888888888888
1 0.1765625 0.29074074074074074 0.010416666666666666 0.016666666666666666
1 0.21145833333333333 0.19675925925925927 0.008333333333333333 0.01574074074074074
1 0.2265625 0.15324074074074073 0.007291666666666667 0.013888888888888888
1 0.2828125 0.1925925925925926 0.009375 0.016666666666666666