1 0.82890625 0.3597222222222222 0.0359375 0.026851851851851852
1 0.4588541666666667 0.3972222222222222 0.013541666666666667 0.027777777777777776
5 0.13828125 0.08472222222222223 0.0234375 0.06018518518518518
1 0.2713541666666667 0.14953703703703702 0.009375 0.01574074074074074
1 0.43984375 0.27824074074074073 0.009895833333333333 0.019444444444444445
1 0.284375 0.1685185185185185 0.009375 0.016666666666666666
1 0.2484375 0.20555555555555555 0.008333333333333333 0.012962962962962963
1 0.17942708333333332 0.2884259259259259 0.009895833333333333 0.01574074074074074
1 0.21328125 0.19907407407407407 0.0067708333333333336 0.012962962962962963
1 0.22890625 0.15555555555555556 0.0067708333333333336 0.012962962962962963
1 0.2830729166666667 0.19537037037037036 0.008854166666666666 0.016666666666666666