1 0.8244791666666667 0.34305555555555556 0.040625 0.028703703703703703
1 0.45 0.38842592592592595 0.020833333333333332 0.032407407407407406
5 0.14036458333333332 0.09305555555555556 0.0234375 0.058333333333333334
1 0.27447916666666666 0.15046296296296297 0.008333333333333333 0.01574074074074074
1 0.43385416666666665 0.2662037037037037 0.009375 0.017592592592592594
1 0.28619791666666666 0.16574074074074074 0.005729166666666666 0.012962962962962963
1 0.25104166666666666 0.20601851851851852 0.00625 0.012037037037037037
1 0.18776041666666668 0.28194444444444444 0.011979166666666667 0.013888888888888888
1 0.21770833333333334 0.19583333333333333 0.008333333333333333 0.013888888888888888
1 0.23333333333333334 0.16018518518518518 0.007291666666666667 0.012962962962962963
1 0.28359375 0.19027777777777777 0.0067708333333333336 0.013888888888888888