1 0.8265625 0.3523148148148148 0.0375 0.026851851851851852
1 0.453125 0.39675925925925926 0.017708333333333333 0.03425925925925926
5 0.13802083333333334 0.08842592592592592 0.023958333333333335 0.062037037037037036
1 0.2721354166666667 0.15416666666666667 0.008854166666666666 0.01574074074074074
1 0.43645833333333334 0.2726851851851852 0.009375 0.01574074074074074
1 0.28489583333333335 0.1736111111111111 0.00625 0.013888888888888888
1 0.24791666666666667 0.20694444444444443 0.007291666666666667 0.012037037037037037
1 0.18307291666666667 0.28425925925925927 0.011979166666666667 0.016666666666666666
1 0.21614583333333334 0.2 0.007291666666666667 0.012962962962962963
1 0.23098958333333333 0.16111111111111112 0.0078125 0.012962962962962963
1 0.28203125 0.19537037037037036 0.0067708333333333336 0.014814814814814815