1 0.81953125 0.33194444444444443 0.030729166666666665 0.025
1 0.4322916666666667 0.36203703703703705 0.013541666666666667 0.025925925925925925
5 0.14088541666666668 0.07916666666666666 0.024479166666666666 0.06018518518518518
1 0.278125 0.14305555555555555 0.009375 0.01574074074074074
1 0.40859375 0.2518518518518518 0.009895833333333333 0.018518518518518517
1 0.29661458333333335 0.14953703703703702 0.005729166666666666 0.013888888888888888
1 0.25416666666666665 0.20787037037037037 0.00625 0.012037037037037037
1 0.18880208333333334 0.2726851851851852 0.009895833333333333 0.012037037037037037
1 0.21328125 0.19212962962962962 0.008854166666666666 0.013888888888888888
1 0.2421875 0.16342592592592592 0.007291666666666667 0.013888888888888888
1 0.2828125 0.19212962962962962 0.008333333333333333 0.01574074074074074