1 0.81640625 0.3314814814814815 0.030729166666666665 0.024074074074074074
1 0.43203125 0.35694444444444445 0.011979166666666667 0.026851851851851852
5 0.14140625 0.07962962962962963 0.024479166666666666 0.05925925925925926
1 0.2786458333333333 0.1449074074074074 0.009375 0.017592592592592594
1 0.40677083333333336 0.24861111111111112 0.009375 0.01574074074074074
1 0.29791666666666666 0.15046296296296297 0.00625 0.01574074074074074
1 0.2552083333333333 0.20925925925925926 0.00625 0.012962962962962963
1 0.19036458333333334 0.275 0.009895833333333333 0.012962962962962963
1 0.21484375 0.19490740740740742 0.009895833333333333 0.013888888888888888
1 0.24401041666666667 0.16527777777777777 0.0067708333333333336 0.013888888888888888
1 0.28359375 0.19166666666666668 0.0078125 0.016666666666666666