1 0.8247395833333333 0.35138888888888886 0.030729166666666665 0.023148148148148147
1 0.4354166666666667 0.3773148148148148 0.015625 0.028703703703703703
5 0.14322916666666666 0.08287037037037037 0.023958333333333335 0.06018518518518518
1 0.2765625 0.1398148148148148 0.008333333333333333 0.014814814814814815
1 0.41041666666666665 0.25092592592592594 0.008333333333333333 0.014814814814814815
1 0.29244791666666664 0.15 0.005729166666666666 0.012962962962962963
1 0.2526041666666667 0.20185185185185187 0.008333333333333333 0.012962962962962963
1 0.19296875 0.26342592592592595 0.009895833333333333 0.012037037037037037
1 0.21458333333333332 0.1875 0.010416666666666666 0.013888888888888888
1 0.23932291666666666 0.15694444444444444 0.0067708333333333336 0.012037037037037037
1 0.28229166666666666 0.1837962962962963 0.007291666666666667 0.01574074074074074