1 0.8236979166666667 0.3439814814814815 0.03177083333333333 0.025
1 0.43385416666666665 0.37592592592592594 0.014583333333333334 0.03518518518518519
5 0.14244791666666667 0.08148148148148149 0.0234375 0.05925925925925926
1 0.27708333333333335 0.14027777777777778 0.009375 0.01574074074074074
1 0.40989583333333335 0.2513888888888889 0.010416666666666666 0.017592592592592594
1 0.29401041666666666 0.15046296296296297 0.0067708333333333336 0.01574074074074074
1 0.25234375 0.20277777777777778 0.0067708333333333336 0.012962962962962963
1 0.19114583333333332 0.26342592592592595 0.010416666666666666 0.013888888888888888
1 0.2140625 0.18888888888888888 0.009375 0.012962962962962963
1 0.240625 0.1587962962962963 0.00625 0.012037037037037037
1 0.28229166666666666 0.18333333333333332 0.007291666666666667 0.014814814814814815