1 0.8229166666666666 0.35462962962962963 0.029166666666666667 0.024074074074074074
1 0.43463541666666666 0.37777777777777777 0.0171875 0.02962962962962963
5 0.14270833333333333 0.08333333333333333 0.023958333333333335 0.06111111111111111
1 0.27734375 0.14074074074074075 0.008854166666666666 0.014814814814814815
1 0.41041666666666665 0.2513888888888889 0.010416666666666666 0.017592592592592594
1 0.29296875 0.15185185185185185 0.0067708333333333336 0.014814814814814815
1 0.2520833333333333 0.2 0.008333333333333333 0.012962962962962963
1 0.1921875 0.26435185185185184 0.010416666666666666 0.012037037037037037
1 0.21536458333333333 0.18703703703703703 0.009895833333333333 0.012962962962962963
1 0.23854166666666668 0.15648148148148147 0.00625 0.011111111111111112
1 0.2830729166666667 0.18333333333333332 0.0067708333333333336 0.014814814814814815