1 0.8216145833333334 0.35694444444444445 0.028645833333333332 0.023148148148148147
1 0.43802083333333336 0.37777777777777777 0.017708333333333333 0.02962962962962963
5 0.14322916666666666 0.08611111111111111 0.023958333333333335 0.05925925925925926
1 0.27786458333333336 0.14305555555555555 0.008854166666666666 0.01574074074074074
1 0.41380208333333335 0.2490740740740741 0.0109375 0.018518518518518517
1 0.29192708333333334 0.15555555555555556 0.0078125 0.016666666666666666
1 0.253125 0.2013888888888889 0.007291666666666667 0.012037037037037037
1 0.19140625 0.2657407407407407 0.013020833333333334 0.014814814814814815
1 0.215625 0.18888888888888888 0.009375 0.012962962962962963
1 0.23802083333333332 0.1574074074074074 0.00625 0.011111111111111112
1 0.2838541666666667 0.1837962962962963 0.007291666666666667 0.01574074074074074