1 0.81328125 0.3337962962962963 0.028645833333333332 0.023148148148148147
1 0.4309895833333333 0.3523148148148148 0.011979166666666667 0.026851851851851852
5 0.14140625 0.08101851851851852 0.024479166666666666 0.06018518518518518
1 0.2796875 0.14583333333333334 0.009375 0.01574074074074074
1 0.40677083333333336 0.24074074074074073 0.008333333333333333 0.012962962962962963
1 0.30052083333333335 0.1486111111111111 0.007291666666666667 0.01574074074074074
1 0.25677083333333334 0.2101851851851852 0.00625 0.012962962962962963
1 0.18958333333333333 0.27546296296296297 0.009375 0.012037037037037037
1 0.2171875 0.19675925925925927 0.009375 0.013888888888888888
1 0.24713541666666666 0.16620370370370371 0.0067708333333333336 0.013888888888888888
1 0.2859375 0.1925925925925926 0.008333333333333333 0.016666666666666666