1 0.7971354166666667 0.3351851851851852 0.0265625 0.022222222222222223
1 0.42109375 0.33425925925925926 0.0109375 0.020370370370370372
5 0.14713541666666666 0.08796296296296297 0.024479166666666666 0.05925925925925926
1 0.2994791666666667 0.15324074074074073 0.009375 0.01574074074074074
1 0.35703125 0.21296296296296297 0.0078125 0.016666666666666666
1 0.28125 0.12731481481481483 0.013541666666666667 0.017592592592592594
1 0.25703125 0.2449074074074074 0.0078125 0.013888888888888888
1 0.18697916666666667 0.2884259259259259 0.009375 0.017592592592592594
1 0.24427083333333333 0.21574074074074073 0.01875 0.014814814814814815
1 0.27421875 0.16944444444444445 0.009895833333333333 0.014814814814814815
1 0.31015625 0.21481481481481482 0.008854166666666666 0.022222222222222223