1 0.7966145833333333 0.32685185185185184 0.0265625 0.024074074074074074
1 0.41875 0.3333333333333333 0.011458333333333333 0.018518518518518517
5 0.146875 0.08796296296296297 0.023958333333333335 0.05925925925925926
1 0.2994791666666667 0.1550925925925926 0.009375 0.01574074074074074
1 0.3536458333333333 0.21296296296296297 0.008333333333333333 0.014814814814814815
1 0.2828125 0.12685185185185185 0.008333333333333333 0.016666666666666666
1 0.2559895833333333 0.24444444444444444 0.008854166666666666 0.014814814814814815
1 0.18385416666666668 0.28564814814814815 0.008333333333333333 0.013888888888888888
1 0.24322916666666666 0.2152777777777778 0.017708333333333333 0.013888888888888888
1 0.2734375 0.16712962962962963 0.008333333333333333 0.01574074074074074
1 0.30963541666666666 0.21574074074074073 0.011979166666666667 0.018518518518518517