1 0.7848958333333333 0.3199074074074074 0.026041666666666668 0.023148148148148147
1 0.4231770833333333 0.325 0.025520833333333333 0.025925925925925925
5 0.14244791666666667 0.08148148148148149 0.024479166666666666 0.06296296296296296
1 0.3046875 0.14629629629629629 0.008333333333333333 0.014814814814814815
1 0.34479166666666666 0.1986111111111111 0.007291666666666667 0.017592592592592594
1 0.28151041666666665 0.1175925925925926 0.005729166666666666 0.012962962962962963
1 0.2421875 0.2449074074074074 0.007291666666666667 0.010185185185185186
1 0.16302083333333334 0.28888888888888886 0.010416666666666666 0.012962962962962963
1 0.24895833333333334 0.2074074074074074 0.007291666666666667 0.012962962962962963
1 0.29244791666666664 0.1439814814814815 0.005729166666666666 0.01574074074074074
1 0.3294270833333333 0.21898148148148147 0.008854166666666666 0.01574074074074074