1 0.7854166666666667 0.3175925925925926 0.025 0.022222222222222223
1 0.41692708333333334 0.32083333333333336 0.011979166666666667 0.021296296296296296
5 0.14114583333333333 0.08287037037037037 0.023958333333333335 0.06018518518518518
1 0.3033854166666667 0.15185185185185185 0.008854166666666666 0.014814814814814815
1 0.34791666666666665 0.19814814814814816 0.007291666666666667 0.016666666666666666
1 0.2796875 0.12268518518518519 0.010416666666666666 0.017592592592592594
1 0.24765625 0.24583333333333332 0.0078125 0.012037037037037037
1 0.17109375 0.2824074074074074 0.011979166666666667 0.014814814814814815
1 0.24453125 0.2101851851851852 0.0067708333333333336 0.012962962962962963
1 0.2859375 0.15092592592592594 0.00625 0.016666666666666666
1 0.32838541666666665 0.2152777777777778 0.008854166666666666 0.01574074074074074