1 0.7859375 0.31574074074074077 0.026041666666666668 0.022222222222222223
1 0.41692708333333334 0.32037037037037036 0.011979166666666667 0.020370370370370372
5 0.14140625 0.08287037037037037 0.024479166666666666 0.06018518518518518
1 0.30130208333333336 0.15324074074074073 0.0078125 0.013888888888888888
1 0.34921875 0.2023148148148148 0.0078125 0.017592592592592594
1 0.27734375 0.12361111111111112 0.008854166666666666 0.01574074074074074
1 0.2515625 0.24722222222222223 0.007291666666666667 0.012962962962962963
1 0.17213541666666668 0.2810185185185185 0.008854166666666666 0.01574074074074074
1 0.24505208333333334 0.21157407407407408 0.013020833333333334 0.013888888888888888
1 0.28151041666666665 0.1537037037037037 0.0067708333333333336 0.016666666666666666
1 0.3255208333333333 0.21851851851851853 0.008333333333333333 0.014814814814814815