1 0.76953125 0.31527777777777777 0.0328125 0.028703703703703703
1 0.39557291666666666 0.33611111111111114 0.018229166666666668 0.025925925925925925
5 0.14166666666666666 0.08981481481481482 0.025 0.05925925925925926
1 0.30963541666666666 0.1587962962962963 0.008854166666666666 0.01574074074074074
1 0.33229166666666665 0.20092592592592592 0.007291666666666667 0.016666666666666666
1 0.28151041666666665 0.1 0.0067708333333333336 0.014814814814814815
1 0.23046875 0.24675925925925926 0.0078125 0.012037037037037037
1 0.13359375 0.3074074074074074 0.009895833333333333 0.018518518518518517
1 0.2598958333333333 0.22314814814814815 0.007291666666666667 0.016666666666666666
1 0.2947916666666667 0.12638888888888888 0.007291666666666667 0.012037037037037037
1 0.34036458333333336 0.23935185185185184 0.008854166666666666 0.017592592592592594