1 0.7755208333333333 0.32222222222222224 0.03333333333333333 0.03148148148148148
1 0.403125 0.33194444444444443 0.015625 0.021296296296296296
5 0.14140625 0.09907407407407408 0.024479166666666666 0.06111111111111111
1 0.30885416666666665 0.17037037037037037 0.010416666666666666 0.016666666666666666
1 0.33645833333333336 0.21203703703703702 0.007291666666666667 0.016666666666666666
1 0.2794270833333333 0.11574074074074074 0.0067708333333333336 0.011111111111111112
1 0.22734375 0.25833333333333336 0.0078125 0.009259259259259259
1 0.1359375 0.30833333333333335 0.009375 0.018518518518518517
1 0.25703125 0.23287037037037037 0.0067708333333333336 0.01574074074074074
1 0.29609375 0.1476851851851852 0.0078125 0.013888888888888888
1 0.33828125 0.24259259259259258 0.0078125 0.014814814814814815