1 0.75078125 0.29305555555555557 0.027604166666666666 0.026851851851851852
1 0.36640625 0.3296296296296296 0.0171875 0.027777777777777776
5 0.13984375 0.0875 0.024479166666666666 0.06018518518518518
1 0.3138020833333333 0.16064814814814815 0.008854166666666666 0.01574074074074074
1 0.32421875 0.20324074074074075 0.0067708333333333336 0.01574074074074074
1 0.28489583333333335 0.09583333333333334 0.007291666666666667 0.012037037037037037
1 0.22421875 0.24583333333333332 0.013020833333333334 0.019444444444444445
1 0.11484375 0.3037037037037037 0.011979166666666667 0.018518518518518517
1 0.26536458333333335 0.23564814814814813 0.0067708333333333336 0.01574074074074074
1 0.2916666666666667 0.11527777777777778 0.008333333333333333 0.013888888888888888
1 0.3411458333333333 0.24583333333333332 0.010416666666666666 0.01574074074074074
3 0.809375 0.09212962962962963 0.06354166666666666 0.049074074074074076