1 0.7627604166666667 0.29953703703703705 0.027604166666666666 0.026851851851851852
1 0.3809895833333333 0.3337962962962963 0.022395833333333334 0.026851851851851852
5 0.13854166666666667 0.08935185185185185 0.025 0.06018518518518518
1 0.3109375 0.16527777777777777 0.008333333333333333 0.01574074074074074
1 0.32838541666666665 0.20185185185185187 0.0067708333333333336 0.016666666666666666
1 0.28463541666666664 0.10046296296296296 0.0078125 0.012037037037037037
1 0.225 0.2439814814814815 0.010416666666666666 0.01574074074074074
1 0.12447916666666667 0.29907407407407405 0.014583333333333334 0.018518518518518517
1 0.26197916666666665 0.22962962962962963 0.007291666666666667 0.016666666666666666
1 0.2921875 0.12824074074074074 0.008333333333333333 0.012037037037037037
1 0.34375 0.24074074074074073 0.009375 0.018518518518518517