1 0.7473958333333334 0.2986111111111111 0.023958333333333335 0.028703703703703703
1 0.35260416666666666 0.32546296296296295 0.017708333333333333 0.028703703703703703
5 0.13697916666666668 0.08657407407407407 0.023958333333333335 0.06018518518518518
1 0.315625 0.15925925925925927 0.008333333333333333 0.014814814814814815
1 0.3184895833333333 0.19722222222222222 0.005729166666666666 0.014814814814814815
1 0.28515625 0.10185185185185185 0.0067708333333333336 0.012962962962962963
1 0.21692708333333333 0.2337962962962963 0.008854166666666666 0.017592592592592594
1 0.10963541666666667 0.29259259259259257 0.0203125 0.020370370370370372
1 0.2640625 0.2310185185185185 0.007291666666666667 0.017592592592592594
1 0.2872395833333333 0.11805555555555555 0.008854166666666666 0.01574074074074074
1 0.3385416666666667 0.23842592592592593 0.010416666666666666 0.01574074074074074
3 0.5953125 0.06712962962962964 0.06145833333333333 0.041666666666666664