1 0.7494791666666667 0.29814814814814816 0.023958333333333335 0.025925925925925925
1 0.3533854166666667 0.3277777777777778 0.0203125 0.03148148148148148
5 0.13697916666666668 0.08472222222222223 0.023958333333333335 0.06018518518518518
1 0.315625 0.15648148148148147 0.008333333333333333 0.014814814814814815
1 0.3171875 0.19722222222222222 0.00625 0.016666666666666666
1 0.28567708333333336 0.10046296296296296 0.0067708333333333336 0.012037037037037037
1 0.21536458333333333 0.2337962962962963 0.008854166666666666 0.017592592592592594
1 0.10755208333333334 0.2935185185185185 0.0203125 0.020370370370370372
1 0.2638020833333333 0.23287037037037037 0.008854166666666666 0.019444444444444445
1 0.2872395833333333 0.11712962962962963 0.0078125 0.01574074074074074
1 0.33828125 0.24166666666666667 0.0109375 0.016666666666666666
3 0.5580729166666667 0.07175925925925926 0.06822916666666666 0.041666666666666664