1 0.7518229166666667 0.2875 0.022395833333333334 0.023148148148148147
1 0.34609375 0.324537037037037 0.008854166666666666 0.021296296296296296
5 0.13671875 0.0824074074074074 0.024479166666666666 0.05925925925925926
1 0.31666666666666665 0.1574074074074074 0.008333333333333333 0.014814814814814815
1 0.3151041666666667 0.20185185185185187 0.007291666666666667 0.016666666666666666
1 0.2859375 0.08888888888888889 0.008333333333333333 0.012962962962962963
1 0.21197916666666666 0.23842592592592593 0.011458333333333333 0.021296296296296296
1 0.10104166666666667 0.29398148148148145 0.00625 0.017592592592592594
1 0.26484375 0.23703703703703705 0.0078125 0.016666666666666666
1 0.28359375 0.1111111111111111 0.0078125 0.014814814814814815
1 0.33880208333333334 0.2462962962962963 0.0109375 0.016666666666666666
3 0.49244791666666665 0.10185185185185185 0.050520833333333334 0.03888888888888889