1 0.7356770833333334 0.2800925925925926 0.022395833333333334 0.017592592592592594
1 0.3419270833333333 0.3111111111111111 0.008854166666666666 0.020370370370370372
5 0.13385416666666666 0.08194444444444444 0.025 0.062037037037037036
1 0.32578125 0.16064814814814815 0.0078125 0.01574074074074074
1 0.3138020833333333 0.2013888888888889 0.0067708333333333336 0.01574074074074074
1 0.29583333333333334 0.09583333333333334 0.007291666666666667 0.012037037037037037
1 0.21380208333333334 0.2388888888888889 0.0067708333333333336 0.018518518518518517
1 0.10026041666666667 0.2916666666666667 0.009895833333333333 0.016666666666666666
1 0.26953125 0.23981481481481481 0.0067708333333333336 0.016666666666666666
1 0.28958333333333336 0.12129629629629629 0.008333333333333333 0.016666666666666666
1 0.34427083333333336 0.24305555555555555 0.008333333333333333 0.01574074074074074
3 0.4466145833333333 0.1648148148148148 0.03177083333333333 0.05740740740740741