1 0.74140625 0.275 0.013020833333333334 0.016666666666666666
1 0.34791666666666665 0.32083333333333336 0.009375 0.023148148148148147
5 0.13411458333333334 0.0763888888888889 0.024479166666666666 0.06018518518518518
1 0.3203125 0.16435185185185186 0.008333333333333333 0.01574074074074074
1 0.3151041666666667 0.2064814814814815 0.007291666666666667 0.016666666666666666
1 0.28828125 0.0962962962962963 0.008854166666666666 0.012962962962962963
1 0.21302083333333333 0.23796296296296296 0.007291666666666667 0.016666666666666666
1 0.0984375 0.29259259259259257 0.008333333333333333 0.014814814814814815
1 0.2669270833333333 0.2412037037037037 0.0078125 0.019444444444444445
1 0.28359375 0.12175925925925926 0.008854166666666666 0.017592592592592594
1 0.3416666666666667 0.24722222222222223 0.010416666666666666 0.016666666666666666
3 0.46380208333333334 0.13935185185185187 0.04114583333333333 0.04351851851851852