1 0.7338541666666667 0.2912037037037037 0.028125 0.017592592592592594
1 0.33645833333333336 0.30925925925925923 0.009375 0.020370370370370372
5 0.13828125 0.08009259259259259 0.024479166666666666 0.062037037037037036
1 0.3234375 0.15462962962962962 0.007291666666666667 0.012962962962962963
1 0.30859375 0.1935185185185185 0.008854166666666666 0.014814814814814815
1 0.3015625 0.08425925925925926 0.007291666666666667 0.012962962962962963
1 0.21276041666666667 0.23287037037037037 0.008854166666666666 0.017592592592592594
1 0.096875 0.2851851851851852 0.007291666666666667 0.014814814814814815
1 0.26588541666666665 0.23194444444444445 0.0078125 0.017592592592592594
1 0.28958333333333336 0.1175925925925926 0.007291666666666667 0.016666666666666666
1 0.34036458333333336 0.24027777777777778 0.0078125 0.017592592592592594
3 0.4401041666666667 0.21481481481481482 0.021875 0.05925925925925926