1 0.73203125 0.2851851851851852 0.027604166666666666 0.016666666666666666
1 0.3375 0.30694444444444446 0.009375 0.021296296296296296
5 0.13697916666666668 0.08287037037037037 0.023958333333333335 0.062037037037037036
1 0.32421875 0.1550925925925926 0.0078125 0.013888888888888888
1 0.30833333333333335 0.19305555555555556 0.007291666666666667 0.01574074074074074
1 0.30104166666666665 0.08425925925925926 0.008333333333333333 0.014814814814814815
1 0.2140625 0.23425925925925925 0.008333333333333333 0.020370370370370372
1 0.09739583333333333 0.28564814814814815 0.007291666666666667 0.013888888888888888
1 0.26666666666666666 0.2324074074074074 0.007291666666666667 0.016666666666666666
1 0.2903645833333333 0.11712962962962963 0.0078125 0.01574074074074074
1 0.33828125 0.23796296296296296 0.008854166666666666 0.016666666666666666
3 0.43984375 0.20416666666666666 0.021354166666666667 0.06018518518518518