1 0.73828125 0.2935185185185185 0.03697916666666667 0.020370370370370372
1 0.3377604166666667 0.31851851851851853 0.009895833333333333 0.020370370370370372
5 0.13671875 0.07777777777777778 0.024479166666666666 0.06111111111111111
1 0.3263020833333333 0.16203703703703703 0.0078125 0.012962962962962963
1 0.3098958333333333 0.20092592592592592 0.008333333333333333 0.012962962962962963
1 0.30390625 0.08009259259259259 0.016145833333333335 0.013888888888888888
1 0.20989583333333334 0.2412037037037037 0.010416666666666666 0.017592592592592594
1 0.09427083333333333 0.2865740740740741 0.009375 0.017592592592592594
1 0.26276041666666666 0.24166666666666667 0.0078125 0.016666666666666666
1 0.28880208333333335 0.11944444444444445 0.008854166666666666 0.016666666666666666
1 0.340625 0.25324074074074077 0.009375 0.017592592592592594
3 0.4421875 0.25324074074074077 0.023958333333333335 0.07685185185185185