1 0.7375 0.29259259259259257 0.03229166666666667 0.018518518518518517
1 0.3377604166666667 0.3175925925925926 0.009895833333333333 0.020370370370370372
5 0.13828125 0.08101851851851852 0.024479166666666666 0.06018518518518518
1 0.325 0.1587962962962963 0.008333333333333333 0.013888888888888888
1 0.30885416666666665 0.19907407407407407 0.010416666666666666 0.014814814814814815
1 0.3020833333333333 0.08009259259259259 0.007291666666666667 0.012037037037037037
1 0.20989583333333334 0.2375 0.011458333333333333 0.019444444444444445
1 0.09427083333333333 0.2847222222222222 0.009375 0.017592592592592594
1 0.2635416666666667 0.2388888888888889 0.00625 0.014814814814814815
1 0.28880208333333335 0.11527777777777778 0.0078125 0.013888888888888888
1 0.33984375 0.2490740740740741 0.008854166666666666 0.018518518518518517
3 0.44166666666666665 0.2337962962962963 0.021875 0.075