1 0.7268229166666667 0.3013888888888889 0.011979166666666667 0.013888888888888888
1 0.34322916666666664 0.31203703703703706 0.010416666666666666 0.016666666666666666
5 0.13828125 0.07777777777777778 0.024479166666666666 0.06111111111111111
1 0.33958333333333335 0.15833333333333333 0.007291666666666667 0.011111111111111112
1 0.3177083333333333 0.19675925925925927 0.007291666666666667 0.013888888888888888
1 0.3229166666666667 0.07037037037037037 0.008333333333333333 0.014814814814814815
1 0.20885416666666667 0.24351851851851852 0.009375 0.016666666666666666
1 0.09322916666666667 0.28379629629629627 0.008333333333333333 0.013888888888888888
1 0.2609375 0.2462962962962963 0.007291666666666667 0.018518518518518517
1 0.2955729166666667 0.125 0.0067708333333333336 0.014814814814814815
1 0.33984375 0.25555555555555554 0.008854166666666666 0.018518518518518517
1 0.45234375 0.19583333333333333 0.0067708333333333336 0.017592592592592594