1 0.7244791666666667 0.2949074074074074 0.029166666666666667 0.021296296296296296
1 0.34348958333333335 0.3111111111111111 0.009895833333333333 0.020370370370370372
5 0.13619791666666667 0.07916666666666666 0.024479166666666666 0.06018518518518518
1 0.3338541666666667 0.16574074074074074 0.007291666666666667 0.012962962962962963
1 0.31640625 0.20185185185185187 0.0078125 0.014814814814814815
1 0.3111979166666667 0.08333333333333333 0.027604166666666666 0.024074074074074074
1 0.21119791666666668 0.2462962962962963 0.009895833333333333 0.016666666666666666
1 0.09453125 0.2953703703703704 0.008854166666666666 0.016666666666666666
1 0.26458333333333334 0.24814814814814815 0.007291666666666667 0.016666666666666666
1 0.29401041666666666 0.13055555555555556 0.008854166666666666 0.016666666666666666
1 0.34479166666666666 0.25555555555555554 0.008333333333333333 0.018518518518518517
3 0.603125 0.48333333333333334 0.046875 0.08148148148148149
1 0.46015625 0.2 0.0078125 0.014814814814814815
1 0.4122395833333333 0.24259259259259258 0.005729166666666666 0.020370370370370372