1 0.33619791666666665 0.06805555555555555 0.009895833333333333 0.013888888888888888
1 0.3502604166666667 0.16712962962962963 0.0140625 0.017592592592592594
1 0.30442708333333335 0.14166666666666666 0.0067708333333333336 0.012962962962962963
5 0.14296875 0.08009259259259259 0.024479166666666666 0.062037037037037036
1 0.32526041666666666 0.20601851851851852 0.0109375 0.017592592592592594
1 0.42734375 0.19768518518518519 0.0067708333333333336 0.013888888888888888
1 0.7322916666666667 0.30925925925925923 0.008333333333333333 0.014814814814814815
1 0.10208333333333333 0.29259259259259257 0.008333333333333333 0.016666666666666666
1 0.21770833333333334 0.25787037037037036 0.00625 0.01574074074074074
1 0.25703125 0.26064814814814813 0.009895833333333333 0.019444444444444445
1 0.3497395833333333 0.2675925925925926 0.0067708333333333336 0.014814814814814815
1 0.3502604166666667 0.3236111111111111 0.0109375 0.021296296296296296