1 0.3263020833333333 0.07268518518518519 0.009895833333333333 0.013888888888888888
1 0.34401041666666665 0.16712962962962963 0.011979166666666667 0.019444444444444445
1 0.29661458333333335 0.13287037037037036 0.0067708333333333336 0.01574074074074074
5 0.13932291666666666 0.07685185185185185 0.025520833333333333 0.06111111111111111
1 0.3203125 0.20324074074074075 0.008333333333333333 0.017592592592592594
1 0.4473958333333333 0.19722222222222222 0.00625 0.014814814814814815
1 0.7268229166666667 0.3055555555555556 0.009895833333333333 0.012962962962962963
1 0.09765625 0.2912037037037037 0.015104166666666667 0.01574074074074074
1 0.21380208333333334 0.24675925925925926 0.0078125 0.017592592592592594
1 0.26145833333333335 0.24861111111111112 0.007291666666666667 0.01574074074074074
1 0.3416666666666667 0.25416666666666665 0.008333333333333333 0.01574074074074074
1 0.3458333333333333 0.3162037037037037 0.011458333333333333 0.021296296296296296