1 0.33619791666666665 0.075 0.009895833333333333 0.016666666666666666
1 0.35130208333333335 0.16944444444444445 0.016145833333333335 0.020370370370370372
1 0.3059895833333333 0.14305555555555555 0.0067708333333333336 0.013888888888888888
5 0.14270833333333333 0.07824074074074074 0.025 0.06018518518518518
1 0.3255208333333333 0.20416666666666666 0.010416666666666666 0.019444444444444445
1 0.42526041666666664 0.19490740740740742 0.0078125 0.012037037037037037
1 0.7299479166666667 0.3138888888888889 0.008854166666666666 0.014814814814814815
1 0.1046875 0.28935185185185186 0.008333333333333333 0.01574074074074074
1 0.21822916666666667 0.25555555555555554 0.008333333333333333 0.014814814814814815
1 0.2609375 0.2587962962962963 0.008333333333333333 0.017592592592592594
1 0.3536458333333333 0.2662037037037037 0.007291666666666667 0.013888888888888888
1 0.3776041666666667 0.30092592592592593 0.0125 0.014814814814814815
1 0.3536458333333333 0.324537037037037 0.010416666666666666 0.019444444444444445