1 0.3541666666666667 0.07037037037037037 0.009375 0.016666666666666666
1 0.36822916666666666 0.16712962962962963 0.014583333333333334 0.021296296296296296
1 0.33307291666666666 0.1439814814814815 0.008854166666666666 0.012037037037037037
5 0.15442708333333333 0.08472222222222223 0.024479166666666666 0.06018518518518518
1 0.34036458333333336 0.18518518518518517 0.011979166666666667 0.020370370370370372
1 0.42135416666666664 0.1814814814814815 0.009375 0.012962962962962963
1 0.7411458333333333 0.3143518518518518 0.007291666666666667 0.017592592592592594
1 0.12109375 0.2898148148148148 0.015104166666666667 0.02962962962962963
1 0.23046875 0.2675925925925926 0.008854166666666666 0.014814814814814815
1 0.28541666666666665 0.26481481481481484 0.007291666666666667 0.018518518518518517
1 0.371875 0.2675925925925926 0.00625 0.014814814814814815
1 0.38828125 0.30648148148148147 0.009895833333333333 0.016666666666666666
1 0.36875 0.33101851851851855 0.011458333333333333 0.021296296296296296