1 0.3385416666666667 0.07592592592592592 0.007291666666666667 0.016666666666666666
1 0.35520833333333335 0.16944444444444445 0.017708333333333333 0.022222222222222223
1 0.31328125 0.14675925925925926 0.0140625 0.013888888888888888
5 0.1421875 0.07546296296296297 0.025 0.06018518518518518
1 0.32864583333333336 0.19814814814814816 0.011458333333333333 0.018518518518518517
1 0.421875 0.18703703703703703 0.009375 0.016666666666666666
1 0.7325520833333333 0.3138888888888889 0.008854166666666666 0.014814814814814815
1 0.10442708333333334 0.2898148148148148 0.008854166666666666 0.016666666666666666
1 0.22005208333333334 0.262037037037037 0.009895833333333333 0.016666666666666666
1 0.265625 0.26296296296296295 0.008333333333333333 0.016666666666666666
1 0.35833333333333334 0.26435185185185184 0.010416666666666666 0.017592592592592594
1 0.37916666666666665 0.3 0.0125 0.014814814814814815
1 0.3572916666666667 0.3263888888888889 0.011458333333333333 0.021296296296296296