1 0.3484375 0.0712962962962963 0.009375 0.014814814814814815
1 0.36328125 0.16574074074074074 0.019270833333333334 0.024074074074074074
1 0.3265625 0.1425925925925926 0.009375 0.012962962962962963
5 0.14791666666666667 0.0824074074074074 0.025 0.06111111111111111
1 0.3341145833333333 0.18703703703703703 0.013020833333333334 0.020370370370370372
1 0.41640625 0.1824074074074074 0.0078125 0.014814814814814815
1 0.73515625 0.31342592592592594 0.0078125 0.017592592592592594
1 0.11276041666666667 0.2935185185185185 0.016145833333333335 0.03148148148148148
1 0.22526041666666666 0.26944444444444443 0.008854166666666666 0.016666666666666666
1 0.27786458333333336 0.26435185185185184 0.0078125 0.019444444444444445
1 0.36302083333333335 0.2671296296296296 0.00625 0.01574074074074074
1 0.3807291666666667 0.30462962962962964 0.010416666666666666 0.014814814814814815
1 0.3611979166666667 0.3277777777777778 0.011979166666666667 0.020370370370370372