1 0.34479166666666666 0.075 0.009375 0.016666666666666666
1 0.35833333333333334 0.16342592592592592 0.015625 0.021296296296296296
1 0.3216145833333333 0.14351851851851852 0.009895833333333333 0.012962962962962963
5 0.14505208333333333 0.08101851851851852 0.024479166666666666 0.06018518518518518
1 0.33203125 0.18981481481481483 0.0109375 0.020370370370370372
1 0.4158854166666667 0.18101851851851852 0.009895833333333333 0.013888888888888888
1 0.7317708333333334 0.3111111111111111 0.008333333333333333 0.014814814814814815
1 0.10963541666666667 0.28935185185185186 0.0109375 0.01574074074074074
1 0.22213541666666667 0.2675925925925926 0.009895833333333333 0.016666666666666666
1 0.27291666666666664 0.2662037037037037 0.009375 0.017592592592592594
1 0.35963541666666665 0.26805555555555555 0.005729166666666666 0.013888888888888888
1 0.37786458333333334 0.30416666666666664 0.009895833333333333 0.01574074074074074
1 0.3572916666666667 0.32685185185185184 0.011458333333333333 0.018518518518518517