1 0.45026041666666666 0.11851851851851852 0.0109375 0.018518518518518517
1 0.47994791666666664 0.225 0.0140625 0.027777777777777776
1 0.44505208333333335 0.20046296296296295 0.011979166666666667 0.013888888888888888
5 0.22994791666666667 0.11712962962962963 0.025520833333333333 0.06759259259259259
1 0.44427083333333334 0.22546296296296298 0.009375 0.01574074074074074
1 0.5317708333333333 0.23796296296296296 0.010416666666666666 0.014814814814814815
1 0.91484375 0.4162037037037037 0.0109375 0.019444444444444445
1 0.22265625 0.3578703703703704 0.0171875 0.030555555555555555
1 0.33567708333333335 0.3509259259259259 0.009895833333333333 0.016666666666666666
1 0.40390625 0.3416666666666667 0.008854166666666666 0.018518518518518517
1 0.49947916666666664 0.35324074074074074 0.007291666666666667 0.01574074074074074
1 0.51796875 0.4097222222222222 0.016145833333333335 0.023148148148148147
1 0.5080729166666667 0.4375 0.011979166666666667 0.023148148148148147