1 0.5549479166666667 0.24166666666666667 0.009895833333333333 0.016666666666666666
1 0.6197916666666666 0.38101851851851853 0.023958333333333335 0.03796296296296296
1 0.5731770833333333 0.3449074074074074 0.008854166666666666 0.021296296296296296
5 0.29635416666666664 0.2564814814814815 0.029166666666666667 0.07407407407407407
1 0.56640625 0.36342592592592593 0.011979166666666667 0.021296296296296296
1 0.678125 0.3875 0.009375 0.01574074074074074
1 0.3294270833333333 0.5694444444444444 0.0140625 0.03333333333333333
1 0.4734375 0.5717592592592593 0.009375 0.019444444444444445
1 0.5471354166666667 0.5296296296296297 0.009895833333333333 0.024074074074074074
1 0.6752604166666667 0.5523148148148148 0.022395833333333334 0.021296296296296296
1 0.7044270833333334 0.6351851851851852 0.0171875 0.024074074074074074
1 0.70390625 0.6648148148148149 0.0140625 0.024074074074074074