1 0.5583333333333333 0.24305555555555555 0.010416666666666666 0.01574074074074074
1 0.621875 0.38101851851851853 0.022916666666666665 0.03796296296296296
1 0.57578125 0.34444444444444444 0.008854166666666666 0.022222222222222223
5 0.29635416666666664 0.25833333333333336 0.029166666666666667 0.07407407407407407
1 0.5653645833333333 0.3592592592592593 0.011979166666666667 0.018518518518518517
1 0.6768229166666667 0.38425925925925924 0.0109375 0.018518518518518517
1 0.33203125 0.5675925925925925 0.011979166666666667 0.025925925925925925
1 0.47213541666666664 0.5712962962962963 0.008854166666666666 0.016666666666666666
1 0.5455729166666666 0.5189814814814815 0.009895833333333333 0.025
1 0.6739583333333333 0.5523148148148148 0.020833333333333332 0.023148148148148147
1 0.7049479166666667 0.6337962962962963 0.0203125 0.026851851851851852
1 0.7046875 0.6652777777777777 0.015625 0.026851851851851852