1 0.5580729166666667 0.24166666666666667 0.0109375 0.016666666666666666
1 0.6200520833333333 0.3773148148148148 0.0234375 0.03796296296296296
1 0.575 0.3421296296296296 0.010416666666666666 0.023148148148148147
5 0.29348958333333336 0.25787037037037036 0.0296875 0.075
1 0.56171875 0.35555555555555557 0.009895833333333333 0.016666666666666666
1 0.6760416666666667 0.3800925925925926 0.010416666666666666 0.017592592592592594
1 0.3255208333333333 0.5657407407407408 0.011458333333333333 0.025925925925925925
1 0.46510416666666665 0.5722222222222222 0.016666666666666666 0.020370370370370372
1 0.5411458333333333 0.5171296296296296 0.010416666666666666 0.025
1 0.6723958333333333 0.5513888888888889 0.01875 0.023148148148148147
1 0.7018229166666666 0.6342592592592593 0.0203125 0.024074074074074074
1 0.7036458333333333 0.6666666666666666 0.015625 0.025925925925925925