1 0.5682291666666667 0.25972222222222224 0.011458333333333333 0.013888888888888888
1 0.615625 0.37592592592592594 0.0125 0.018518518518518517
1 0.5575520833333333 0.35 0.0109375 0.022222222222222223
5 0.27057291666666666 0.26990740740740743 0.030729166666666665 0.075
1 0.5411458333333333 0.362962962962963 0.008333333333333333 0.020370370370370372
1 0.6635416666666667 0.36712962962962964 0.010416666666666666 0.017592592592592594
1 0.28020833333333334 0.5550925925925926 0.030208333333333334 0.03796296296296296
1 0.45234375 0.5990740740740741 0.008854166666666666 0.020370370370370372
1 0.5119791666666667 0.4962962962962963 0.009375 0.024074074074074074
1 0.6645833333333333 0.5486111111111112 0.011458333333333333 0.021296296296296296
1 0.6838541666666667 0.6675925925925926 0.021875 0.018518518518518517
1 0.68984375 0.6981481481481482 0.0140625 0.024074074074074074