1 0.5638020833333334 0.25555555555555554 0.013020833333333334 0.014814814814814815
1 0.6171875 0.3837962962962963 0.0125 0.017592592592592594
1 0.5614583333333333 0.3527777777777778 0.013541666666666667 0.022222222222222223
5 0.275 0.26157407407407407 0.030208333333333334 0.075
1 0.5442708333333334 0.37037037037037035 0.008333333333333333 0.020370370370370372
1 0.6671875 0.37962962962962965 0.011458333333333333 0.016666666666666666
1 0.29296875 0.5666666666666667 0.033854166666666664 0.046296296296296294
1 0.4588541666666667 0.5949074074074074 0.0125 0.019444444444444445
1 0.5190104166666667 0.5083333333333333 0.009895833333333333 0.024074074074074074
1 0.6703125 0.5537037037037037 0.009375 0.018518518518518517
1 0.69375 0.6620370370370371 0.020833333333333332 0.020370370370370372
1 0.69609375 0.6888888888888889 0.016145833333333335 0.025925925925925925