1 0.5526041666666667 0.2986111111111111 0.009375 0.01574074074074074
1 0.58515625 0.42314814814814816 0.0171875 0.018518518518518517
1 0.5270833333333333 0.39166666666666666 0.010416666666666666 0.020370370370370372
5 0.24322916666666666 0.2884259259259259 0.029166666666666667 0.07314814814814814
1 0.5010416666666667 0.3962962962962963 0.009375 0.022222222222222223
1 0.6291666666666667 0.40694444444444444 0.014583333333333334 0.019444444444444445
1 0.23020833333333332 0.5837962962962963 0.028125 0.030555555555555555
1 0.4205729166666667 0.6430555555555556 0.0109375 0.028703703703703703
1 0.46796875 0.5277777777777778 0.016145833333333335 0.037037037037037035
1 0.6247395833333333 0.6013888888888889 0.009895833333333333 0.019444444444444445
1 0.6356770833333333 0.7319444444444444 0.018229166666666668 0.028703703703703703
1 0.63671875 0.7722222222222223 0.013020833333333334 0.024074074074074074
2 0.9546875 0.07175925925925926 0.08854166666666667 0.06944444444444445