1 0.5541666666666667 0.300462962962963 0.010416666666666666 0.01574074074074074
1 0.5872395833333334 0.42453703703703705 0.019270833333333334 0.019444444444444445
1 0.5294270833333333 0.39675925925925926 0.009895833333333333 0.019444444444444445
5 0.24192708333333332 0.2898148148148148 0.0296875 0.07222222222222222
1 0.49947916666666664 0.39861111111111114 0.008333333333333333 0.025
1 0.62890625 0.4078703703703704 0.013020833333333334 0.017592592592592594
1 0.22760416666666666 0.5884259259259259 0.022916666666666665 0.026851851851851852
1 0.41822916666666665 0.6430555555555556 0.010416666666666666 0.021296296296296296
1 0.46822916666666664 0.5296296296296297 0.016666666666666666 0.03518518518518519
1 0.6247395833333333 0.600462962962963 0.009895833333333333 0.021296296296296296
1 0.6356770833333333 0.7305555555555555 0.018229166666666668 0.027777777777777776
1 0.6356770833333333 0.7736111111111111 0.013020833333333334 0.023148148148148147
2 0.95234375 0.0712962962962963 0.0953125 0.07037037037037037