1 0.5455729166666666 0.2550925925925926 0.009895833333333333 0.017592592592592594
1 0.5828125 0.38796296296296295 0.011458333333333333 0.018518518518518517
1 0.5239583333333333 0.35648148148148145 0.014583333333333334 0.022222222222222223
5 0.24088541666666666 0.26296296296296295 0.030729166666666665 0.07407407407407407
1 0.5041666666666667 0.3648148148148148 0.008333333333333333 0.020370370370370372
1 0.6278645833333333 0.37407407407407406 0.015104166666666667 0.018518518518518517
1 0.22890625 0.5578703703703703 0.019270833333333334 0.026851851851851852
1 0.41328125 0.6111111111111112 0.009895833333333333 0.020370370370370372
1 0.465625 0.5009259259259259 0.010416666666666666 0.018518518518518517
1 0.6239583333333333 0.5699074074074074 0.0125 0.021296296296296296
1 0.6395833333333333 0.6990740740740741 0.013541666666666667 0.025925925925925925
1 0.6388020833333333 0.7310185185185185 0.016145833333333335 0.026851851851851852