1 0.46484375 0.33240740740740743 0.009895833333333333 0.016666666666666666
1 0.4783854166666667 0.4638888888888889 0.013020833333333334 0.018518518518518517
1 0.42265625 0.44027777777777777 0.0140625 0.023148148148148147
5 0.12526041666666668 0.31157407407407406 0.03177083333333333 0.07314814814814814
1 0.36770833333333336 0.4009259259259259 0.014583333333333334 0.025925925925925925
1 0.5140625 0.43425925925925923 0.009375 0.018518518518518517
1 0.07682291666666667 0.6425925925925926 0.0171875 0.016666666666666666
1 0.27578125 0.7083333333333334 0.013020833333333334 0.022222222222222223
1 0.33359375 0.5671296296296297 0.011979166666666667 0.026851851851851852
1 0.4861979166666667 0.6601851851851852 0.0109375 0.027777777777777776
1 0.48020833333333335 0.8125 0.014583333333333334 0.032407407407407406
1 0.47421875 0.8648148148148148 0.013020833333333334 0.024074074074074074
2 0.8296875 0.08796296296296297 0.07395833333333333 0.07222222222222222
1 0.87265625 0.6976851851851852 0.0453125 0.030555555555555555