1 0.46588541666666666 0.31712962962962965 0.0109375 0.017592592592592594
1 0.4778645833333333 0.46064814814814814 0.013020833333333334 0.019444444444444445
1 0.4265625 0.43333333333333335 0.016666666666666666 0.025925925925925925
5 0.11588541666666667 0.3148148148148148 0.030729166666666665 0.07222222222222222
1 0.36875 0.36944444444444446 0.011458333333333333 0.014814814814814815
1 0.51328125 0.412962962962963 0.008854166666666666 0.018518518518518517
1 0.05807291666666667 0.6212962962962963 0.0203125 0.025925925925925925
1 0.27005208333333336 0.6921296296296297 0.0109375 0.023148148148148147
1 0.32083333333333336 0.5449074074074074 0.011458333333333333 0.030555555555555555
1 0.48411458333333335 0.6421296296296296 0.0109375 0.023148148148148147
1 0.465625 0.7986111111111112 0.013541666666666667 0.03425925925925926
1 0.4627604166666667 0.8564814814814815 0.018229166666666668 0.025925925925925925
2 0.8010416666666667 0.10555555555555556 0.05 0.09074074074074075
1 0.8359375 0.6828703703703703 0.04583333333333333 0.028703703703703703