1 0.44036458333333334 0.26342592592592595 0.0078125 0.013888888888888888
5 0.26328125 0.12453703703703704 0.0203125 0.05092592592592592
1 0.16223958333333333 0.5148148148148148 0.011979166666666667 0.020370370370370372
1 0.4322916666666667 0.24444444444444444 0.007291666666666667 0.016666666666666666
1 0.24505208333333334 0.27175925925925926 0.008854166666666666 0.01574074074074074
1 0.3138020833333333 0.3814814814814815 0.008854166666666666 0.016666666666666666
1 0.17682291666666666 0.36898148148148147 0.0067708333333333336 0.019444444444444445
1 0.36640625 0.4064814814814815 0.0109375 0.020370370370370372
1 0.4044270833333333 0.6583333333333333 0.011979166666666667 0.025925925925925925
1 0.4278645833333333 0.3537037037037037 0.009895833333333333 0.016666666666666666
2 0.8572916666666667 0.49537037037037035 0.12708333333333333 0.1425925925925926