5 0.26614583333333336 0.12361111111111112 0.020833333333333332 0.05092592592592592
2 0.86640625 0.49444444444444446 0.12760416666666666 0.13518518518518519
1 0.4317708333333333 0.2439814814814815 0.007291666666666667 0.01574074074074074
1 0.4388020833333333 0.26851851851851855 0.009895833333333333 0.018518518518518517
1 0.24479166666666666 0.27314814814814814 0.009375 0.014814814814814815
1 0.371875 0.4064814814814815 0.011458333333333333 0.022222222222222223
1 0.3138020833333333 0.37916666666666665 0.009895833333333333 0.017592592592592594
1 0.14557291666666666 0.2657407407407407 0.008854166666666666 0.012962962962962963
1 0.18463541666666666 0.3597222222222222 0.0067708333333333336 0.017592592592592594
1 0.16510416666666666 0.5120370370370371 0.0125 0.020370370370370372
1 0.40989583333333335 0.6583333333333333 0.011458333333333333 0.024074074074074074