5 0.4822916666666667 0.030555555555555555 0.020833333333333332 0.053703703703703705
1 0.6541666666666667 0.18287037037037038 0.011458333333333333 0.021296296296296296
1 0.65 0.2199074074074074 0.0125 0.021296296296296296
1 0.4513020833333333 0.15046296296296297 0.0078125 0.01574074074074074
1 0.6270833333333333 0.2847222222222222 0.011458333333333333 0.021296296296296296
1 0.5825520833333333 0.35555555555555557 0.011979166666666667 0.020370370370370372
1 0.5013020833333334 0.30324074074074076 0.008854166666666666 0.019444444444444445
1 0.353125 0.13425925925925927 0.013541666666666667 0.016666666666666666
1 0.42916666666666664 0.22962962962962963 0.008333333333333333 0.016666666666666666
1 0.3502604166666667 0.37824074074074077 0.013020833333333334 0.023148148148148147
1 0.5828125 0.6092592592592593 0.015625 0.03148148148148148