5 0.4705729166666667 0.0625 0.0234375 0.06388888888888888
1 0.6713541666666667 0.27037037037037037 0.011458333333333333 0.020370370370370372
1 0.6635416666666667 0.31527777777777777 0.011458333333333333 0.019444444444444445
1 0.4388020833333333 0.22453703703703703 0.0078125 0.01574074074074074
1 0.64375 0.3814814814814815 0.009375 0.022222222222222223
1 0.5955729166666667 0.4787037037037037 0.0140625 0.025925925925925925
1 0.49661458333333336 0.4064814814814815 0.0109375 0.018518518518518517
1 0.4244791666666667 0.4875 0.009375 0.019444444444444445
1 0.33046875 0.19305555555555556 0.008854166666666666 0.01574074074074074
1 0.43046875 0.31712962962962965 0.009895833333333333 0.019444444444444445
1 0.3260416666666667 0.5050925925925925 0.035416666666666666 0.03425925925925926
1 0.60625 0.8398148148148148 0.023958333333333335 0.05740740740740741