5 0.47578125 0.10925925925925926 0.024479166666666666 0.06481481481481481
1 0.7005208333333334 0.3574074074074074 0.013541666666666667 0.024074074074074074
1 0.6932291666666667 0.4152777777777778 0.0125 0.023148148148148147
1 0.44557291666666665 0.2972222222222222 0.009895833333333333 0.016666666666666666
1 0.675 0.49537037037037035 0.0125 0.025925925925925925
1 0.62578125 0.6273148148148148 0.0171875 0.030555555555555555
1 0.5072916666666667 0.5310185185185186 0.013541666666666667 0.023148148148148147
1 0.42552083333333335 0.6476851851851851 0.011458333333333333 0.021296296296296296
1 0.3265625 0.26851851851851855 0.011458333333333333 0.020370370370370372
1 0.44973958333333336 0.4134259259259259 0.0109375 0.023148148148148147
1 0.315625 0.6625 0.03125 0.041666666666666664