1 0.5846354166666666 0.3435185185185185 0.0109375 0.022222222222222223
1 0.4791666666666667 0.25972222222222224 0.014583333333333334 0.030555555555555555
5 0.65625 0.14629629629629629 0.026041666666666668 0.06481481481481481
1 0.8190104166666666 0.5337962962962963 0.011979166666666667 0.025
1 0.79609375 0.6064814814814815 0.015104166666666667 0.027777777777777776
1 0.34869791666666666 0.6675925925925926 0.013020833333333334 0.022222222222222223
1 0.33515625 0.6935185185185185 0.015104166666666667 0.024074074074074074
1 0.6692708333333334 0.6152777777777778 0.030208333333333334 0.026851851851851852
1 0.43307291666666664 0.7125 0.027604166666666666 0.05092592592592592
1 0.51875 0.6263888888888889 0.023958333333333335 0.03425925925925926
1 0.68984375 0.9199074074074074 0.025520833333333333 0.03611111111111111
1 0.7729166666666667 0.6606481481481481 0.01875 0.028703703703703703