1 0.5958333333333333 0.3212962962962963 0.009375 0.018518518518518517
1 0.49166666666666664 0.2361111111111111 0.013541666666666667 0.025925925925925925
5 0.6630208333333333 0.1287037037037037 0.025 0.06296296296296296
1 0.8208333333333333 0.49722222222222223 0.013541666666666667 0.024074074074074074
1 0.7989583333333333 0.5671296296296297 0.0125 0.025
1 0.3697916666666667 0.6189814814814815 0.013541666666666667 0.025
1 0.3578125 0.6472222222222223 0.013541666666666667 0.024074074074074074
1 0.6888020833333334 0.5819444444444445 0.027604166666666666 0.030555555555555555
1 0.4518229166666667 0.6652777777777777 0.0265625 0.05092592592592592
1 0.5317708333333333 0.586574074074074 0.021875 0.032407407407407406
1 0.7005208333333334 0.8597222222222223 0.021875 0.03796296296296296
1 0.7770833333333333 0.6208333333333333 0.013541666666666667 0.026851851851851852