1 0.5434895833333333 0.25416666666666665 0.009895833333333333 0.019444444444444445
1 0.45 0.18009259259259258 0.011458333333333333 0.023148148148148147
5 0.615625 0.08148148148148149 0.022916666666666665 0.05555555555555555
1 0.71328125 0.39675925925925926 0.0109375 0.019444444444444445
1 0.696875 0.44166666666666665 0.0125 0.024074074074074074
1 0.34088541666666666 0.46111111111111114 0.011979166666666667 0.022222222222222223
1 0.31953125 0.47824074074074074 0.011979166666666667 0.026851851851851852
1 0.6325520833333333 0.45787037037037037 0.013020833333333334 0.023148148148148147
1 0.39791666666666664 0.49675925925925923 0.015625 0.026851851851851852
1 0.4640625 0.4412037037037037 0.01875 0.030555555555555555
1 0.5973958333333333 0.663425925925926 0.017708333333333333 0.03425925925925926
1 0.6744791666666666 0.475 0.009375 0.018518518518518517
1 0.43463541666666666 0.9268518518518518 0.0578125 0.05925925925925926