1 0.57109375 0.2671296296296296 0.008854166666666666 0.017592592592592594
1 0.47291666666666665 0.1912037037037037 0.010416666666666666 0.021296296296296296
5 0.6401041666666667 0.08981481481481482 0.022916666666666665 0.05740740740740741
1 0.7546875 0.4203703703703704 0.011458333333333333 0.020370370370370372
1 0.7372395833333333 0.47175925925925927 0.013020833333333334 0.023148148148148147
1 0.3658854166666667 0.4912037037037037 0.011979166666666667 0.023148148148148147
1 0.346875 0.5092592592592593 0.011458333333333333 0.020370370370370372
1 0.6666666666666666 0.4935185185185185 0.016666666666666666 0.025925925925925925
1 0.43203125 0.5300925925925926 0.015104166666666667 0.026851851851851852
1 0.4979166666666667 0.475 0.017708333333333333 0.02962962962962963
1 0.64375 0.7050925925925926 0.01875 0.03611111111111111
1 0.7161458333333334 0.5087962962962963 0.011458333333333333 0.021296296296296296