1 0.5765625 0.6546296296296297 0.027083333333333334 0.022222222222222223
1 0.3619791666666667 0.8236111111111111 0.022916666666666665 0.04722222222222222
2 0.953125 0.8902777777777777 0.09375 0.21944444444444444
5 0.48854166666666665 0.20277777777777778 0.021875 0.053703703703703705
1 0.30859375 0.3023148148148148 0.0067708333333333336 0.01574074074074074
1 0.41796875 0.37083333333333335 0.009895833333333333 0.017592592592592594
1 0.15026041666666667 0.5782407407407407 0.011979166666666667 0.023148148148148147
1 0.26901041666666664 0.5643518518518519 0.0109375 0.025
1 0.19739583333333333 0.6189814814814815 0.017708333333333333 0.023148148148148147
1 0.13020833333333334 0.6041666666666666 0.014583333333333334 0.025
1 0.5018229166666667 0.5509259259259259 0.011979166666666667 0.018518518518518517
1 0.47578125 0.5893518518518519 0.011979166666666667 0.023148148148148147
1 0.5122395833333333 0.5263888888888889 0.013020833333333334 0.019444444444444445