1 0.7927083333333333 0.749537037037037 0.017708333333333333 0.019444444444444445
5 0.52890625 0.3439814814814815 0.0203125 0.049074074074074076
1 0.36822916666666666 0.43703703703703706 0.00625 0.016666666666666666
1 0.4890625 0.49444444444444446 0.009375 0.020370370370370372
1 0.24427083333333333 0.6736111111111112 0.009375 0.019444444444444445
1 0.346875 0.6643518518518519 0.013541666666666667 0.023148148148148147
1 0.29322916666666665 0.7078703703703704 0.0125 0.019444444444444445
1 0.22864583333333333 0.6972222222222222 0.015625 0.022222222222222223
1 0.5700520833333333 0.6416666666666667 0.0140625 0.022222222222222223
1 0.5505208333333333 0.6708333333333333 0.011458333333333333 0.021296296296296296
1 0.45859375 0.8930555555555556 0.022395833333333334 0.028703703703703703
1 0.59609375 0.6291666666666667 0.011979166666666667 0.021296296296296296