5 0.4828125 0.3060185185185185 0.01875 0.049074074074074076
1 0.32864583333333336 0.7930555555555555 0.028125 0.04351851851851852
1 0.1890625 0.9337962962962963 0.035416666666666666 0.058333333333333334
2 0.82109375 0.7356481481481482 0.1203125 0.1638888888888889
1 0.3138020833333333 0.39861111111111114 0.009895833333333333 0.01574074074074074
1 0.41770833333333335 0.4513888888888889 0.007291666666666667 0.01574074074074074
1 0.4546875 0.6092592592592593 0.010416666666666666 0.022222222222222223
1 0.5216145833333333 0.5842592592592593 0.0078125 0.014814814814814815
1 0.4903645833333333 0.5898148148148148 0.009895833333333333 0.022222222222222223
1 0.265625 0.6013888888888889 0.007291666666666667 0.017592592592592594
1 0.22447916666666667 0.625 0.009375 0.020370370370370372
1 0.17760416666666667 0.6101851851851852 0.010416666666666666 0.018518518518518517