1 0.7315104166666667 0.638425925925926 0.008854166666666666 0.017592592592592594
5 0.4778645833333333 0.31296296296296294 0.018229166666666668 0.04814814814814815
1 0.4940104166666667 0.5740740740740741 0.008854166666666666 0.020370370370370372
1 0.35546875 0.7768518518518519 0.0265625 0.044444444444444446
1 0.20104166666666667 0.9319444444444445 0.03125 0.05277777777777778
2 0.8244791666666667 0.7185185185185186 0.11145833333333334 0.15925925925925927
1 0.31640625 0.3912037037037037 0.009895833333333333 0.01574074074074074
1 0.42135416666666664 0.44212962962962965 0.008333333333333333 0.019444444444444445
1 0.4627604166666667 0.5916666666666667 0.008854166666666666 0.022222222222222223
1 0.52109375 0.5657407407407408 0.009895833333333333 0.014814814814814815
1 0.27447916666666666 0.5879629629629629 0.009375 0.018518518518518517
1 0.23463541666666668 0.6171296296296296 0.0078125 0.017592592592592594
1 0.18385416666666668 0.6027777777777777 0.009375 0.020370370370370372