5 0.4817708333333333 0.30185185185185187 0.01875 0.04814814814814815
1 0.3296875 0.7907407407407407 0.03229166666666667 0.04814814814814815
1 0.18411458333333333 0.9495370370370371 0.030729166666666665 0.05092592592592592
2 0.8182291666666667 0.7027777777777777 0.12708333333333333 0.1685185185185185
1 0.30703125 0.39675925925925926 0.0078125 0.013888888888888888
1 0.41510416666666666 0.44814814814814813 0.007291666666666667 0.016666666666666666
1 0.45755208333333336 0.5949074074074074 0.0109375 0.025
1 0.5270833333333333 0.5703703703703704 0.009375 0.022222222222222223
1 0.4903645833333333 0.5740740740740741 0.0109375 0.022222222222222223
1 0.2682291666666667 0.5842592592592593 0.007291666666666667 0.016666666666666666
1 0.22265625 0.6027777777777777 0.009895833333333333 0.020370370370370372
1 0.18385416666666668 0.5921296296296297 0.008333333333333333 0.017592592592592594
1 0.20755208333333333 0.5800925925925926 0.008854166666666666 0.017592592592592594