5 0.484375 0.2972222222222222 0.01875 0.04814814814814815
2 0.8143229166666667 0.7027777777777777 0.1359375 0.16666666666666666
1 0.2947916666666667 0.3962962962962963 0.010416666666666666 0.012962962962962963
1 0.4078125 0.449537037037037 0.008333333333333333 0.017592592592592594
1 0.44817708333333334 0.6129629629629629 0.011979166666666667 0.018518518518518517
1 0.5328125 0.5814814814814815 0.009375 0.022222222222222223
1 0.4783854166666667 0.5777777777777777 0.008854166666666666 0.020370370370370372
1 0.2669270833333333 0.5976851851851852 0.0067708333333333336 0.019444444444444445
1 0.21145833333333333 0.6189814814814815 0.008333333333333333 0.019444444444444445
1 0.18098958333333334 0.5990740740740741 0.0078125 0.016666666666666666
1 0.22421875 0.5824074074074074 0.0067708333333333336 0.016666666666666666
1 0.15963541666666667 0.9606481481481481 0.018229166666666668 0.026851851851851852
1 0.29739583333333336 0.8180555555555555 0.013541666666666667 0.028703703703703703