5 0.48203125 0.3037037037037037 0.018229166666666668 0.046296296296296294
2 0.8135416666666667 0.7138888888888889 0.13854166666666667 0.17037037037037037
1 0.2953125 0.3958333333333333 0.010416666666666666 0.013888888888888888
1 0.41067708333333336 0.4537037037037037 0.008854166666666666 0.020370370370370372
1 0.446875 0.6162037037037037 0.013541666666666667 0.019444444444444445
1 0.5338541666666666 0.5856481481481481 0.009375 0.021296296296296296
1 0.47994791666666664 0.5787037037037037 0.0078125 0.020370370370370372
1 0.26848958333333334 0.6106481481481482 0.0078125 0.017592592592592594
1 0.20859375 0.6300925925925925 0.0078125 0.019444444444444445
1 0.18307291666666667 0.6074074074074074 0.0078125 0.018518518518518517
1 0.22786458333333334 0.5912037037037037 0.0067708333333333336 0.01574074074074074
1 0.165625 0.9592592592592593 0.015625 0.03148148148148148
1 0.29661458333333335 0.8222222222222222 0.011979166666666667 0.027777777777777776