5 0.4830729166666667 0.2912037037037037 0.018229166666666668 0.04722222222222222
1 0.30130208333333336 0.8152777777777778 0.0171875 0.025
2 0.8145833333333333 0.7041666666666667 0.13541666666666666 0.1712962962962963
1 0.2989583333333333 0.40046296296296297 0.008333333333333333 0.013888888888888888
1 0.4122395833333333 0.4513888888888889 0.0067708333333333336 0.01574074074074074
1 0.4518229166666667 0.6064814814814815 0.0109375 0.018518518518518517
1 0.5317708333333333 0.5763888888888888 0.009375 0.023148148148148147
1 0.478125 0.575462962962963 0.00625 0.017592592592592594
1 0.2625 0.5935185185185186 0.007291666666666667 0.018518518518518517
1 0.209375 0.612037037037037 0.008333333333333333 0.018518518518518517
1 0.175 0.5925925925925926 0.008333333333333333 0.016666666666666666
1 0.215625 0.575925925925926 0.011458333333333333 0.011111111111111112
1 0.15625 0.9652777777777778 0.01875 0.028703703703703703