5 0.4828125 0.300462962962963 0.017708333333333333 0.04722222222222222
2 0.8153645833333333 0.7069444444444445 0.14010416666666667 0.17314814814814813
1 0.29453125 0.3972222222222222 0.009895833333333333 0.012962962962962963
1 0.4083333333333333 0.449537037037037 0.008333333333333333 0.017592592592592594
1 0.4466145833333333 0.6157407407407407 0.013020833333333334 0.020370370370370372
1 0.53359375 0.5833333333333334 0.008854166666666666 0.020370370370370372
1 0.47890625 0.5810185185185185 0.0078125 0.021296296296296296
1 0.2677083333333333 0.6046296296296296 0.007291666666666667 0.018518518518518517
1 0.21067708333333332 0.624537037037037 0.008854166666666666 0.021296296296296296
1 0.18125 0.6027777777777777 0.007291666666666667 0.018518518518518517
1 0.22682291666666668 0.587037037037037 0.0067708333333333336 0.016666666666666666
1 0.16119791666666666 0.9601851851851851 0.016145833333333335 0.027777777777777776
1 0.29739583333333336 0.8185185185185185 0.0125 0.027777777777777776