5 0.4796875 0.30185185185185187 0.016666666666666666 0.04259259259259259
2 0.7794270833333333 0.6953703703703704 0.14114583333333333 0.15555555555555556
1 0.2875 0.4027777777777778 0.008333333333333333 0.011111111111111112
1 0.3997395833333333 0.45740740740740743 0.0078125 0.016666666666666666
1 0.41822916666666665 0.6125 0.007291666666666667 0.019444444444444445
1 0.5221354166666666 0.5856481481481481 0.0067708333333333336 0.019444444444444445
1 0.4708333333333333 0.5412037037037037 0.008333333333333333 0.021296296296296296
1 0.25807291666666665 0.6023148148148149 0.0078125 0.021296296296296296
1 0.209375 0.6050925925925926 0.007291666666666667 0.01574074074074074
1 0.19791666666666666 0.5847222222222223 0.008333333333333333 0.01574074074074074
1 0.228125 0.5662037037037037 0.008333333333333333 0.013888888888888888
1 0.21015625 0.850925925925926 0.018229166666666668 0.024074074074074074
1 0.28072916666666664 0.7962962962962963 0.010416666666666666 0.022222222222222223