5 0.4747395833333333 0.3023148148148148 0.0171875 0.04351851851851852
2 0.7747395833333334 0.7092592592592593 0.14114583333333333 0.15555555555555556
1 0.28046875 0.4050925925925926 0.009895833333333333 0.012037037037037037
1 0.3919270833333333 0.4638888888888889 0.0067708333333333336 0.016666666666666666
1 0.4109375 0.6217592592592592 0.009375 0.021296296296296296
1 0.5143229166666666 0.5925925925925926 0.0067708333333333336 0.020370370370370372
1 0.46510416666666665 0.5481481481481482 0.008333333333333333 0.020370370370370372
1 0.24635416666666668 0.6078703703703704 0.007291666666666667 0.019444444444444445
1 0.19583333333333333 0.6157407407407407 0.008333333333333333 0.016666666666666666
1 0.18359375 0.5972222222222222 0.0078125 0.016666666666666666
1 0.21614583333333334 0.5768518518518518 0.007291666666666667 0.014814814814814815
1 0.18958333333333333 0.8740740740740741 0.017708333333333333 0.022222222222222223
1 0.2638020833333333 0.8125 0.0109375 0.023148148148148147