5 0.46848958333333335 0.30092592592592593 0.0171875 0.044444444444444446
2 0.7609375 0.7166666666666667 0.14375 0.16111111111111112
1 0.27369791666666665 0.4060185185185185 0.009895833333333333 0.012037037037037037
1 0.38307291666666665 0.4671296296296296 0.0078125 0.019444444444444445
1 0.4015625 0.6222222222222222 0.010416666666666666 0.018518518518518517
1 0.50546875 0.5953703703703703 0.0078125 0.020370370370370372
1 0.4552083333333333 0.5523148148148148 0.009375 0.023148148148148147
1 0.23463541666666668 0.6143518518518518 0.0067708333333333336 0.021296296296296296
1 0.18307291666666667 0.6231481481481481 0.0078125 0.016666666666666666
1 0.17265625 0.600925925925926 0.0078125 0.018518518518518517
1 0.20572916666666666 0.5814814814814815 0.008333333333333333 0.014814814814814815
1 0.1703125 0.8865740740740741 0.017708333333333333 0.023148148148148147
1 0.24921875 0.8185185185185185 0.0109375 0.024074074074074074