5 0.46432291666666664 0.3023148148148148 0.0171875 0.04537037037037037
2 0.753125 0.7180555555555556 0.13541666666666666 0.16018518518518518
1 0.2708333333333333 0.4078703703703704 0.009375 0.012037037037037037
1 0.37942708333333336 0.4703703703703704 0.0078125 0.020370370370370372
1 0.3984375 0.625462962962963 0.013541666666666667 0.019444444444444445
1 0.49895833333333334 0.600925925925926 0.008333333333333333 0.020370370370370372
1 0.44869791666666664 0.5601851851851852 0.0078125 0.018518518518518517
1 0.23489583333333333 0.6217592592592592 0.007291666666666667 0.019444444444444445
1 0.17630208333333333 0.6356481481481482 0.0067708333333333336 0.017592592592592594
1 0.16979166666666667 0.612037037037037 0.007291666666666667 0.020370370370370372
1 0.2015625 0.5907407407407408 0.00625 0.012962962962962963
1 0.15703125 0.9032407407407408 0.0171875 0.025
1 0.24427083333333333 0.8231481481481482 0.0125 0.027777777777777776