5 0.56171875 0.20694444444444443 0.0171875 0.04351851851851852
1 0.3888020833333333 0.2972222222222222 0.0067708333333333336 0.014814814814814815
1 0.51171875 0.34953703703703703 0.0067708333333333336 0.013888888888888888
1 0.58359375 0.4009259259259259 0.0109375 0.014814814814814815
1 0.6361979166666667 0.4546296296296296 0.0067708333333333336 0.018518518518518517
1 0.37786458333333334 0.44166666666666665 0.015104166666666667 0.020370370370370372
1 0.35572916666666665 0.45046296296296295 0.00625 0.013888888888888888
1 0.36770833333333336 0.46805555555555556 0.009375 0.017592592592592594
1 0.4036458333333333 0.4777777777777778 0.009375 0.018518518518518517
1 0.5453125 0.47175925925925927 0.00625 0.012037037037037037
2 0.90078125 0.5453703703703704 0.13802083333333334 0.13518518518518519
1 0.46770833333333334 0.6212962962962963 0.009375 0.020370370370370372
1 0.42265625 0.6337962962962963 0.011979166666666667 0.021296296296296296
1 0.6513020833333333 0.5273148148148148 0.019270833333333334 0.013888888888888888