5 0.5684895833333333 0.2050925925925926 0.0171875 0.041666666666666664
1 0.3958333333333333 0.2967592592592593 0.007291666666666667 0.01574074074074074
1 0.5197916666666667 0.35138888888888886 0.007291666666666667 0.013888888888888888
1 0.5940104166666667 0.39490740740740743 0.0109375 0.013888888888888888
1 0.6463541666666667 0.4527777777777778 0.008333333333333333 0.016666666666666666
1 0.3885416666666667 0.43703703703703706 0.009375 0.016666666666666666
1 0.3684895833333333 0.44675925925925924 0.008854166666666666 0.019444444444444445
1 0.3807291666666667 0.4625 0.008333333333333333 0.01574074074074074
1 0.41640625 0.475462962962963 0.008854166666666666 0.017592592592592594
1 0.5546875 0.4685185185185185 0.007291666666666667 0.014814814814814815
2 0.915625 0.5435185185185185 0.1375 0.13333333333333333
1 0.48541666666666666 0.6166666666666667 0.011458333333333333 0.018518518518518517
1 0.44244791666666666 0.6268518518518519 0.013020833333333334 0.022222222222222223
1 0.65234375 0.5194444444444445 0.0171875 0.020370370370370372