5 0.5614583333333333 0.2037037037037037 0.016666666666666666 0.04259259259259259
1 0.39114583333333336 0.29768518518518516 0.007291666666666667 0.01574074074074074
1 0.5127604166666667 0.3453703703703704 0.0067708333333333336 0.012962962962962963
1 0.5846354166666666 0.399537037037037 0.011979166666666667 0.01574074074074074
1 0.6375 0.45231481481481484 0.005208333333333333 0.01574074074074074
1 0.378125 0.4393518518518518 0.015625 0.021296296296296296
1 0.35651041666666666 0.45 0.0067708333333333336 0.014814814814814815
1 0.36770833333333336 0.46805555555555556 0.008333333333333333 0.017592592592592594
1 0.40546875 0.47685185185185186 0.009895833333333333 0.020370370370370372
1 0.5479166666666667 0.4722222222222222 0.007291666666666667 0.018518518518518517
2 0.9020833333333333 0.5421296296296296 0.13854166666666667 0.1361111111111111
1 0.46770833333333334 0.6236111111111111 0.009375 0.017592592592592594
1 0.42109375 0.638425925925926 0.013020833333333334 0.021296296296296296
1 0.665625 0.5282407407407408 0.011458333333333333 0.01574074074074074