5 0.5677083333333334 0.22962962962962963 0.017708333333333333 0.044444444444444446
1 0.3924479166666667 0.32546296296296295 0.009895833333333333 0.01574074074074074
1 0.5203125 0.3888888888888889 0.007291666666666667 0.014814814814814815
1 0.5979166666666667 0.4263888888888889 0.008333333333333333 0.013888888888888888
1 0.6546875 0.49907407407407406 0.009375 0.018518518518518517
1 0.39296875 0.4791666666666667 0.013020833333333334 0.021296296296296296
1 0.3690104166666667 0.4912037037037037 0.0109375 0.019444444444444445
1 0.38255208333333335 0.5087962962962963 0.009895833333333333 0.017592592592592594
1 0.41692708333333334 0.5268518518518519 0.011979166666666667 0.020370370370370372
1 0.5575520833333333 0.5111111111111111 0.0067708333333333336 0.014814814814814815
2 0.9359375 0.6037037037037037 0.128125 0.13703703703703704
1 0.49114583333333334 0.7064814814814815 0.011458333333333333 0.022222222222222223
1 0.44114583333333335 0.7217592592592592 0.013541666666666667 0.021296296296296296
1 0.64609375 0.5532407407407407 0.0109375 0.017592592592592594