5 0.5692708333333333 0.22361111111111112 0.017708333333333333 0.04351851851851852
1 0.3921875 0.324537037037037 0.009375 0.01574074074074074
1 0.5234375 0.38333333333333336 0.007291666666666667 0.016666666666666666
1 0.6002604166666666 0.4078703703703704 0.0078125 0.013888888888888888
1 0.6541666666666667 0.4981481481481482 0.009375 0.018518518518518517
1 0.39869791666666665 0.49212962962962964 0.011979166666666667 0.021296296296296296
1 0.36302083333333335 0.5 0.010416666666666666 0.020370370370370372
1 0.37890625 0.5194444444444445 0.009895833333333333 0.020370370370370372
1 0.4109375 0.5430555555555555 0.011458333333333333 0.019444444444444445
1 0.5533854166666666 0.524074074074074 0.0067708333333333336 0.014814814814814815
2 0.9411458333333333 0.6074074074074074 0.11770833333333333 0.12962962962962962
1 0.48046875 0.7143518518518519 0.011979166666666667 0.021296296296296296
1 0.42890625 0.7208333333333333 0.0140625 0.023148148148148147
1 0.6299479166666667 0.5537037037037037 0.011979166666666667 0.016666666666666666