5 0.56875 0.21712962962962962 0.017708333333333333 0.04351851851851852
1 0.39557291666666666 0.3111111111111111 0.008854166666666666 0.014814814814814815
1 0.52265625 0.3726851851851852 0.0078125 0.017592592592592594
1 0.596875 0.4064814814814815 0.010416666666666666 0.014814814814814815
1 0.6552083333333333 0.475462962962963 0.010416666666666666 0.019444444444444445
1 0.39453125 0.45740740740740743 0.0109375 0.020370370370370372
1 0.3729166666666667 0.4671296296296296 0.009375 0.017592592592592594
1 0.38723958333333336 0.48518518518518516 0.008854166666666666 0.020370370370370372
1 0.4197916666666667 0.4976851851851852 0.009375 0.019444444444444445
1 0.5598958333333334 0.48935185185185187 0.00625 0.01574074074074074
2 0.9330729166666667 0.5763888888888888 0.13385416666666666 0.13796296296296295
1 0.4947916666666667 0.6652777777777777 0.010416666666666666 0.019444444444444445
1 0.44765625 0.6824074074074075 0.0140625 0.020370370370370372
1 0.6510416666666666 0.5337962962962963 0.014583333333333334 0.019444444444444445