5 0.5682291666666667 0.22592592592592592 0.017708333333333333 0.04259259259259259
1 0.3927083333333333 0.32592592592592595 0.010416666666666666 0.016666666666666666
1 0.5234375 0.37962962962962965 0.008333333333333333 0.016666666666666666
1 0.6 0.4101851851851852 0.010416666666666666 0.016666666666666666
1 0.6549479166666666 0.4949074074074074 0.009895833333333333 0.021296296296296296
1 0.3963541666666667 0.48842592592592593 0.011458333333333333 0.021296296296296296
1 0.36614583333333334 0.4976851851851852 0.011458333333333333 0.017592592592592594
1 0.3807291666666667 0.5171296296296296 0.010416666666666666 0.017592592592592594
1 0.41328125 0.5402777777777777 0.009895833333333333 0.017592592592592594
1 0.5565104166666667 0.5199074074074074 0.0067708333333333336 0.013888888888888888
2 0.93828125 0.6138888888888889 0.1234375 0.13333333333333333
1 0.48385416666666664 0.7171296296296297 0.011458333333333333 0.021296296296296296
1 0.4322916666666667 0.7273148148148149 0.013541666666666667 0.023148148148148147
1 0.63515625 0.5509259259259259 0.015104166666666667 0.012962962962962963