5 0.5841145833333333 0.23148148148148148 0.019270833333333334 0.05185185185185185
1 0.3731770833333333 0.37407407407407406 0.0078125 0.018518518518518517
1 0.53046875 0.475462962962963 0.0078125 0.019444444444444445
1 0.5994791666666667 0.47638888888888886 0.008333333333333333 0.023148148148148147
1 0.6783854166666666 0.6208333333333333 0.011979166666666667 0.023148148148148147
1 0.42864583333333334 0.6018518518518519 0.015625 0.025925925925925925
1 0.34817708333333336 0.5949074074074074 0.0140625 0.021296296296296296
1 0.37734375 0.624537037037037 0.011979166666666667 0.025
1 0.38984375 0.6916666666666667 0.0140625 0.024074074074074074
1 0.559375 0.6615740740740741 0.009375 0.019444444444444445
1 0.6231770833333333 0.6472222222222223 0.015104166666666667 0.020370370370370372
1 0.42734375 0.9467592592592593 0.0203125 0.03425925925925926
1 0.5 0.9685185185185186 0.016666666666666666 0.03888888888888889