5 0.5809895833333333 0.26944444444444443 0.0203125 0.05
1 0.3690104166666667 0.3962962962962963 0.008854166666666666 0.016666666666666666
1 0.5276041666666667 0.4861111111111111 0.007291666666666667 0.018518518518518517
1 0.5986979166666667 0.4935185185185185 0.0078125 0.018518518518518517
1 0.68203125 0.6347222222222222 0.013020833333333334 0.025
1 0.42473958333333334 0.6194444444444445 0.011979166666666667 0.024074074074074074
1 0.34921875 0.6199074074074075 0.015104166666666667 0.023148148148148147
1 0.3729166666666667 0.6532407407407408 0.014583333333333334 0.023148148148148147
1 0.39375 0.7101851851851851 0.010416666666666666 0.025925925925925925
1 0.56328125 0.674074074074074 0.009895833333333333 0.020370370370370372
1 0.42578125 0.987037037037037 0.0171875 0.025925925925925925
1 0.6354166666666666 0.6754629629629629 0.0125 0.019444444444444445