5 0.5830729166666667 0.23564814814814813 0.019270833333333334 0.05092592592592592
1 0.37447916666666664 0.37592592592592594 0.008333333333333333 0.022222222222222223
1 0.5322916666666667 0.4736111111111111 0.007291666666666667 0.019444444444444445
1 0.6010416666666667 0.47314814814814815 0.008333333333333333 0.022222222222222223
1 0.6828125 0.6208333333333333 0.0125 0.023148148148148147
1 0.4296875 0.6046296296296296 0.017708333333333333 0.027777777777777776
1 0.35 0.5995370370370371 0.013541666666666667 0.021296296296296296
1 0.3768229166666667 0.6268518518518519 0.015104166666666667 0.022222222222222223
1 0.3924479166666667 0.6967592592592593 0.013020833333333334 0.025
1 0.5630208333333333 0.6648148148148149 0.009375 0.018518518518518517
1 0.628125 0.6527777777777778 0.017708333333333333 0.024074074074074074
1 0.42864583333333334 0.9597222222222223 0.019791666666666666 0.03611111111111111
1 0.5020833333333333 0.9791666666666666 0.015625 0.03796296296296296