5 0.5971354166666667 0.26666666666666666 0.022395833333333334 0.05740740740740741
1 0.35703125 0.44537037037037036 0.009895833333333333 0.018518518518518517
1 0.534375 0.5847222222222223 0.010416666666666666 0.019444444444444445
1 0.6096354166666667 0.5810185185185185 0.0109375 0.019444444444444445
1 0.69921875 0.7671296296296296 0.013020833333333334 0.026851851851851852
1 0.42239583333333336 0.736574074074074 0.015625 0.028703703703703703
1 0.32526041666666666 0.7212962962962963 0.016145833333333335 0.024074074074074074
1 0.36276041666666664 0.7569444444444444 0.011979166666666667 0.025
1 0.3690104166666667 0.8712962962962963 0.0140625 0.03888888888888889
1 0.5645833333333333 0.8287037037037037 0.008333333333333333 0.024074074074074074
1 0.63203125 0.7800925925925926 0.015104166666666667 0.025