5 0.5880208333333333 0.2351851851851852 0.019791666666666666 0.053703703703703705
1 0.3671875 0.3907407407407407 0.008333333333333333 0.020370370370370372
1 0.5296875 0.5027777777777778 0.008333333333333333 0.020370370370370372
1 0.5994791666666667 0.5041666666666667 0.007291666666666667 0.019444444444444445
1 0.67734375 0.6527777777777778 0.011979166666666667 0.022222222222222223
1 0.425 0.6291666666666667 0.017708333333333333 0.023148148148148147
1 0.33958333333333335 0.624537037037037 0.014583333333333334 0.019444444444444445
1 0.3731770833333333 0.6523148148148148 0.011979166666666667 0.026851851851851852
1 0.38177083333333334 0.7300925925925926 0.014583333333333334 0.026851851851851852
1 0.5565104166666667 0.6986111111111111 0.009895833333333333 0.023148148148148147
1 0.61953125 0.6699074074074074 0.016145833333333335 0.023148148148148147
1 0.42734375 0.9898148148148148 0.022395833333333334 0.020370370370370372