5 0.6020833333333333 0.29259259259259257 0.022916666666666665 0.05740740740740741
1 0.35052083333333334 0.4791666666666667 0.010416666666666666 0.019444444444444445
1 0.5375 0.6430555555555556 0.011458333333333333 0.021296296296296296
1 0.6153645833333333 0.638425925925926 0.013020833333333334 0.023148148148148147
1 0.7153645833333333 0.8541666666666666 0.0140625 0.025
1 0.42239583333333336 0.8152777777777778 0.026041666666666668 0.023148148148148147
1 0.31536458333333334 0.8060185185185185 0.016145833333333335 0.026851851851851852
1 0.3580729166666667 0.8425925925925926 0.013020833333333334 0.025925925925925925
1 0.3653645833333333 0.9810185185185185 0.018229166666666668 0.03611111111111111
1 0.5713541666666667 0.9282407407407407 0.011458333333333333 0.026851851851851852
1 0.64140625 0.8629629629629629 0.018229166666666668 0.025925925925925925