1 0.66796875 0.23935185185185184 0.013020833333333334 0.023148148148148147
1 0.43385416666666665 0.30324074074074076 0.017708333333333333 0.03425925925925926
1 0.5015625 0.33287037037037037 0.010416666666666666 0.023148148148148147
1 0.5661458333333333 0.36203703703703705 0.017708333333333333 0.03148148148148148
1 0.6984375 0.3458333333333333 0.013541666666666667 0.021296296296296296
1 0.6166666666666667 0.4791666666666667 0.013541666666666667 0.030555555555555555
1 0.4588541666666667 0.5185185185185185 0.015625 0.03518518518518519
1 0.43463541666666666 0.850925925925926 0.0234375 0.02962962962962963
1 0.5294270833333333 0.9694444444444444 0.025520833333333333 0.046296296296296294
1 0.7361979166666667 0.21388888888888888 0.011979166666666667 0.024074074074074074
1 0.76640625 0.4152777777777778 0.016145833333333335 0.032407407407407406