1 0.35052083333333334 0.1527777777777778 0.03229166666666667 0.05185185185185185
1 0.44921875 0.17916666666666667 0.0234375 0.04537037037037037
1 0.5088541666666667 0.2199074074074074 0.01875 0.04537037037037037
1 0.665625 0.1675925925925926 0.023958333333333335 0.05925925925925926
1 0.5330729166666667 0.3560185185185185 0.011979166666666667 0.028703703703703703
1 0.3776041666666667 0.44074074074074077 0.021875 0.05
1 0.33098958333333334 0.8194444444444444 0.033854166666666664 0.046296296296296294
1 0.43515625 0.9712962962962963 0.03697916666666667 0.05740740740740741
1 0.7263020833333333 0.27037037037037037 0.015104166666666667 0.040740740740740744
1 0.634375 0.07268518518518519 0.014583333333333334 0.026851851851851852
1 0.7125 0.021296296296296296 0.013541666666666667 0.014814814814814815