1 0.48151041666666666 0.4824074074074074 0.028645833333333332 0.05185185185185185
1 0.38828125 0.39675925925925926 0.0140625 0.041666666666666664
1 0.46770833333333334 0.5125 0.021875 0.03425925925925926
1 0.6833333333333333 0.4375 0.021875 0.03611111111111111
1 0.2703125 0.38055555555555554 0.029166666666666667 0.046296296296296294
1 0.5098958333333333 0.23194444444444445 0.021875 0.049074074074074076
1 0.16041666666666668 0.23842592592592593 0.01875 0.0787037037037037
1 0.062239583333333334 0.36574074074074076 0.0234375 0.06481481481481481
1 0.7013020833333333 0.6236111111111111 0.0203125 0.03796296296296296
1 0.5986979166666667 0.6768518518518518 0.016145833333333335 0.025925925925925925
1 0.76328125 0.9810185185185185 0.0234375 0.03796296296296296