1 0.4669270833333333 0.4597222222222222 0.0234375 0.05092592592592592
1 0.37135416666666665 0.3875 0.014583333333333334 0.032407407407407406
1 0.4473958333333333 0.49583333333333335 0.020833333333333332 0.03425925925925926
1 0.6588541666666666 0.41435185185185186 0.04895833333333333 0.05648148148148148
1 0.25807291666666665 0.3712962962962963 0.0265625 0.04259259259259259
1 0.49505208333333334 0.2152777777777778 0.0203125 0.03981481481481482
1 0.14557291666666666 0.2324074074074074 0.019270833333333334 0.07777777777777778
1 0.048177083333333336 0.3578703703703704 0.0234375 0.062037037037037036
1 0.6796875 0.6083333333333333 0.022916666666666665 0.04259259259259259
1 0.5763020833333333 0.6564814814814814 0.015104166666666667 0.025925925925925925
1 0.7393229166666667 0.9731481481481481 0.021354166666666667 0.037037037037037035