1 0.46640625 0.449537037037037 0.022395833333333334 0.03981481481481482
1 0.3723958333333333 0.3851851851851852 0.014583333333333334 0.03148148148148148
1 0.44869791666666664 0.4930555555555556 0.024479166666666666 0.03425925925925926
1 0.65625 0.4111111111111111 0.05416666666666667 0.06111111111111111
1 0.26067708333333334 0.3685185185185185 0.028645833333333332 0.03888888888888889
1 0.5005208333333333 0.2101851851851852 0.017708333333333333 0.040740740740740744
1 0.14713541666666666 0.2361111111111111 0.019270833333333334 0.07592592592592592
1 0.05130208333333333 0.3597222222222222 0.022395833333333334 0.06759259259259259
1 0.6828125 0.6134259259259259 0.020833333333333332 0.03981481481481482
1 0.5765625 0.6537037037037037 0.015625 0.027777777777777776
1 0.7442708333333333 0.9814814814814815 0.041666666666666664 0.03333333333333333