2 0.6619791666666667 0.33611111111111114 0.06041666666666667 0.046296296296296294
2 0.85546875 0.2412037037037037 0.0359375 0.026851851851851852
1 0.7760416666666666 0.6208333333333333 0.010416666666666666 0.017592592592592594
1 0.55234375 0.5962962962962963 0.0078125 0.014814814814814815
1 0.6354166666666666 0.6231481481481481 0.022916666666666665 0.018518518518518517
1 0.56015625 0.6351851851851852 0.0171875 0.016666666666666666
1 0.44244791666666666 0.6620370370370371 0.033854166666666664 0.016666666666666666
1 0.6203125 0.7712962962962963 0.015625 0.022222222222222223
1 0.5752604166666667 0.6671296296296296 0.019270833333333334 0.023148148148148147
1 0.6591145833333333 0.8083333333333333 0.011979166666666667 0.020370370370370372
1 0.5458333333333333 0.7953703703703704 0.011458333333333333 0.018518518518518517