2 0.66640625 0.3476851851851852 0.0609375 0.04722222222222222
2 0.8614583333333333 0.2518518518518518 0.036458333333333336 0.025925925925925925
1 0.78203125 0.6537037037037037 0.016145833333333335 0.014814814814814815
1 0.5466145833333333 0.6259259259259259 0.008854166666666666 0.014814814814814815
1 0.6333333333333333 0.6587962962962963 0.020833333333333332 0.013888888888888888
1 0.5552083333333333 0.6680555555555555 0.016666666666666666 0.01574074074074074
1 0.4359375 0.6912037037037037 0.040625 0.019444444444444445
1 0.615625 0.8166666666666667 0.022916666666666665 0.027777777777777776
1 0.5734375 0.7037037037037037 0.023958333333333335 0.022222222222222223
1 0.6572916666666667 0.8597222222222223 0.025 0.023148148148148147
1 0.5416666666666666 0.8425925925925926 0.016666666666666666 0.024074074074074074