2 0.65546875 0.30833333333333335 0.0546875 0.04259259259259259
2 0.8411458333333334 0.22962962962962963 0.034375 0.024074074074074074
1 0.7411458333333333 0.55 0.014583333333333334 0.014814814814814815
1 0.5479166666666667 0.5254629629629629 0.007291666666666667 0.013888888888888888
1 0.6140625 0.5486111111111112 0.022916666666666665 0.013888888888888888
1 0.5552083333333333 0.5564814814814815 0.013541666666666667 0.014814814814814815
1 0.4466145833333333 0.5722222222222222 0.027604166666666666 0.014814814814814815
1 0.6046875 0.6643518518518519 0.019791666666666666 0.025
1 0.5627604166666667 0.5930555555555556 0.0078125 0.012037037037037037
1 0.6294270833333333 0.6967592592592593 0.0171875 0.021296296296296296
1 0.5330729166666667 0.6851851851851852 0.024479166666666666 0.020370370370370372
5 0.04479166666666667 0.8453703703703703 0.030208333333333334 0.08148148148148149
1 0.45338541666666665 0.962037037037037 0.011979166666666667 0.025925925925925925