2 0.6622395833333333 0.3277777777777778 0.0578125 0.044444444444444446
2 0.85625 0.24351851851851852 0.036458333333333336 0.025925925925925925
1 0.7661458333333333 0.6074074074074074 0.016666666666666666 0.016666666666666666
1 0.5481770833333334 0.5847222222222223 0.008854166666666666 0.01574074074074074
1 0.6268229166666667 0.6143518518518518 0.024479166666666666 0.01574074074074074
1 0.5546875 0.624537037037037 0.015625 0.013888888888888888
1 0.4328125 0.6425925925925926 0.026041666666666668 0.014814814814814815
1 0.609375 0.7625 0.029166666666666667 0.032407407407407406
1 0.5700520833333333 0.6625 0.024479166666666666 0.023148148148148147
1 0.6471354166666666 0.7976851851851852 0.024479166666666666 0.021296296296296296
1 0.5328125 0.7805555555555556 0.020833333333333332 0.025925925925925925