2 0.659375 0.32592592592592595 0.057291666666666664 0.044444444444444446
2 0.8526041666666667 0.2412037037037037 0.036458333333333336 0.026851851851851852
1 0.7588541666666667 0.5925925925925926 0.01875 0.016666666666666666
1 0.54765625 0.5708333333333333 0.0078125 0.013888888888888888
1 0.6231770833333333 0.5976851851851852 0.024479166666666666 0.01574074074074074
1 0.5559895833333334 0.6083333333333333 0.0171875 0.012962962962962963
1 0.4361979166666667 0.6240740740740741 0.0265625 0.014814814814814815
1 0.6091145833333333 0.7361111111111112 0.0234375 0.027777777777777776
1 0.5697916666666667 0.6439814814814815 0.01875 0.019444444444444445
1 0.63984375 0.7703703703703704 0.0140625 0.018518518518518517
1 0.5341145833333333 0.7583333333333333 0.022395833333333334 0.027777777777777776