2 0.6497395833333334 0.2625 0.050520833333333334 0.03981481481481482
2 0.8244791666666667 0.19907407407407407 0.03229166666666667 0.022222222222222223
1 0.7192708333333333 0.47129629629629627 0.010416666666666666 0.012962962962962963
1 0.5447916666666667 0.45 0.007291666666666667 0.012962962962962963
1 0.6026041666666667 0.4699074074074074 0.021875 0.013888888888888888
1 0.5513020833333333 0.475462962962963 0.015104166666666667 0.013888888888888888
1 0.45625 0.4888888888888889 0.021875 0.012962962962962963
1 0.5963541666666666 0.5625 0.017708333333333333 0.019444444444444445
1 0.5559895833333334 0.5055555555555555 0.0078125 0.012962962962962963
1 0.6166666666666667 0.5851851851851851 0.011458333333333333 0.018518518518518517
1 0.53046875 0.575462962962963 0.025520833333333333 0.021296296296296296
5 0.11354166666666667 0.700462962962963 0.025 0.06759259259259259
1 0.47265625 0.7791666666666667 0.018229166666666668 0.021296296296296296