1 0.615625 0.45046296296296295 0.020833333333333332 0.013888888888888888
1 0.6309895833333333 0.5662037037037037 0.015104166666666667 0.01574074074074074
5 0.26276041666666666 0.475462962962963 0.0203125 0.05277777777777778
1 0.4734375 0.7055555555555556 0.016666666666666666 0.018518518518518517
1 0.72734375 0.47314814814814815 0.0067708333333333336 0.014814814814814815
1 0.69765625 0.49212962962962964 0.016145833333333335 0.013888888888888888
1 0.7640625 0.5166666666666667 0.022916666666666665 0.016666666666666666
1 0.6864583333333333 0.524537037037037 0.016666666666666666 0.01574074074074074
1 0.69921875 0.611574074074074 0.009895833333333333 0.019444444444444445
1 0.7052083333333333 0.637962962962963 0.0125 0.016666666666666666
1 0.9158854166666667 0.5916666666666667 0.019270833333333334 0.022222222222222223