1 0.5828125 0.44305555555555554 0.022916666666666665 0.017592592592592594
1 0.60078125 0.5513888888888889 0.0265625 0.01574074074074074
5 0.240625 0.46944444444444444 0.019791666666666666 0.05185185185185185
1 0.43307291666666664 0.6893518518518519 0.0171875 0.021296296296296296
1 0.70078125 0.4583333333333333 0.0078125 0.011111111111111112
1 0.6703125 0.48148148148148145 0.01875 0.014814814814814815
1 0.7265625 0.49675925925925923 0.017708333333333333 0.012037037037037037
1 0.6502604166666667 0.5125 0.008854166666666666 0.013888888888888888
1 0.6614583333333334 0.5930555555555556 0.008333333333333333 0.01574074074074074
1 0.6674479166666667 0.6157407407407407 0.009895833333333333 0.016666666666666666
1 0.8768229166666667 0.5740740740740741 0.013020833333333334 0.016666666666666666