1 0.5921875 0.4439814814814815 0.020833333333333332 0.01574074074074074
1 0.6015625 0.5569444444444445 0.014583333333333334 0.012037037037037037
5 0.24635416666666668 0.4703703703703704 0.019791666666666666 0.05185185185185185
1 0.45 0.6976851851851852 0.015625 0.017592592592592594
1 0.7088541666666667 0.4708333333333333 0.00625 0.012037037037037037
1 0.6809895833333334 0.4898148148148148 0.0203125 0.014814814814814815
1 0.74140625 0.5115740740740741 0.0171875 0.012037037037037037
1 0.6598958333333333 0.5208333333333334 0.009375 0.01574074074074074
1 0.67421875 0.6037037037037037 0.008854166666666666 0.016666666666666666
1 0.67890625 0.6268518518518519 0.011979166666666667 0.014814814814814815
1 0.890625 0.5828703703703704 0.011458333333333333 0.01574074074074074