1 0.59375 0.45092592592592595 0.01875 0.016666666666666666
1 0.6052083333333333 0.5587962962962963 0.016666666666666666 0.013888888888888888
5 0.253125 0.47314814814814815 0.019791666666666666 0.05185185185185185
1 0.4434895833333333 0.6949074074074074 0.0203125 0.019444444444444445
1 0.7143229166666667 0.4708333333333333 0.0067708333333333336 0.012037037037037037
1 0.6833333333333333 0.4930555555555556 0.016666666666666666 0.013888888888888888
1 0.7421875 0.5087962962962963 0.017708333333333333 0.012037037037037037
1 0.6638020833333333 0.5236111111111111 0.008854166666666666 0.013888888888888888
1 0.6755208333333333 0.6046296296296296 0.008333333333333333 0.016666666666666666
1 0.68203125 0.6273148148148148 0.0109375 0.013888888888888888
1 0.8927083333333333 0.5879629629629629 0.0125 0.014814814814814815