1 0.5973958333333333 0.4449074074074074 0.019791666666666666 0.013888888888888888
1 0.6114583333333333 0.5611111111111111 0.0125 0.012962962962962963
5 0.24817708333333333 0.47129629629629627 0.0203125 0.05185185185185185
1 0.45208333333333334 0.6995370370370371 0.017708333333333333 0.019444444444444445
1 0.7127604166666667 0.47175925925925927 0.0078125 0.013888888888888888
1 0.6799479166666667 0.487962962962963 0.013020833333333334 0.014814814814814815
1 0.7453125 0.5125 0.019791666666666666 0.013888888888888888
1 0.6671875 0.5222222222222223 0.014583333333333334 0.014814814814814815
1 0.6783854166666666 0.6074074074074074 0.008854166666666666 0.016666666666666666
1 0.684375 0.6296296296296297 0.011458333333333333 0.014814814814814815
1 0.8966145833333333 0.5861111111111111 0.015104166666666667 0.018518518518518517