1 0.5966145833333333 0.44907407407407407 0.0234375 0.016666666666666666
1 0.6026041666666667 0.5569444444444445 0.015625 0.013888888888888888
5 0.25 0.4722222222222222 0.019791666666666666 0.05185185185185185
1 0.446875 0.6944444444444444 0.013541666666666667 0.018518518518518517
1 0.7119791666666667 0.4685185185185185 0.00625 0.011111111111111112
1 0.6825520833333333 0.4898148148148148 0.019270833333333334 0.012962962962962963
1 0.7419270833333333 0.5087962962962963 0.0171875 0.012037037037037037
1 0.66171875 0.5231481481481481 0.008854166666666666 0.014814814814814815
1 0.6739583333333333 0.6023148148148149 0.009375 0.01574074074074074
1 0.6807291666666667 0.6268518518518519 0.011458333333333333 0.014814814814814815
1 0.89140625 0.5842592592592593 0.011979166666666667 0.016666666666666666