1 0.6619791666666667 0.462037037037037 0.020833333333333332 0.012962962962962963
1 0.6822916666666666 0.5777777777777777 0.011458333333333333 0.018518518518518517
5 0.30807291666666664 0.47685185185185186 0.0203125 0.05185185185185185
1 0.5317708333333333 0.7157407407407408 0.013541666666666667 0.020370370370370372
1 0.7734375 0.48148148148148145 0.007291666666666667 0.012962962962962963
1 0.74765625 0.49953703703703706 0.0203125 0.01574074074074074
1 0.8140625 0.5263888888888889 0.022916666666666665 0.01574074074074074
1 0.7369791666666666 0.5365740740740741 0.016666666666666666 0.01574074074074074
1 0.7515625 0.6222222222222222 0.009375 0.016666666666666666
1 0.759375 0.649537037037037 0.014583333333333334 0.017592592592592594
1 0.9682291666666667 0.6087962962962963 0.014583333333333334 0.021296296296296296