1 0.5802083333333333 0.4388888888888889 0.019791666666666666 0.014814814814814815
1 0.5934895833333333 0.55 0.0265625 0.018518518518518517
5 0.23541666666666666 0.462037037037037 0.019791666666666666 0.05185185185185185
1 0.42526041666666664 0.6833333333333333 0.019270833333333334 0.016666666666666666
1 0.6942708333333333 0.4550925925925926 0.008333333333333333 0.010185185185185186
1 0.66171875 0.475 0.0171875 0.012962962962962963
1 0.71484375 0.49675925925925923 0.019270833333333334 0.01574074074074074
1 0.6416666666666667 0.5120370370370371 0.009375 0.014814814814814815
1 0.6546875 0.5944444444444444 0.007291666666666667 0.014814814814814815
1 0.6627604166666666 0.6208333333333333 0.008854166666666666 0.017592592592592594
1 0.878125 0.5717592592592593 0.0125 0.01574074074074074