1 0.5760416666666667 0.09398148148148149 0.016666666666666666 0.019444444444444445
1 0.5736979166666667 0.21064814814814814 0.008854166666666666 0.013888888888888888
5 0.215625 0.12916666666666668 0.020833333333333332 0.05462962962962963
1 0.4236979166666667 0.3541666666666667 0.009895833333333333 0.019444444444444445
1 0.69609375 0.1125 0.0067708333333333336 0.012037037037037037
1 0.6609375 0.13287037037037036 0.01875 0.013888888888888888
1 0.71171875 0.14907407407407408 0.018229166666666668 0.014814814814814815
1 0.6338541666666667 0.17175925925925925 0.007291666666666667 0.013888888888888888
1 0.6515625 0.25277777777777777 0.007291666666666667 0.014814814814814815
1 0.6572916666666667 0.2791666666666667 0.010416666666666666 0.01574074074074074
1 0.8723958333333334 0.22037037037037038 0.011458333333333333 0.014814814814814815