1 0.5770833333333333 0.09814814814814815 0.015625 0.018518518518518517
1 0.57109375 0.21388888888888888 0.008854166666666666 0.014814814814814815
5 0.215625 0.13518518518518519 0.020833333333333332 0.05555555555555555
1 0.42526041666666664 0.3597222222222222 0.009895833333333333 0.017592592592592594
1 0.6966145833333334 0.11342592592592593 0.0067708333333333336 0.012037037037037037
1 0.6611979166666667 0.13657407407407407 0.0203125 0.01574074074074074
1 0.7109375 0.15092592592592594 0.019791666666666666 0.014814814814814815
1 0.6338541666666667 0.17407407407407408 0.00625 0.011111111111111112
1 0.6502604166666667 0.2569444444444444 0.0067708333333333336 0.01574074074074074
1 0.6541666666666667 0.2814814814814815 0.015625 0.016666666666666666
1 0.871875 0.22777777777777777 0.011458333333333333 0.014814814814814815