1 0.5734375 0.09166666666666666 0.016666666666666666 0.020370370370370372
1 0.5755208333333334 0.20833333333333334 0.008333333333333333 0.016666666666666666
5 0.21666666666666667 0.12453703703703704 0.020833333333333332 0.05462962962962963
1 0.42161458333333335 0.3523148148148148 0.008854166666666666 0.021296296296296296
1 0.6942708333333333 0.1111111111111111 0.007291666666666667 0.012962962962962963
1 0.6614583333333334 0.13148148148148148 0.01875 0.012962962962962963
1 0.7127604166666667 0.14953703703703702 0.019270833333333334 0.01574074074074074
1 0.6341145833333334 0.16944444444444445 0.0067708333333333336 0.011111111111111112
1 0.6513020833333333 0.25277777777777777 0.0067708333333333336 0.014814814814814815
1 0.6583333333333333 0.2791666666666667 0.009375 0.019444444444444445
1 0.8739583333333333 0.22083333333333333 0.011458333333333333 0.01574074074074074