1 0.5515625 0.18287037037037038 0.0125 0.023148148148148147
1 0.50234375 0.32685185185185184 0.0067708333333333336 0.011111111111111112
5 0.153125 0.2388888888888889 0.023958333333333335 0.05925925925925926
1 0.36432291666666666 0.5087962962962963 0.0171875 0.025
1 0.67421875 0.20324074074074075 0.0078125 0.013888888888888888
1 0.6315104166666666 0.2310185185185185 0.021354166666666667 0.017592592592592594
1 0.6791666666666667 0.24722222222222223 0.022916666666666665 0.016666666666666666
1 0.5908854166666667 0.2810185185185185 0.009895833333333333 0.013888888888888888
1 0.6171875 0.38796296296296295 0.007291666666666667 0.016666666666666666
1 0.62265625 0.42453703703703705 0.013020833333333334 0.021296296296296296
1 0.8786458333333333 0.3486111111111111 0.020833333333333332 0.023148148148148147