1 0.5481770833333334 0.19953703703703704 0.015104166666666667 0.021296296296296296
1 0.49192708333333335 0.3486111111111111 0.0067708333333333336 0.010185185185185186
5 0.14088541666666668 0.25324074074074077 0.0234375 0.06018518518518518
1 0.3515625 0.5375 0.021875 0.030555555555555555
1 0.6721354166666667 0.21666666666666667 0.0067708333333333336 0.014814814814814815
1 0.6283854166666667 0.24768518518518517 0.021354166666666667 0.01574074074074074
1 0.6744791666666666 0.2611111111111111 0.023958333333333335 0.014814814814814815
1 0.5846354166666666 0.29814814814814816 0.009895833333333333 0.016666666666666666
1 0.61328125 0.4097222222222222 0.005729166666666666 0.01574074074074074
1 0.6169270833333333 0.44814814814814813 0.013020833333333334 0.020370370370370372
1 0.8776041666666666 0.37083333333333335 0.019791666666666666 0.021296296296296296