1 0.5661458333333333 0.1388888888888889 0.014583333333333334 0.018518518518518517
1 0.5364583333333334 0.2657407407407407 0.007291666666666667 0.012962962962962963
5 0.1890625 0.18981481481481483 0.021875 0.05740740740740741
1 0.3963541666666667 0.43148148148148147 0.010416666666666666 0.024074074074074074
1 0.6830729166666667 0.16018518518518518 0.0067708333333333336 0.012962962962962963
1 0.64375 0.1837962962962963 0.019791666666666666 0.013888888888888888
1 0.68984375 0.2 0.0203125 0.016666666666666666
1 0.6114583333333333 0.22314814814814815 0.00625 0.012962962962962963
1 0.6317708333333333 0.31666666666666665 0.008333333333333333 0.016666666666666666
1 0.6380208333333334 0.3453703703703704 0.014583333333333334 0.018518518518518517
1 0.8828125 0.2953703703703704 0.016666666666666666 0.020370370370370372