1 0.5598958333333334 0.15138888888888888 0.014583333333333334 0.017592592592592594
1 0.5247395833333334 0.2851851851851852 0.005729166666666666 0.009259259259259259
5 0.17838541666666666 0.20555555555555555 0.022395833333333334 0.05740740740740741
1 0.3854166666666667 0.45046296296296295 0.009375 0.019444444444444445
1 0.6802083333333333 0.1736111111111111 0.007291666666666667 0.013888888888888888
1 0.6385416666666667 0.19814814814814816 0.021875 0.014814814814814815
1 0.6869791666666667 0.2152777777777778 0.021875 0.017592592592592594
1 0.6044270833333333 0.23935185185185184 0.0078125 0.012037037037037037
1 0.6260416666666667 0.3365740740740741 0.008333333333333333 0.01574074074074074
1 0.63125 0.3712962962962963 0.015625 0.018518518518518517
1 0.8828125 0.30925925925925923 0.016666666666666666 0.022222222222222223