1 0.5161458333333333 0.26064814814814813 0.015625 0.021296296296296296
1 0.4591145833333333 0.4203703703703704 0.0140625 0.016666666666666666
5 0.103125 0.32037037037037036 0.025 0.06481481481481481
1 0.31354166666666666 0.625 0.013541666666666667 0.027777777777777776
1 0.65390625 0.26805555555555555 0.008854166666666666 0.01574074074074074
1 0.5981770833333333 0.3074074074074074 0.008854166666666666 0.012962962962962963
1 0.6393229166666666 0.324537037037037 0.024479166666666666 0.01574074074074074
1 0.5408854166666667 0.3712962962962963 0.018229166666666668 0.020370370370370372
1 0.57578125 0.4925925925925926 0.0078125 0.018518518518518517
1 0.5861979166666667 0.5365740740740741 0.0140625 0.023148148148148147
1 0.86484375 0.46064814814814814 0.027604166666666666 0.03425925925925926