1 0.5278645833333333 0.25972222222222224 0.025520833333333333 0.023148148148148147
1 0.4671875 0.41759259259259257 0.0125 0.014814814814814815
5 0.09817708333333333 0.3189814814814815 0.025520833333333333 0.06388888888888888
1 0.321875 0.6263888888888889 0.016666666666666666 0.021296296296296296
1 0.6559895833333333 0.2708333333333333 0.0078125 0.01574074074074074
1 0.6026041666666667 0.30416666666666664 0.010416666666666666 0.01574074074074074
1 0.64765625 0.3212962962962963 0.024479166666666666 0.016666666666666666
1 0.5559895833333334 0.36157407407407405 0.011979166666666667 0.017592592592592594
1 0.5856770833333333 0.48009259259259257 0.0067708333333333336 0.019444444444444445
1 0.5924479166666666 0.5203703703703704 0.013020833333333334 0.022222222222222223
1 0.86875 0.4462962962962963 0.019791666666666666 0.024074074074074074