1 0.5026041666666666 0.28564814814814815 0.0125 0.025
1 0.4388020833333333 0.44814814814814813 0.0078125 0.014814814814814815
5 0.071875 0.3421296296296296 0.026041666666666668 0.06574074074074074
1 0.2984375 0.6703703703703704 0.01875 0.02962962962962963
1 0.6393229166666666 0.2986111111111111 0.008854166666666666 0.01574074074074074
1 0.5794270833333334 0.34074074074074073 0.0078125 0.014814814814814815
1 0.6151041666666667 0.36064814814814816 0.025 0.01574074074074074
1 0.5169270833333334 0.39814814814814814 0.0171875 0.018518518518518517
1 0.5518229166666667 0.5199074074074074 0.015104166666666667 0.019444444444444445
1 0.5690104166666666 0.5675925925925925 0.015104166666666667 0.020370370370370372
1 0.8432291666666667 0.48564814814814816 0.020833333333333332 0.025