1 0.5078125 0.2898148148148148 0.014583333333333334 0.027777777777777776
1 0.43645833333333334 0.449537037037037 0.007291666666666667 0.013888888888888888
5 0.07864583333333333 0.34814814814814815 0.025 0.06481481481481481
1 0.3028645833333333 0.6587962962962963 0.0171875 0.03611111111111111
1 0.6395833333333333 0.28888888888888886 0.008333333333333333 0.014814814814814815
1 0.57734375 0.33935185185185185 0.0078125 0.017592592592592594
1 0.6111979166666667 0.35509259259259257 0.0265625 0.01574074074074074
1 0.5145833333333333 0.399537037037037 0.013541666666666667 0.021296296296296296
1 0.5510416666666667 0.5166666666666667 0.009375 0.025925925925925925
1 0.5643229166666667 0.5666666666666667 0.013020833333333334 0.022222222222222223
1 0.8315104166666667 0.49722222222222223 0.022395833333333334 0.018518518518518517