1 0.5075520833333333 0.28935185185185186 0.0171875 0.017592592592592594
1 0.428125 0.4361111111111111 0.007291666666666667 0.014814814814814815
5 0.08489583333333334 0.3365740740740741 0.027083333333333334 0.06574074074074074
1 0.30182291666666666 0.6393518518518518 0.0140625 0.026851851851851852
1 0.6348958333333333 0.28888888888888886 0.008333333333333333 0.016666666666666666
1 0.5705729166666667 0.3347222222222222 0.0067708333333333336 0.01574074074074074
1 0.5997395833333333 0.3574074074074074 0.025520833333333333 0.016666666666666666
1 0.4908854166666667 0.3851851851851852 0.019270833333333334 0.020370370370370372
1 0.5481770833333334 0.5018518518518519 0.011979166666666667 0.024074074074074074
1 0.56171875 0.5560185185185185 0.015104166666666667 0.021296296296296296
1 0.82421875 0.48935185185185187 0.021354166666666667 0.019444444444444445
2 0.9611979166666667 0.024074074074074074 0.05364583333333333 0.04814814814814815