1 0.5049479166666667 0.29259259259259257 0.0203125 0.020370370370370372
1 0.4270833333333333 0.4393518518518518 0.007291666666666667 0.013888888888888888
5 0.08541666666666667 0.33240740740740743 0.026041666666666668 0.06851851851851852
1 0.30416666666666664 0.638425925925926 0.013541666666666667 0.025
1 0.6341145833333334 0.2851851851851852 0.0078125 0.014814814814814815
1 0.5692708333333333 0.3333333333333333 0.007291666666666667 0.014814814814814815
1 0.5971354166666667 0.3587962962962963 0.025520833333333333 0.017592592592592594
1 0.48802083333333335 0.3837962962962963 0.01875 0.021296296296296296
1 0.5471354166666667 0.5027777777777778 0.0109375 0.022222222222222223
1 0.5591145833333333 0.5564814814814815 0.0140625 0.024074074074074074
1 0.8203125 0.4875 0.021875 0.019444444444444445
2 0.94140625 0.028703703703703703 0.05677083333333333 0.05185185185185185