1 0.5026041666666666 0.2912037037037037 0.015625 0.019444444444444445
1 0.42213541666666665 0.4351851851851852 0.0078125 0.014814814814814815
5 0.08203125 0.3277777777777778 0.0265625 0.06851851851851852
1 0.29921875 0.6351851851851852 0.016145833333333335 0.03148148148148148
1 0.6325520833333333 0.2791666666666667 0.008854166666666666 0.01574074074074074
1 0.5736979166666667 0.33240740740740743 0.016145833333333335 0.014814814814814815
1 0.5924479166666666 0.3597222222222222 0.022395833333333334 0.01574074074074074
1 0.47734375 0.3800925925925926 0.0171875 0.019444444444444445
1 0.5463541666666667 0.5037037037037037 0.010416666666666666 0.024074074074074074
1 0.5567708333333333 0.5564814814814815 0.015625 0.024074074074074074
1 0.8106770833333333 0.48333333333333334 0.021354166666666667 0.020370370370370372
2 0.90390625 0.04351851851851852 0.0640625 0.05555555555555555