1 0.5033854166666667 0.2898148148148148 0.0140625 0.018518518518518517
1 0.4244791666666667 0.43703703703703706 0.007291666666666667 0.014814814814814815
5 0.08333333333333333 0.33055555555555555 0.026041666666666668 0.06666666666666667
1 0.3028645833333333 0.638425925925926 0.016145833333333335 0.028703703703703703
1 0.6338541666666667 0.28425925925925927 0.009375 0.016666666666666666
1 0.5734375 0.33564814814814814 0.01875 0.017592592592592594
1 0.5947916666666667 0.3597222222222222 0.027083333333333334 0.01574074074074074
1 0.48151041666666666 0.38055555555555554 0.0140625 0.016666666666666666
1 0.54609375 0.5060185185185185 0.013020833333333334 0.025
1 0.55703125 0.5583333333333333 0.015104166666666667 0.022222222222222223
1 0.8169270833333333 0.4828703703703704 0.030729166666666665 0.025
2 0.9236979166666667 0.03657407407407407 0.059895833333333336 0.05462962962962963