1 0.5135416666666667 0.2865740740740741 0.017708333333333333 0.021296296296296296
1 0.4328125 0.4351851851851852 0.008333333333333333 0.016666666666666666
5 0.09635416666666667 0.32407407407407407 0.026041666666666668 0.06666666666666667
1 0.30703125 0.625 0.015104166666666667 0.02962962962962963
1 0.6385416666666667 0.2824074074074074 0.009375 0.014814814814814815
1 0.5841145833333333 0.3287037037037037 0.0140625 0.016666666666666666
1 0.6015625 0.35648148148148145 0.021875 0.016666666666666666
1 0.48385416666666664 0.3763888888888889 0.017708333333333333 0.017592592592592594
1 0.55546875 0.5013888888888889 0.011979166666666667 0.025
1 0.5638020833333334 0.5550925925925926 0.0171875 0.023148148148148147
1 0.8208333333333333 0.48564814814814816 0.022916666666666665 0.019444444444444445
2 0.9098958333333333 0.05324074074074074 0.065625 0.058333333333333334