1 0.2872395833333333 0.4393518518518518 0.0109375 0.019444444444444445
5 0.11067708333333333 0.17453703703703705 0.025520833333333333 0.06018518518518518
1 0.0546875 0.4685185185185185 0.011458333333333333 0.014814814814814815
1 0.5984375 0.4083333333333333 0.008333333333333333 0.016666666666666666
1 0.5020833333333333 0.4310185185185185 0.010416666666666666 0.017592592592592594
1 0.48541666666666666 0.47129629629629627 0.008333333333333333 0.016666666666666666
1 0.33932291666666664 0.3763888888888889 0.008854166666666666 0.01574074074074074
1 0.3484375 0.5828703703703704 0.010416666666666666 0.019444444444444445
1 0.31796875 0.638425925925926 0.0171875 0.030555555555555555
1 0.6328125 0.762962962962963 0.029166666666666667 0.03518518518518519
2 0.7255208333333333 0.2412037037037037 0.10729166666666666 0.08611111111111111