1 0.39010416666666664 0.6023148148148149 0.025 0.026851851851851852
1 0.5854166666666667 0.3162037037037037 0.011458333333333333 0.01574074074074074
1 0.5861979166666667 0.41388888888888886 0.0109375 0.018518518518518517
1 0.61015625 0.5106481481481482 0.0203125 0.023148148148148147
1 0.3424479166666667 0.5277777777777778 0.015104166666666667 0.02962962962962963
1 0.6140625 0.6967592592592593 0.023958333333333335 0.030555555555555555
1 0.6630208333333333 0.7462962962962963 0.019791666666666666 0.025925925925925925
2 0.22161458333333334 0.18055555555555555 0.09739583333333333 0.07962962962962963
1 0.7791666666666667 0.47453703703703703 0.022916666666666665 0.025
1 0.28541666666666665 0.8166666666666667 0.030208333333333334 0.07222222222222222
5 0.027083333333333334 0.7819444444444444 0.040625 0.10648148148148148