2 0.4041666666666667 0.12638888888888888 0.08125 0.0787037037037037
1 0.7510416666666667 0.3472222222222222 0.011458333333333333 0.014814814814814815
1 0.46875 0.4847222222222222 0.016666666666666666 0.03425925925925926
1 0.73828125 0.4587962962962963 0.033854166666666664 0.026851851851851852
1 0.9364583333333333 0.5787037037037037 0.034375 0.037037037037037035
1 0.7552083333333334 0.5703703703703704 0.013541666666666667 0.022222222222222223
1 0.49921875 0.5763888888888888 0.0265625 0.030555555555555555
5 0.16953125 0.6287037037037037 0.03697916666666667 0.09444444444444444
1 0.7765625 0.8351851851851851 0.019791666666666666 0.027777777777777776
1 0.7247395833333333 0.7731481481481481 0.0203125 0.040740740740740744
1 0.38828125 0.7041666666666667 0.022395833333333334 0.05277777777777778