1 0.4197916666666667 0.5800925925925926 0.015625 0.019444444444444445
1 0.6325520833333333 0.32546296296296295 0.011979166666666667 0.01574074074074074
1 0.62734375 0.4236111111111111 0.0109375 0.017592592592592594
1 0.6473958333333333 0.5222222222222223 0.023958333333333335 0.022222222222222223
1 0.37916666666666665 0.5041666666666667 0.01875 0.030555555555555555
1 0.646875 0.7097222222222223 0.01875 0.025
1 0.69296875 0.762962962962963 0.019270833333333334 0.025925925925925925
2 0.2791666666666667 0.16018518518518518 0.09375 0.07962962962962963
1 0.8200520833333333 0.4986111111111111 0.019270833333333334 0.025
1 0.3182291666666667 0.7768518518518519 0.028125 0.07777777777777778
5 0.0734375 0.7231481481481481 0.03958333333333333 0.1