2 0.36614583333333334 0.04351851851851852 0.059375 0.07592592592592592
1 0.5075520833333333 0.26481481481481484 0.0078125 0.014814814814814815
1 0.6455729166666667 0.25925925925925924 0.009895833333333333 0.016666666666666666
1 0.37942708333333336 0.31666666666666665 0.0109375 0.027777777777777776
1 0.6015625 0.3333333333333333 0.03125 0.027777777777777776
1 0.76328125 0.4666666666666667 0.021354166666666667 0.025925925925925925
1 0.6015625 0.42453703703703705 0.014583333333333334 0.023148148148148147
1 0.378125 0.38564814814814813 0.013541666666666667 0.030555555555555555
5 0.08515625 0.4263888888888889 0.0328125 0.0824074074074074
1 0.5723958333333333 0.6416666666666667 0.015625 0.03148148148148148
1 0.53046875 0.5837962962962963 0.0296875 0.030555555555555555
1 0.26875 0.47685185185185186 0.016666666666666666 0.02962962962962963