2 0.340625 0.040740740740740744 0.052083333333333336 0.07222222222222222
1 0.49114583333333334 0.27037037037037037 0.013541666666666667 0.024074074074074074
1 0.6255208333333333 0.26157407407407407 0.009375 0.01574074074074074
1 0.36770833333333336 0.3101851851851852 0.015625 0.024074074074074074
1 0.5791666666666667 0.3333333333333333 0.022916666666666665 0.02962962962962963
1 0.7489583333333333 0.48055555555555557 0.01875 0.020370370370370372
1 0.5786458333333333 0.43287037037037035 0.0125 0.021296296296296296
1 0.359375 0.3861111111111111 0.0125 0.022222222222222223
5 0.05651041666666667 0.4310185185185185 0.033854166666666664 0.0824074074074074
1 0.5458333333333333 0.6597222222222222 0.021875 0.04351851851851852
1 0.5015625 0.5925925925925926 0.016666666666666666 0.03148148148148148
1 0.24375 0.48703703703703705 0.013541666666666667 0.027777777777777776