2 0.38515625 0.05092592592592592 0.0609375 0.07407407407407407
1 0.53125 0.2763888888888889 0.008333333333333333 0.013888888888888888
1 0.6700520833333333 0.2726851851851852 0.008854166666666666 0.01574074074074074
1 0.40078125 0.33101851851851855 0.009895833333333333 0.028703703703703703
1 0.628125 0.3490740740740741 0.028125 0.025925925925925925
1 0.7927083333333333 0.48055555555555557 0.026041666666666668 0.025925925925925925
1 0.628125 0.4412037037037037 0.014583333333333334 0.025
1 0.4049479166666667 0.399537037037037 0.016145833333333335 0.032407407407407406
5 0.10572916666666667 0.43333333333333335 0.03229166666666667 0.08148148148148149
1 0.6018229166666667 0.6527777777777778 0.015104166666666667 0.02962962962962963
1 0.5578125 0.5930555555555556 0.034375 0.03611111111111111
1 0.2942708333333333 0.49212962962962964 0.019791666666666666 0.03425925925925926