2 0.33151041666666664 0.044444444444444446 0.05260416666666667 0.07592592592592592
1 0.48098958333333336 0.2759259259259259 0.013020833333333334 0.022222222222222223
1 0.6223958333333334 0.2740740740740741 0.009375 0.014814814814814815
1 0.3619791666666667 0.3194444444444444 0.013541666666666667 0.025925925925925925
1 0.5734375 0.350462962962963 0.022916666666666665 0.028703703703703703
1 0.74921875 0.4949074074074074 0.021354166666666667 0.023148148148148147
1 0.5755208333333334 0.45231481481481484 0.0125 0.021296296296296296
1 0.34921875 0.3962962962962963 0.009895833333333333 0.024074074074074074
5 0.04088541666666667 0.449537037037037 0.034895833333333334 0.08425925925925926
1 0.5364583333333334 0.6865740740740741 0.020833333333333332 0.03796296296296296
1 0.4942708333333333 0.6212962962962963 0.015625 0.027777777777777776
1 0.23619791666666667 0.5074074074074074 0.0140625 0.025925925925925925