2 0.32395833333333335 0.040740740740740744 0.06354166666666666 0.08148148148148149
1 0.4783854166666667 0.30694444444444446 0.0140625 0.030555555555555555
1 0.6294270833333333 0.3060185185185185 0.008854166666666666 0.017592592592592594
1 0.37552083333333336 0.33564814814814814 0.0125 0.028703703703703703
1 0.5692708333333333 0.3763888888888889 0.017708333333333333 0.025
1 0.7463541666666667 0.5314814814814814 0.020833333333333332 0.027777777777777776
1 0.5783854166666667 0.4912037037037037 0.0203125 0.019444444444444445
1 0.35130208333333335 0.42314814814814816 0.011979166666666667 0.03148148148148148
5 0.022135416666666668 0.5138888888888888 0.0359375 0.08518518518518518
1 0.5265625 0.6962962962962963 0.027083333333333334 0.046296296296296294
1 0.48489583333333336 0.6638888888888889 0.020833333333333332 0.02962962962962963
1 0.22526041666666666 0.5449074074074074 0.015104166666666667 0.03425925925925926