2 0.34296875 0.026851851851851852 0.07447916666666667 0.053703703703703705
1 0.46822916666666664 0.3106481481481482 0.015625 0.028703703703703703
1 0.6255208333333333 0.31851851851851853 0.009375 0.018518518518518517
1 0.3731770833333333 0.33287037037037037 0.009895833333333333 0.026851851851851852
1 0.5645833333333333 0.38101851851851853 0.013541666666666667 0.021296296296296296
1 0.7552083333333334 0.5671296296296297 0.023958333333333335 0.030555555555555555
1 0.57890625 0.524537037037037 0.0171875 0.021296296296296296
1 0.33932291666666664 0.43148148148148147 0.0140625 0.03518518518518519
1 0.51875 0.75 0.021875 0.05925925925925926
1 0.4674479166666667 0.7333333333333333 0.0171875 0.025925925925925925
1 0.20130208333333333 0.5768518518518518 0.0203125 0.046296296296296294