1 0.9001927312775331 0.781891495601173 0.0030286343612334803 0.002932551319648094
1 0.8974394273127754 0.7786840175953079 0.004680616740088106 0.004215542521994135
2 0.8873898678414097 0.7876649560117303 0.0236784140969163 0.02071114369501466
2 0.6360132158590308 0.6425036656891495 0.0236784140969163 0.02034457478005865
2 0.7829019823788547 0.717375366568915 0.03166299559471366 0.013196480938416423
1 0.8824339207048458 0.6289406158357771 0.006607929515418502 0.008247800586510264
1 0.7706497797356828 0.6512096774193549 0.004405286343612335 0.006964809384164223
1 0.8321861233480177 0.6737536656891495 0.006332599118942731 0.006598240469208211
1 0.8035517621145375 0.6331561583577713 0.005781938325991189 0.008614369501466275
1 0.8228248898678414 0.6248167155425219 0.006883259911894273 0.005131964809384164
1 0.8162169603524229 0.5738636363636364 0.0052312775330396475 0.007331378299120235
1 0.8726596916299559 0.5092558651026393 0.007984581497797356 0.006781524926686217
1 0.8610958149779736 0.4812133431085044 0.004680616740088106 0.008247800586510264
2 0.8963381057268722 0.47388196480938416 0.01459251101321586 0.019611436950146627