2 0.7567455947136564 0.591275659824047 0.026156387665198236 0.017961876832844576
2 0.8922081497797357 0.6730205278592375 0.0322136563876652 0.012829912023460411
1 0.9968337004405287 0.7356121700879765 0.004680616740088106 0.0034824046920821114
1 0.9986233480176211 0.7399193548387096 0.0027533039647577094 0.002932551319648094
2 0.9870594713656388 0.7440432551319648 0.024229074889867842 0.018878299120234605
1 0.9973843612334802 0.5903592375366569 0.0052312775330396475 0.009530791788856305
1 0.8851872246696035 0.6068548387096774 0.003303964757709251 0.007331378299120235
1 0.9369493392070485 0.5321664222873901 0.007709251101321586 0.006781524926686217
1 0.9414922907488987 0.5831195014662757 0.010187224669603524 0.008614369501466275
1 0.9191905286343612 0.5906341642228738 0.007984581497797356 0.007514662756598241
1 0.9439702643171806 0.6317815249266863 0.007433920704845815 0.006598240469208211
1 0.9933920704845814 0.44162390029325516 0.006057268722466961 0.008247800586510264