1 0.15253303964757708 0.7093108504398827 0.004955947136563877 0.0032991202346041057
1 0.16313325991189428 0.7239736070381232 0.01183920704845815 0.004765395894428153
1 0.12596365638766518 0.7302969208211144 0.010737885462555066 0.002749266862170088
1 0.14317180616740088 0.7387280058651027 0.009911894273127754 0.0031158357771260995
1 0.1723568281938326 0.7411107038123167 0.004955947136563877 0.004582111436950147
1 0.09719162995594714 0.8019611436950147 0.003854625550660793 0.0038489736070381232
1 0.13849118942731278 0.8293621700879765 0.004405286343612335 0.0036656891495601175
1 0.1676762114537445 0.751008064516129 0.007709251101321586 0.004582111436950147
2 0.19534691629955947 0.6937316715542522 0.01459251101321586 0.019794721407624633
2 0.029047356828193833 0.7981121700879765 0.02946035242290749 0.010080645161290322
2 0.08604074889867841 0.9074413489736071 0.02064977973568282 0.019428152492668622
2 0.2822136563876652 0.8513563049853372 0.014317180616740088 0.0186950146627566