1 0.4408039647577093 0.8571297653958945 0.006057268722466961 0.006048387096774193
1 0.4737059471365639 0.8709677419354839 0.009636563876651983 0.005865102639296188
1 0.5713105726872246 0.9479472140762464 0.007709251101321586 0.005131964809384164
1 0.4431442731277533 0.9506048387096774 0.005781938325991189 0.008614369501466275
1 0.3979900881057269 0.9257697947214076 0.006332599118942731 0.0036656891495601175
1 0.3959251101321586 0.9418988269794721 0.010462555066079295 0.004765395894428153
2 0.429102422907489 0.8640945747800587 0.015693832599118943 0.018878299120234605
2 0.3503579295154185 0.9265945747800587 0.018447136563876653 0.018878299120234605
2 0.5429515418502202 0.9387829912023461 0.017070484581497798 0.0186950146627566
2 0.5870044052863436 0.9589442815249267 0.017070484581497798 0.019428152492668622
1 0.5412995594713657 0.9235703812316716 0.009361233480176211 0.004398826979472141