5 0.7672081497797357 0.38865469208211145 0.016244493392070486 0.011180351906158358
3 0.45305616740088106 0.16119868035190615 0.038821585903083704 0.010447214076246334
2 0.1449614537444934 0.05434384164222874 0.04377753303964758 0.04967008797653959
1 0.30520374449339205 0.020436217008797653 0.014041850220264317 0.012646627565982404
1 0.411068281938326 0.045454545454545456 0.004405286343612335 0.005498533724340176
1 0.4737059471365639 0.02969208211143695 0.010187224669603524 0.006598240469208211
1 0.5465308370044053 0.038856304985337244 0.006057268722466961 0.007331378299120235
1 0.5373072687224669 0.030058651026392963 0.006332599118942731 0.006598240469208211
1 0.5417125550660793 0.017320381231671553 0.00908590308370044 0.005681818181818182
1 0.5590583700440529 0.021902492668621702 0.006883259911894273 0.00531524926686217
1 0.5498348017621145 0.0059567448680351905 0.008259911894273128 0.004582111436950147