1 0.41605571847507333 0.770512114537445 0.009530791788856305 0.0151431718061674
1 0.3804068914956012 0.8104350220264317 0.0071480938416422285 0.007433920704845815
1 0.4034090909090909 0.8460903083700441 0.006598240469208211 0.009911894273127754
1 0.4043255131964809 0.8627477973568282 0.006964809384164223 0.008535242290748899
1 0.3378848973607038 0.9101046255506607 0.0031158357771260995 0.005781938325991189
1 0.3501649560117302 0.9677863436123348 0.004215542521994135 0.010462555066079295
1 0.31112536656891493 0.932681718061674 0.0034824046920821114 0.005781938325991189
1 0.31918988269794724 0.9498898678414097 0.004215542521994135 0.007709251101321586
1 0.3179068914956012 0.9635187224669604 0.0071480938416422285 0.005781938325991189
5 0.1940982404692082 0.9658590308370044 0.009530791788856305 0.013766519823788546
2 0.09851539589442815 0.9954570484581498 0.01374633431085044 0.00908590308370044