5 0.4932184750733138 0.9095539647577092 0.0076979472140762464 0.0151431718061674
3 0.3341275659824047 0.7929515418502202 0.020161290322580645 0.016519823788546256
1 0.31699046920821117 0.8904185022026432 0.00531524926686217 0.009911894273127754
1 0.30471041055718473 0.9218061674008811 0.008614369501466275 0.011563876651982379
1 0.28134164222873903 0.9498898678414097 0.0032991202346041057 0.006607929515418502
1 0.24239369501466276 0.9087279735682819 0.005681818181818182 0.01459251101321586
4 0.24624266862170088 0.9080396475770925 0.0020161290322580645 0.006057268722466961
1 0.21114369501466276 0.8865638766519823 0.0036656891495601175 0.005506607929515419
1 0.2159090909090909 0.9505781938325991 0.005131964809384164 0.006883259911894273
1 0.19336510263929618 0.9317180616740088 0.004032258064516129 0.006057268722466961
1 0.17256231671554254 0.9083149779735683 0.0071480938416422285 0.00881057268722467
1 0.1971224340175953 0.9680616740088106 0.004948680351906158 0.008259911894273128