5 0.5203445747800587 0.5943006607929515 0.008064516129032258 0.01238986784140969
2 0.4899193548387097 0.7431167400881057 0.03519061583577713 0.03359030837004405
3 0.3530058651026393 0.4774229074889868 0.02126099706744868 0.009361233480176211
1 0.3387096774193548 0.5779185022026432 0.004032258064516129 0.006607929515418502
1 0.32340542521994137 0.6099944933920705 0.00531524926686217 0.007433920704845815
1 0.30599340175953077 0.6332599118942731 0.0034824046920821114 0.008259911894273128
1 0.26832844574780057 0.5865914096916299 0.004765395894428153 0.012940528634361233
4 0.2711693548387097 0.5882433920704846 0.0031158357771260995 0.004680616740088106
1 0.23561217008797655 0.5655286343612335 0.0034824046920821114 0.005506607929515419
1 0.23982771260997068 0.6335352422907489 0.0031158357771260995 0.005506607929515419
1 0.218841642228739 0.6108204845814978 0.0036656891495601175 0.0052312775330396475
1 0.1971224340175953 0.5849394273127754 0.0034824046920821114 0.007433920704845815
1 0.2220491202346041 0.648953744493392 0.004215542521994135 0.007158590308370044