5 0.5435300586510264 0.27987334801762115 0.007881231671554252 0.012940528634361233
2 0.48927785923753664 0.4149229074889868 0.03684017595307918 0.022026431718061675
2 0.36638563049853373 0.14895374449339208 0.020894428152492667 0.009911894273127754
1 0.3541972140762463 0.2553689427312775 0.0034824046920821114 0.005781938325991189
1 0.3344024926686217 0.28840859030837 0.006781524926686217 0.007984581497797356
1 0.3173570381231672 0.3080947136563877 0.0038489736070381232 0.006607929515418502
1 0.2836326979472141 0.2528909691629956 0.004215542521994135 0.0052312775330396475
4 0.2843658357771261 0.2588105726872247 0.0031158357771260995 0.004955947136563877
1 0.24954178885630499 0.23403083700440527 0.0034824046920821114 0.004955947136563877
1 0.2528409090909091 0.3057544052863436 0.0038489736070381232 0.005781938325991189
1 0.23258797653958943 0.28001101321585903 0.002932551319648094 0.004955947136563877
1 0.23451246334310852 0.31993392070484583 0.004582111436950147 0.004955947136563877
1 0.21077712609970675 0.25247797356828194 0.004032258064516129 0.005506607929515419