2 0.012554985337243401 0.1534966960352423 0.025109970674486802 0.0625
2 0.3507148093841642 0.4998623348017621 0.04747067448680352 0.09168502202643172
1 0.2127016129032258 0.7768447136563876 0.0093475073313783 0.018997797356828192
1 0.1534090909090909 0.8211729074889867 0.008064516129032258 0.00908590308370044
1 0.09512463343108504 0.8239262114537445 0.00843108504398827 0.01238986784140969
1 0.06488269794721407 0.763215859030837 0.009164222873900294 0.022026431718061675
1 0.04618768328445748 0.7637665198237885 0.0076979472140762464 0.011563876651982379
1 0.1497434017595308 0.704295154185022 0.0076979472140762464 0.011563876651982379
1 0.15230938416422288 0.6799284140969163 0.011363636363636364 0.01183920704845815
1 0.15734970674486803 0.611784140969163 0.008614369501466275 0.016519823788546256
1 0.1186766862170088 0.6130231277533039 0.006414956011730206 0.018447136563876653
1 0.07762096774193548 0.6350495594713657 0.008614369501466275 0.011288546255506607