5 0.009361233480176211 0.6131781524926686 0.018722466960352423 0.01777859237536657
1 0.5397852422907489 0.8475073313782991 0.01183920704845815 0.009897360703812317
1 0.5681442731277533 0.7564149560117303 0.01238986784140969 0.010997067448680353
1 0.5876927312775331 0.8204728739002932 0.02340308370044053 0.010447214076246334
1 0.5955396475770925 0.8098423753665689 0.012114537444933921 0.008980938416422288
1 0.6203193832599119 0.7948130498533724 0.013766519823788546 0.008247800586510264
1 0.6590033039647577 0.8172653958944281 0.010737885462555066 0.00843108504398827
1 0.670704845814978 0.8176319648093842 0.007709251101321586 0.009530791788856305
1 0.8379680616740088 0.9824046920821115 0.01789647577092511 0.01063049853372434
4 0.8514592511013216 0.9634347507331378 0.009636563876651983 0.008980938416422288
4 0.8602698237885462 0.9834127565982405 0.012940528634361233 0.008614369501466275
1 0.95443281938326 0.9829545454545454 0.017345814977973568 0.012463343108504398