2 0.3211729074889868 0.20518695014662758 0.02395374449339207 0.03060850439882698
3 0.3354900881057269 0.20097140762463342 0.011288546255506607 0.02584310850439883
2 0.3623348017621145 0.4088159824046921 0.040198237885462555 0.043804985337243404
1 0.4341960352422907 0.3149743401759531 0.007709251101321586 0.011913489736070381
1 0.48045154185022027 0.32560483870967744 0.01486784140969163 0.006414956011730206
1 0.4911894273127753 0.3341275659824047 0.007709251101321586 0.009530791788856305
1 0.4808645374449339 0.35135630498533726 0.0151431718061674 0.00843108504398827
4 0.5499724669603524 0.2590725806451613 0.006883259911894273 0.006414956011730206
1 0.5931993392070485 0.23093841642228738 0.0052312775330396475 0.004765395894428153
1 0.6368392070484582 0.31085043988269795 0.011013215859030838 0.01063049853372434
1 0.633397577092511 0.3493401759530792 0.010737885462555066 0.01063049853372434
5 0.8546255506607929 0.4846957478005865 0.015969162995594713 0.01154692082111437