2 0.2833333333333333 0.01714898177920686 0.015447154471544716 0.03429796355841372
2 0.5182926829268293 0.1639871382636656 0.03008130081300813 0.03215434083601286
2 0.4121951219512195 0.3821007502679528 0.03414634146341464 0.020364415862808145
2 0.3849593495934959 0.40836012861736337 0.03333333333333333 0.027867095391211148
1 0.46422764227642277 0.2840300107181136 0.008130081300813009 0.015005359056806002
1 0.44878048780487806 0.25937834941050375 0.008130081300813009 0.010718113612004287
1 0.43577235772357725 0.2909967845659164 0.008130081300813009 0.011789924973204717
1 0.44471544715447153 0.1264737406216506 0.008130081300813009 0.010718113612004287
1 0.40691056910569107 0.09807073954983923 0.012195121951219513 0.011789924973204717
1 0.3776422764227642 0.07609860664523044 0.015447154471544716 0.015005359056806002
1 0.3983739837398374 0.13344051446945338 0.011382113821138212 0.01607717041800643
1 0.39186991869918697 0.17363344051446947 0.008130081300813009 0.012861736334405145
1 0.37154471544715445 0.10718113612004287 0.013008130081300813 0.01714898177920686
1 0.3654471544715447 0.1302250803858521 0.015447154471544716 0.01822079314040729