2 0.721875 0.2652777777777778 0.04114583333333333 0.016666666666666666
2 0.8760416666666667 0.31851851851851853 0.025 0.025925925925925925
1 0.7787760416666667 0.2162037037037037 0.00390625 0.005555555555555556
1 0.808984375 0.2335648148148148 0.00390625 0.005092592592592593
1 0.8359375 0.22013888888888888 0.004166666666666667 0.0060185185185185185
1 0.8493489583333333 0.25925925925925924 0.00546875 0.007407407407407408
1 0.7602864583333333 0.20208333333333334 0.00390625 0.0060185185185185185
1 0.7345052083333333 0.23171296296296295 0.004427083333333333 0.00787037037037037
1 0.8861979166666667 0.2564814814814815 0.0046875 0.007407407407407408
1 0.8966145833333333 0.26782407407407405 0.004166666666666667 0.0060185185185185185
2 0.9350260416666667 0.24074074074074073 0.025260416666666667 0.022222222222222223
1 0.8545572916666667 0.21481481481481482 0.002864583333333333 0.005555555555555556
1 0.8684895833333334 0.23425925925925925 0.004166666666666667 0.007407407407407408
1 0.9108072916666666 0.23425925925925925 0.00390625 0.008333333333333333