2 0.7044270833333334 0.27361111111111114 0.0390625 0.01574074074074074
2 0.8553385416666667 0.3236111111111111 0.020052083333333335 0.021296296296296296
1 0.754296875 0.22777777777777777 0.00390625 0.005555555555555556
1 0.7834635416666667 0.24328703703703702 0.00390625 0.005092592592592593
1 0.8055989583333333 0.23148148148148148 0.00390625 0.005555555555555556
1 0.8223958333333333 0.26828703703703705 0.005208333333333333 0.006944444444444444
2 0.984765625 0.34675925925925927 0.03046875 0.030555555555555555
1 0.7356770833333334 0.21481481481481482 0.0036458333333333334 0.005555555555555556
1 0.7100260416666667 0.24259259259259258 0.0049479166666666664 0.006481481481481481
1 0.8580729166666666 0.2659722222222222 0.004166666666666667 0.006944444444444444
1 0.8669270833333333 0.2763888888888889 0.0046875 0.005555555555555556
2 0.9018229166666667 0.25069444444444444 0.022916666666666665 0.01990740740740741
1 0.8229166666666666 0.22708333333333333 0.004166666666666667 0.008796296296296297
1 0.8350260416666667 0.24513888888888888 0.004427083333333333 0.00787037037037037
1 0.876953125 0.24375 0.0033854166666666668 0.006944444444444444