2 0.60234375 0.3511574074074074 0.03177083333333333 0.014351851851851852
2 0.7018229166666666 0.4224537037037037 0.025 0.02175925925925926
2 0.8217447916666667 0.39166666666666666 0.02265625 0.021296296296296296
1 0.637109375 0.31504629629629627 0.0033854166666666668 0.005092592592592593
1 0.64609375 0.3247685185185185 0.0036458333333333334 0.005092592592592593
1 0.6705729166666666 0.3162037037037037 0.0036458333333333334 0.005555555555555556
1 0.6942708333333333 0.3460648148148148 0.005208333333333333 0.006944444444444444
1 0.6220052083333333 0.3076388888888889 0.0033854166666666668 0.005092592592592593
1 0.7235677083333333 0.34375 0.0033854166666666668 0.005092592592592593
2 0.7549479166666667 0.32916666666666666 0.015625 0.014814814814814815
1 0.6852864583333333 0.3122685185185185 0.0033854166666666668 0.0060185185185185185
1 0.6897135416666667 0.325 0.0033854166666666668 0.006481481481481481
1 0.7333333333333333 0.32199074074074074 0.0036458333333333334 0.0060185185185185185
1 0.73359375 0.3525462962962963 0.004166666666666667 0.005092592592592593
1 0.61484375 0.32916666666666666 0.0036458333333333334 0.006481481481481481