2 0.5986979166666667 0.3525462962962963 0.03177083333333333 0.014351851851851852
2 0.6908854166666667 0.4287037037037037 0.0265625 0.023148148148148147
2 0.818359375 0.39490740740740743 0.023177083333333334 0.021296296296296296
1 0.6354166666666666 0.31712962962962965 0.0036458333333333334 0.005555555555555556
1 0.644921875 0.3263888888888889 0.0033854166666666668 0.004629629629629629
1 0.6688802083333333 0.3178240740740741 0.0033854166666666668 0.005092592592592593
1 0.6920572916666666 0.3490740740740741 0.00546875 0.007407407407407408
1 0.6208333333333333 0.30925925925925923 0.0036458333333333334 0.005555555555555556
1 0.7216145833333333 0.34675925925925927 0.0036458333333333334 0.005555555555555556
2 0.7537760416666667 0.33101851851851855 0.014322916666666666 0.014814814814814815
1 0.6838541666666667 0.3138888888888889 0.0036458333333333334 0.006481481481481481
1 0.6880208333333333 0.32708333333333334 0.003125 0.0060185185185185185
1 0.7319010416666667 0.325 0.00390625 0.006481481481481481
1 0.7311197916666666 0.35462962962962963 0.004427083333333333 0.005555555555555556
1 0.613671875 0.33125 0.0033854166666666668 0.0060185185185185185