5 0.13636363636363635 0.7202572347266881 0.021103896103896104 0.027867095391211148
1 0.6732954545454546 0.3327974276527331 0.015422077922077922 0.01607717041800643
1 0.7390422077922078 0.3204715969989282 0.012175324675324676 0.01714898177920686
1 0.7167207792207793 0.3612004287245445 0.021103896103896104 0.012861736334405145
1 0.6209415584415584 0.14630225080385853 0.021103896103896104 0.022508038585209004
4 0.6578733766233766 0.08360128617363344 0.010551948051948052 0.015005359056806002
1 0.6343344155844156 0.10128617363344052 0.013798701298701298 0.01822079314040729
4 0.8226461038961039 0.03912111468381565 0.010551948051948052 0.013933547695605574
1 0.8242694805194806 0.0632368703108253 0.021915584415584416 0.023579849946409433
2 0.37905844155844154 0.03215434083601286 0.03896103896103896 0.06430868167202572
1 0.7617694805194806 0.3440514469453376 0.012175324675324676 0.02572347266881029
4 0.770698051948052 0.3177920685959271 0.008928571428571428 0.011789924973204717