2 0.7950520833333333 0.5465277777777777 0.040625 0.04861111111111111
1 0.466015625 0.6608796296296297 0.009114583333333334 0.009722222222222222
1 0.50234375 0.6900462962962963 0.016145833333333335 0.009722222222222222
5 0.391796875 0.7039351851851852 0.012760416666666666 0.03194444444444444
1 0.44895833333333335 0.655787037037037 0.0109375 0.009722222222222222
1 0.48997395833333335 0.7097222222222223 0.013802083333333333 0.012037037037037037
1 0.4688802083333333 0.6983796296296296 0.007552083333333333 0.00787037037037037
1 0.5135416666666667 0.6659722222222222 0.005208333333333333 0.009722222222222222
2 0.818359375 0.022916666666666665 0.01328125 0.04398148148148148
2 0.792578125 0.03449074074074074 0.012239583333333333 0.04953703703703704
2 0.91171875 0.011342592592592593 0.011458333333333333 0.022685185185185187