2 0.77578125 0.5131944444444444 0.04375 0.04675925925925926
1 0.4842447916666667 0.6618055555555555 0.012239583333333333 0.009722222222222222
1 0.5263020833333333 0.6861111111111111 0.016145833333333335 0.009259259259259259
5 0.4178385416666667 0.7129629629629629 0.012760416666666666 0.032407407407407406
1 0.4661458333333333 0.6581018518518519 0.009895833333333333 0.008796296296296297
1 0.5194010416666667 0.7104166666666667 0.014322916666666666 0.010648148148148148
1 0.4934895833333333 0.7006944444444444 0.00625 0.009722222222222222
1 0.5325520833333334 0.6594907407407408 0.0046875 0.009722222222222222
2 0.7390625 0.02361111111111111 0.013541666666666667 0.041666666666666664
2 0.7151041666666667 0.035416666666666666 0.0109375 0.047685185185185185
2 0.8220052083333333 0.011342592592592593 0.010677083333333334 0.022685185185185187