2 0.770703125 0.5013888888888889 0.04505208333333333 0.046296296296296294
1 0.48997395833333335 0.6645833333333333 0.01015625 0.009722222222222222
1 0.533984375 0.6849537037037037 0.015885416666666666 0.009722222222222222
5 0.42734375 0.7150462962962963 0.0125 0.03287037037037037
1 0.47161458333333334 0.6587962962962963 0.009895833333333333 0.008333333333333333
1 0.52890625 0.7081018518518518 0.015104166666666667 0.0125
1 0.5024739583333333 0.6990740740740741 0.005989583333333334 0.009259259259259259
1 0.5395833333333333 0.6574074074074074 0.0046875 0.010185185185185186
2 0.7131510416666667 0.024537037037037038 0.012760416666666666 0.040740740740740744
2 0.690625 0.03564814814814815 0.0109375 0.04814814814814815
2 0.7940104166666667 0.011342592592592593 0.010416666666666666 0.022685185185185187