2 0.737109375 0.46435185185185185 0.04505208333333333 0.03333333333333333
1 0.5223958333333333 0.6592592592592592 0.0078125 0.012962962962962963
1 0.5755208333333334 0.6722222222222223 0.015104166666666667 0.009259259259259259
5 0.48046875 0.7127314814814815 0.0125 0.033796296296296297
1 0.506640625 0.6546296296296297 0.006510416666666667 0.010185185185185186
1 0.5770833333333333 0.6949074074074074 0.014583333333333334 0.012037037037037037
1 0.5510416666666667 0.6918981481481481 0.00625 0.008796296296296297
1 0.57265625 0.6418981481481482 0.0046875 0.009722222222222222
2 0.591015625 0.03194444444444444 0.009114583333333334 0.044444444444444446
2 0.573828125 0.04421296296296296 0.01015625 0.04583333333333333
2 0.665234375 0.014583333333333334 0.00859375 0.027314814814814816