2 0.7192708333333333 0.4474537037037037 0.044270833333333336 0.03194444444444444
1 0.5678385416666667 0.655787037037037 0.005989583333333334 0.010648148148148148
1 0.6201822916666667 0.6569444444444444 0.014322916666666666 0.006481481481481481
5 0.5356770833333333 0.7055555555555556 0.0125 0.03333333333333333
1 0.5451822916666667 0.6493055555555556 0.0049479166666666664 0.0060185185185185185
1 0.62578125 0.6775462962962963 0.011979166666666667 0.013425925925925926
1 0.6015625 0.6780092592592593 0.0067708333333333336 0.006944444444444444
1 0.6096354166666667 0.6293981481481481 0.0046875 0.009722222222222222
2 0.5143229166666666 0.04189814814814815 0.008333333333333333 0.04212962962962963
2 0.49973958333333335 0.052314814814814814 0.009375 0.046296296296296294
2 0.5828125 0.019444444444444445 0.009895833333333333 0.03888888888888889