2 0.519921875 0.5548611111111111 0.021614583333333333 0.031018518518518518
5 0.5208333333333334 0.7854166666666667 0.011458333333333333 0.03287037037037037
1 0.5450520833333333 0.6949074074074074 0.0046875 0.012962962962962963
1 0.5688802083333333 0.7173611111111111 0.012239583333333333 0.010648148148148148
1 0.5819010416666667 0.7328703703703704 0.012239583333333333 0.010185185185185186
1 0.565625 0.7379629629629629 0.0067708333333333336 0.011111111111111112
1 0.5234375 0.7391203703703704 0.005208333333333333 0.010648148148148148
1 0.49518229166666666 0.7296296296296296 0.004427083333333333 0.010185185185185186
2 0.2623697916666667 0.18587962962962962 0.008072916666666667 0.0412037037037037
2 0.19622395833333334 0.2162037037037037 0.00703125 0.044444444444444446
2 0.184375 0.2273148148148148 0.008333333333333333 0.05