2 0.5119791666666667 0.41550925925925924 0.025 0.031018518518518518
5 0.5200520833333333 0.6298611111111111 0.011979166666666667 0.03194444444444444
2 0.2520833333333333 0.029861111111111113 0.008854166666666666 0.04212962962962963
2 0.18424479166666666 0.05787037037037037 0.008072916666666667 0.05
2 0.17044270833333333 0.07291666666666667 0.009114583333333334 0.05416666666666667
1 0.54453125 0.5435185185185185 0.004166666666666667 0.012962962962962963
1 0.570703125 0.5678240740740741 0.01171875 0.009722222222222222
1 0.5901041666666667 0.580787037037037 0.008333333333333333 0.00787037037037037
1 0.5688802083333333 0.5886574074074075 0.007552083333333333 0.010648148148148148
1 0.5233072916666667 0.5847222222222223 0.0049479166666666664 0.010185185185185186
1 0.49609375 0.5733796296296296 0.004166666666666667 0.008796296296296297