2 0.51015625 0.4212962962962963 0.024479166666666666 0.03148148148148148
5 0.5208333333333334 0.6305555555555555 0.011979166666666667 0.03148148148148148
2 0.2513020833333333 0.029861111111111113 0.008854166666666666 0.04398148148148148
2 0.18346354166666667 0.059953703703703703 0.00859375 0.050462962962962966
2 0.16822916666666668 0.07337962962962963 0.009375 0.055092592592592596
1 0.5451822916666667 0.5432870370370371 0.00390625 0.0125
1 0.571484375 0.5645833333333333 0.011197916666666667 0.010648148148148148
1 0.5891927083333334 0.5791666666666667 0.00703125 0.006481481481481481
1 0.5686197916666667 0.5856481481481481 0.00859375 0.011111111111111112
1 0.5235677083333333 0.5861111111111111 0.0049479166666666664 0.009259259259259259
1 0.49635416666666665 0.5729166666666666 0.004166666666666667 0.008796296296296297