2 0.4953125 0.44027777777777777 0.03177083333333333 0.032407407407407406
5 0.5213541666666667 0.6347222222222222 0.011979166666666667 0.030555555555555555
2 0.24739583333333334 0.030787037037037036 0.009375 0.04398148148148148
2 0.180078125 0.061342592592592594 0.008072916666666667 0.04861111111111111
2 0.163671875 0.07430555555555556 0.009635416666666667 0.05694444444444444
1 0.5473958333333333 0.5428240740740741 0.004166666666666667 0.0125
1 0.574609375 0.5659722222222222 0.009114583333333334 0.0125
1 0.5895833333333333 0.5793981481481482 0.005208333333333333 0.00787037037037037
1 0.5729166666666666 0.5875 0.0078125 0.010185185185185186
1 0.5244791666666667 0.5886574074074075 0.005729166666666666 0.009722222222222222
1 0.49921875 0.5738425925925926 0.0036458333333333334 0.00787037037037037