2 0.48880208333333336 0.44814814814814813 0.034895833333333334 0.03425925925925926
5 0.5161458333333333 0.6354166666666666 0.011979166666666667 0.03194444444444444
2 0.24583333333333332 0.030787037037037036 0.009895833333333333 0.04490740740740741
2 0.17942708333333332 0.06365740740740741 0.008333333333333333 0.04953703703703704
2 0.16276041666666666 0.0775462962962963 0.009895833333333333 0.056018518518518516
1 0.5463541666666667 0.5462962962962963 0.0046875 0.012962962962962963
1 0.5727864583333333 0.569212962962963 0.009114583333333334 0.011574074074074073
1 0.590625 0.5805555555555556 0.004166666666666667 0.007407407407407408
1 0.57109375 0.5914351851851852 0.008333333333333333 0.009722222222222222
1 0.5213541666666667 0.5905092592592592 0.005208333333333333 0.009722222222222222
1 0.496484375 0.5745370370370371 0.0049479166666666664 0.007407407407407408