2 0.41302083333333334 0.46828703703703706 0.03958333333333333 0.034722222222222224
5 0.43893229166666664 0.6351851851851852 0.01171875 0.032407407407407406
2 0.22942708333333334 0.0375 0.009895833333333333 0.04537037037037037
2 0.15559895833333334 0.06805555555555555 0.009635416666666667 0.05092592592592592
2 0.13658854166666667 0.0837962962962963 0.01015625 0.058333333333333334
1 0.4772135416666667 0.5479166666666667 0.00703125 0.0125
1 0.49947916666666664 0.5729166666666666 0.008333333333333333 0.011574074074074073
1 0.5162760416666666 0.5891203703703703 0.005989583333333334 0.00787037037037037
1 0.49700520833333334 0.6002314814814815 0.010677083333333334 0.011574074074074073
1 0.45169270833333336 0.5928240740740741 0.005989583333333334 0.011574074074074073
1 0.43216145833333336 0.5756944444444444 0.005989583333333334 0.008796296296296297