2 0.3958333333333333 0.4710648148148148 0.03958333333333333 0.034722222222222224
5 0.42161458333333335 0.6377314814814815 0.011458333333333333 0.031018518518518518
2 0.22513020833333333 0.03796296296296296 0.009635416666666667 0.044444444444444446
2 0.150390625 0.06944444444444445 0.009635416666666667 0.05
2 0.13151041666666666 0.0849537037037037 0.010416666666666666 0.05787037037037037
1 0.462890625 0.549074074074074 0.007552083333333333 0.012037037037037037
1 0.48515625 0.5719907407407407 0.008854166666666666 0.0125
1 0.5 0.5868055555555556 0.005208333333333333 0.009722222222222222
1 0.48216145833333335 0.5988425925925925 0.010677083333333334 0.009722222222222222
1 0.4361979166666667 0.594212962962963 0.00625 0.010648148148148148
1 0.41692708333333334 0.5773148148148148 0.005729166666666666 0.009259259259259259