2 0.32252604166666665 0.48055555555555557 0.03619791666666667 0.03425925925925926
5 0.3455729166666667 0.6365740740740741 0.011979166666666667 0.03148148148148148
2 0.20768229166666666 0.0349537037037037 0.01015625 0.04490740740740741
2 0.13072916666666667 0.06736111111111111 0.009375 0.04953703703703704
2 0.10651041666666666 0.08310185185185186 0.010416666666666666 0.0587962962962963
1 0.40013020833333335 0.55 0.01015625 0.011111111111111112
1 0.42161458333333335 0.5743055555555555 0.007291666666666667 0.0125
1 0.4322916666666667 0.5895833333333333 0.0109375 0.010648148148148148
1 0.4158854166666667 0.6018518518518519 0.009375 0.010185185185185186
1 0.36888020833333335 0.5944444444444444 0.010677083333333334 0.013888888888888888
1 0.35260416666666666 0.5777777777777777 0.005729166666666666 0.010185185185185186