2 0.3048177083333333 0.48333333333333334 0.03515625 0.03333333333333333
5 0.32721354166666666 0.637962962962963 0.01171875 0.03148148148148148
2 0.20403645833333334 0.035416666666666666 0.009635416666666667 0.04490740740740741
2 0.12552083333333333 0.06828703703703703 0.009375 0.050462962962962966
2 0.100390625 0.0837962962962963 0.010677083333333334 0.05925925925925926
1 0.38619791666666664 0.549537037037037 0.0078125 0.010185185185185186
1 0.405859375 0.5756944444444444 0.006510416666666667 0.011574074074074073
1 0.4158854166666667 0.5872685185185185 0.0125 0.009722222222222222
1 0.4 0.6016203703703704 0.008854166666666666 0.010648148148148148
1 0.352734375 0.5946759259259259 0.011197916666666667 0.013425925925925926
1 0.3372395833333333 0.5773148148148148 0.00625 0.009259259259259259