2 0.28684895833333335 0.4842592592592593 0.03567708333333333 0.03425925925925926
5 0.30859375 0.6381944444444444 0.011979166666666667 0.031018518518518518
2 0.19908854166666667 0.0349537037037037 0.01015625 0.04490740740740741
2 0.11901041666666666 0.06712962962962964 0.009375 0.05092592592592592
2 0.09322916666666667 0.0824074074074074 0.0109375 0.06018518518518518
1 0.369921875 0.5488425925925926 0.006510416666666667 0.009722222222222222
1 0.3890625 0.5729166666666666 0.00625 0.013425925925925926
1 0.39934895833333334 0.5863425925925926 0.012239583333333333 0.009722222222222222
1 0.38333333333333336 0.6006944444444444 0.008854166666666666 0.010648148148148148
1 0.33645833333333336 0.593287037037037 0.009375 0.011574074074074073
1 0.32174479166666664 0.575462962962963 0.00703125 0.011111111111111112