2 0.255078125 0.49560185185185185 0.030989583333333334 0.03935185185185185
5 0.2830729166666667 0.625 0.0125 0.030555555555555555
2 0.19140625 0.02638888888888889 0.0109375 0.046296296296296294
2 0.10911458333333333 0.06111111111111111 0.009895833333333333 0.05092592592592592
2 0.08033854166666667 0.07685185185185185 0.010677083333333334 0.062037037037037036
1 0.34765625 0.5351851851851852 0.005729166666666666 0.009259259259259259
1 0.36640625 0.5625 0.0078125 0.013888888888888888
1 0.3795572916666667 0.5789351851851852 0.007552083333333333 0.008796296296296297
1 0.3640625 0.5863425925925926 0.0078125 0.009722222222222222
1 0.321875 0.5712962962962963 0.010416666666666666 0.013888888888888888
1 0.3084635416666667 0.5506944444444445 0.010677083333333334 0.0125