2 0.22747395833333334 0.5087962962962963 0.03984375 0.03888888888888889
5 0.26393229166666665 0.625 0.012239583333333333 0.030555555555555555
2 0.18606770833333333 0.027777777777777776 0.010677083333333334 0.04722222222222222
2 0.10104166666666667 0.06458333333333334 0.010416666666666666 0.052314814814814814
2 0.071875 0.08194444444444444 0.011458333333333333 0.06111111111111111
1 0.3380208333333333 0.5287037037037037 0.0067708333333333336 0.010185185185185186
1 0.35390625 0.5560185185185185 0.00625 0.012962962962962963
1 0.365234375 0.5747685185185185 0.00703125 0.011574074074074073
1 0.3546875 0.5756944444444444 0.00625 0.013425925925925926
1 0.3111979166666667 0.5694444444444444 0.009375 0.014814814814814815
1 0.30026041666666664 0.5486111111111112 0.009895833333333333 0.011111111111111112