2 0.31028645833333335 0.4858796296296296 0.04401041666666667 0.03287037037037037
5 0.348046875 0.5912037037037037 0.01171875 0.027777777777777776
2 0.32447916666666665 0.022222222222222223 0.010416666666666666 0.044444444444444446
2 0.24296875 0.05555555555555555 0.009895833333333333 0.05185185185185185
2 0.21666666666666667 0.06921296296296296 0.010416666666666666 0.0587962962962963
1 0.42291666666666666 0.5060185185185185 0.004166666666666667 0.012037037037037037
1 0.4401041666666667 0.5347222222222222 0.00625 0.012037037037037037
1 0.4518229166666667 0.5541666666666667 0.008333333333333333 0.012962962962962963
1 0.44361979166666665 0.5472222222222223 0.00546875 0.010185185185185186
1 0.404296875 0.5368055555555555 0.006510416666666667 0.0125
1 0.39752604166666666 0.5164351851851852 0.005989583333333334 0.010648148148148148