2 0.3221354166666667 0.48680555555555555 0.044270833333333336 0.03194444444444444
5 0.36236979166666666 0.587037037037037 0.011197916666666667 0.027777777777777776
2 0.35260416666666666 0.020833333333333332 0.008854166666666666 0.041666666666666664
2 0.271484375 0.05092592592592592 0.009635416666666667 0.05185185185185185
2 0.243359375 0.06574074074074074 0.010677083333333334 0.058333333333333334
1 0.45755208333333336 0.5277777777777778 0.007291666666666667 0.010185185185185186
1 0.46927083333333336 0.549074074074074 0.008333333333333333 0.012962962962962963
1 0.46002604166666666 0.5405092592592593 0.006510416666666667 0.011574074074074073
1 0.42291666666666666 0.5256944444444445 0.007291666666666667 0.0125
1 0.41484375 0.5064814814814815 0.0078125 0.009259259259259259
1 0.4381510416666667 0.5011574074074074 0.0049479166666666664 0.011574074074074073