2 0.3157552083333333 0.4875 0.045572916666666664 0.03148148148148148
5 0.36223958333333334 0.5835648148148148 0.011458333333333333 0.02824074074074074
2 0.35234375 0.02060185185185185 0.008854166666666666 0.0412037037037037
2 0.2708333333333333 0.049305555555555554 0.009375 0.052314814814814814
2 0.2421875 0.06412037037037037 0.010416666666666666 0.0587962962962963
1 0.41875 0.5020833333333333 0.008854166666666666 0.011574074074074073
1 0.4401041666666667 0.4949074074074074 0.005208333333333333 0.012037037037037037
1 0.45989583333333334 0.5224537037037037 0.007291666666666667 0.009722222222222222
1 0.46184895833333334 0.5349537037037037 0.007552083333333333 0.009722222222222222
1 0.4708333333333333 0.544675925925926 0.008333333333333333 0.0125
1 0.4276041666666667 0.5238425925925926 0.0078125 0.0125