2 0.309375 0.4828703703703704 0.043229166666666666 0.02962962962962963
5 0.36158854166666665 0.575 0.011197916666666667 0.027777777777777776
2 0.3533854166666667 0.02013888888888889 0.009375 0.04027777777777778
2 0.27109375 0.04884259259259259 0.009375 0.052314814814814814
2 0.241015625 0.06458333333333334 0.010677083333333334 0.059722222222222225
1 0.42434895833333336 0.493287037037037 0.005989583333333334 0.009722222222222222
1 0.4412760416666667 0.48912037037037037 0.0049479166666666664 0.0125
1 0.458984375 0.5148148148148148 0.00859375 0.009259259259259259
1 0.46380208333333334 0.5266203703703703 0.00625 0.013425925925925926
1 0.47096354166666665 0.537962962962963 0.01015625 0.012962962962962963
1 0.4303385416666667 0.5131944444444444 0.009635416666666667 0.011574074074074073