2 0.3014322916666667 0.475 0.03828125 0.030555555555555555
5 0.3572916666666667 0.5592592592592592 0.0109375 0.026851851851851852
2 0.3536458333333333 0.020370370370370372 0.009375 0.040740740740740744
2 0.271484375 0.050462962962962966 0.009635416666666667 0.05092592592592592
2 0.241015625 0.06458333333333334 0.01015625 0.059722222222222225
1 0.43802083333333336 0.4789351851851852 0.0046875 0.010648148148148148
1 0.45416666666666666 0.49907407407407406 0.008333333333333333 0.010185185185185186
1 0.45846354166666664 0.5120370370370371 0.00703125 0.012037037037037037
1 0.46653645833333335 0.5238425925925926 0.008072916666666667 0.010648148148148148
1 0.4298177083333333 0.5013888888888889 0.009114583333333334 0.010185185185185186
1 0.420703125 0.4840277777777778 0.007552083333333333 0.010648148148148148