2 0.33033854166666665 0.38055555555555554 0.03567708333333333 0.03148148148148148
5 0.3279947916666667 0.480787037037037 0.009635416666666667 0.024537037037037038
2 0.49583333333333335 0.019444444444444445 0.011458333333333333 0.032407407407407406
2 0.4016927083333333 0.046064814814814815 0.009114583333333334 0.05138888888888889
2 0.362890625 0.06157407407407407 0.014322916666666666 0.05740740740740741
1 0.4434895833333333 0.4148148148148148 0.00625 0.008333333333333333
1 0.464453125 0.42407407407407405 0.005989583333333334 0.008333333333333333
1 0.4557291666666667 0.43310185185185185 0.0046875 0.00787037037037037
1 0.43802083333333336 0.4083333333333333 0.005208333333333333 0.005555555555555556
1 0.44114583333333335 0.43425925925925923 0.00625 0.008333333333333333
1 0.446875 0.45023148148148145 0.008333333333333333 0.010648148148148148