2 0.862109375 0.43148148148148147 0.03463541666666667 0.024074074074074074
5 0.7826822916666667 0.524537037037037 0.011197916666666667 0.025925925925925925
1 0.9576822916666666 0.5199074074074074 0.006510416666666667 0.009259259259259259
1 0.9572916666666667 0.5291666666666667 0.010416666666666666 0.008333333333333333
1 0.9829427083333333 0.5550925925925926 0.00859375 0.010185185185185186
1 0.9598958333333333 0.5555555555555556 0.008854166666666666 0.011111111111111112
1 0.940625 0.5509259259259259 0.010416666666666666 0.010185185185185186
1 0.941015625 0.5662037037037037 0.01171875 0.010185185185185186
5 0.3221354166666667 0.18449074074074073 0.0046875 0.010648148148148148
5 0.16341145833333334 0.12268518518518519 0.004427083333333333 0.010185185185185186
3 0.140625 0.6270833333333333 0.035416666666666666 0.020833333333333332
2 0.11236979166666666 0.5504629629629629 0.04244791666666667 0.08703703703703704