2 0.883984375 0.4340277777777778 0.04505208333333333 0.031018518518518518
5 0.78671875 0.5287037037037037 0.011458333333333333 0.025925925925925925
1 0.96796875 0.5256944444444445 0.00625 0.0060185185185185185
1 0.9690104166666667 0.5375 0.009895833333333333 0.007407407407407408
1 0.9692708333333333 0.5634259259259259 0.0109375 0.010185185185185186
1 0.989453125 0.5625 0.01328125 0.008333333333333333
1 0.9513020833333333 0.5615740740740741 0.009895833333333333 0.011111111111111112
1 0.9473958333333333 0.5743055555555555 0.0140625 0.008796296296296297
5 0.349609375 0.17847222222222223 0.0049479166666666664 0.010648148148148148
5 0.19921875 0.11481481481481481 0.004166666666666667 0.009259259259259259
3 0.16419270833333333 0.6085648148148148 0.032552083333333336 0.020833333333333332
2 0.12526041666666668 0.5326388888888889 0.04479166666666667 0.08287037037037037