2 0.8606770833333334 0.4270833333333333 0.043229166666666666 0.03009259259259259
5 0.75 0.5168981481481482 0.011458333333333333 0.02638888888888889
1 0.9302083333333333 0.5150462962962963 0.0067708333333333336 0.0060185185185185185
1 0.9302083333333333 0.5247685185185185 0.009375 0.006944444444444444
1 0.9303385416666666 0.5543981481481481 0.00859375 0.008796296296296297
1 0.9553385416666667 0.5511574074074074 0.010677083333333334 0.009722222222222222
1 0.9118489583333333 0.5502314814814815 0.008072916666666667 0.008796296296296297
1 0.9067708333333333 0.5634259259259259 0.0140625 0.010185185185185186
5 0.3352864583333333 0.1712962962962963 0.00390625 0.012962962962962963
5 0.18802083333333333 0.1087962962962963 0.004166666666666667 0.009259259259259259
3 0.161328125 0.5988425925925925 0.02734375 0.018055555555555554
2 0.09309895833333333 0.5243055555555556 0.04765625 0.08287037037037037