2 0.858984375 0.41921296296296295 0.04348958333333333 0.03009259259259259
5 0.737890625 0.5074074074074074 0.011197916666666667 0.026851851851851852
1 0.9200520833333333 0.5060185185185185 0.0067708333333333336 0.005555555555555556
1 0.9182291666666667 0.5152777777777777 0.008854166666666666 0.006481481481481481
1 0.9171875 0.5416666666666666 0.009895833333333333 0.011111111111111112
1 0.9434895833333333 0.5407407407407407 0.009895833333333333 0.008333333333333333
1 0.8971354166666666 0.5365740740740741 0.010416666666666666 0.008333333333333333
1 0.8934895833333333 0.5520833333333334 0.015104166666666667 0.011574074074074073
5 0.330078125 0.16620370370370371 0.0049479166666666664 0.012037037037037037
5 0.183203125 0.10231481481481482 0.0049479166666666664 0.010185185185185186
3 0.18658854166666666 0.5972222222222222 0.026822916666666665 0.017592592592592594
2 0.083203125 0.5189814814814815 0.047135416666666666 0.08055555555555556