2 0.9088541666666666 0.4263888888888889 0.04635416666666667 0.03148148148148148
5 0.7666666666666667 0.5131944444444444 0.011458333333333333 0.02638888888888889
1 0.9625 0.518287037037037 0.008854166666666666 0.006944444444444444
1 0.9583333333333334 0.5275462962962963 0.008854166666666666 0.006944444444444444
1 0.9563802083333334 0.5534722222222223 0.009635416666666667 0.008796296296296297
1 0.9841145833333333 0.5523148148148148 0.0109375 0.009259259259259259
1 0.9345052083333333 0.5481481481481482 0.014322916666666666 0.008333333333333333
1 0.9352864583333333 0.5587962962962963 0.012239583333333333 0.010185185185185186
5 0.3639322916666667 0.16203703703703703 0.004427083333333333 0.012962962962962963
5 0.221484375 0.09930555555555555 0.0049479166666666664 0.009722222222222222
3 0.28046875 0.5956018518518519 0.030208333333333334 0.01898148148148148
2 0.11588541666666667 0.5094907407407407 0.04895833333333333 0.07731481481481481