2 0.9350260416666667 0.42685185185185187 0.04869791666666667 0.03333333333333333
5 0.7673177083333333 0.5120370370370371 0.011197916666666667 0.026851851851851852
1 0.9744791666666667 0.5150462962962963 0.010416666666666666 0.00787037037037037
1 0.96484375 0.5206018518518518 0.011458333333333333 0.00787037037037037
1 0.9647135416666667 0.5481481481481482 0.014322916666666666 0.010185185185185186
1 0.99609375 0.5469907407407407 0.0078125 0.00787037037037037
1 0.9420572916666666 0.5453703703703704 0.01328125 0.007407407407407408
1 0.94453125 0.5564814814814815 0.014583333333333334 0.009259259259259259
5 0.36484375 0.15648148148148147 0.0046875 0.012962962962962963
5 0.222265625 0.09513888888888888 0.0049479166666666664 0.010648148148148148
3 0.413671875 0.6011574074074074 0.029947916666666668 0.018055555555555554
2 0.113671875 0.5097222222222222 0.05078125 0.07962962962962963