5 0.7020833333333333 0.4847222222222222 0.0109375 0.025925925925925925
5 0.14518229166666666 0.09907407407407408 0.004427083333333333 0.010185185185185186
5 0.2950520833333333 0.15787037037037038 0.0046875 0.011111111111111112
2 0.034765625 0.5511574074074074 0.06953125 0.08842592592592592
1 0.9408854166666667 0.47847222222222224 0.00625 0.008796296296296297
1 0.9173177083333334 0.47962962962962963 0.009635416666666667 0.010185185185185186
1 0.960546875 0.4986111111111111 0.01015625 0.010185185185185186
1 0.9255208333333333 0.5055555555555555 0.009375 0.011111111111111112
1 0.8899739583333334 0.5048611111111111 0.007552083333333333 0.010648148148148148
1 0.8975260416666667 0.5113425925925926 0.00859375 0.008796296296296297
1 0.97421875 0.5537037037037037 0.005729166666666666 0.009259259259259259
1 0.965234375 0.5518518518518518 0.008072916666666667 0.009259259259259259
3 0.9799479166666667 0.5370370370370371 0.019270833333333334 0.023148148148148147
2 0.9024739583333333 0.06898148148148148 0.02421875 0.0712962962962963