5 0.58046875 0.46944444444444444 0.010416666666666666 0.025925925925925925
5 0.15234375 0.1738425925925926 0.0046875 0.0125
2 0.9069010416666666 0.40370370370370373 0.040364583333333336 0.03333333333333333
1 0.798046875 0.4446759259259259 0.005989583333333334 0.008796296296296297
1 0.7783854166666667 0.44583333333333336 0.005208333333333333 0.008333333333333333
1 0.8182291666666667 0.46111111111111114 0.013020833333333334 0.010185185185185186
1 0.78671875 0.4722222222222222 0.007291666666666667 0.008333333333333333
1 0.7522135416666667 0.4722222222222222 0.006510416666666667 0.012037037037037037
1 0.758984375 0.4810185185185185 0.009635416666666667 0.010185185185185186
3 0.8345052083333333 0.4895833333333333 0.01953125 0.01990740740740741
1 0.8291666666666667 0.5101851851851852 0.005729166666666666 0.008333333333333333
1 0.819921875 0.5111111111111111 0.00703125 0.012037037037037037
2 0.8252604166666667 0.05 0.0203125 0.06296296296296296
2 0.746484375 0.06226851851851852 0.022135416666666668 0.06898148148148148