5 0.47760416666666666 0.46782407407407406 0.010416666666666666 0.02638888888888889
5 0.013411458333333333 0.19305555555555556 0.0049479166666666664 0.014814814814814815
2 0.7932291666666667 0.3840277777777778 0.03697916666666667 0.03009259259259259
1 0.6856770833333333 0.42685185185185187 0.005729166666666666 0.007407407407407408
1 0.6649739583333333 0.42962962962962964 0.006510416666666667 0.010185185185185186
1 0.7037760416666666 0.44351851851851853 0.00859375 0.010185185185185186
1 0.67421875 0.4537037037037037 0.00625 0.008333333333333333
1 0.6412760416666666 0.45532407407407405 0.006510416666666667 0.0125
1 0.648828125 0.46412037037037035 0.01015625 0.009722222222222222
3 0.7334635416666667 0.4576388888888889 0.028385416666666666 0.016203703703703703
2 0.6942708333333333 0.04791666666666667 0.017708333333333333 0.0625
2 0.6212239583333333 0.062037037037037036 0.020572916666666666 0.06574074074074074
2 0.8567708333333334 0.01875 0.0171875 0.0375
1 0.717578125 0.48541666666666666 0.0049479166666666664 0.008796296296296297
1 0.7067708333333333 0.48842592592592593 0.005208333333333333 0.010185185185185186