5 0.45078125 0.47476851851851853 0.010416666666666666 0.02638888888888889
2 0.7701822916666666 0.38634259259259257 0.03619791666666667 0.03009259259259259
3 0.7375 0.4636574074074074 0.025 0.01898148148148148
1 0.6596354166666667 0.42592592592592593 0.0046875 0.005555555555555556
1 0.676171875 0.4425925925925926 0.00859375 0.009259259259259259
1 0.6375 0.4310185185185185 0.0046875 0.009259259259259259
1 0.6451822916666666 0.4537037037037037 0.006510416666666667 0.008333333333333333
1 0.613671875 0.45393518518518516 0.005989583333333334 0.00787037037037037
1 0.6197916666666666 0.4613425925925926 0.008854166666666666 0.009722222222222222
2 0.6598958333333333 0.047685185185185185 0.015625 0.06481481481481481
2 0.5865885416666666 0.06365740740740741 0.02109375 0.06805555555555555
2 0.8186197916666667 0.01898148148148148 0.01640625 0.03796296296296296
1 0.6912760416666667 0.487962962962963 0.005989583333333334 0.009259259259259259
1 0.6783854166666666 0.49050925925925926 0.00625 0.011574074074074073