5 0.44388020833333336 0.5069444444444444 0.010677083333333334 0.026851851851851852
2 0.7888020833333333 0.41458333333333336 0.03854166666666667 0.033796296296296297
3 0.771875 0.5349537037037037 0.011458333333333333 0.015277777777777777
1 0.6615885416666667 0.45 0.00703125 0.008333333333333333
1 0.678515625 0.4673611111111111 0.008072916666666667 0.009722222222222222
1 0.63828125 0.4550925925925926 0.004166666666666667 0.009259259259259259
1 0.645703125 0.48333333333333334 0.006510416666666667 0.008333333333333333
1 0.6134114583333333 0.48541666666666666 0.00546875 0.00787037037037037
1 0.6188802083333333 0.49421296296296297 0.00859375 0.009722222222222222
2 0.6524739583333333 0.05347222222222222 0.015364583333333333 0.06435185185185185
2 0.5764322916666667 0.07013888888888889 0.019010416666666665 0.0699074074074074
2 0.8134114583333333 0.022222222222222223 0.018489583333333334 0.04351851851851852
1 0.69296875 0.5231481481481481 0.005208333333333333 0.010185185185185186
1 0.6766927083333333 0.5203703703703704 0.008072916666666667 0.011111111111111112