5 0.4361979166666667 0.5476851851851852 0.011458333333333333 0.02962962962962963
2 0.8098958333333334 0.45208333333333334 0.043229166666666666 0.03564814814814815
3 0.7604166666666666 0.6263888888888889 0.015104166666666667 0.018518518518518517
1 0.6671875 0.4824074074074074 0.005729166666666666 0.008333333333333333
1 0.684375 0.5006944444444444 0.007291666666666667 0.009722222222222222
1 0.641015625 0.4875 0.0049479166666666664 0.010185185185185186
1 0.6486979166666667 0.5222222222222223 0.00625 0.008333333333333333
1 0.616015625 0.5203703703703704 0.00703125 0.008333333333333333
1 0.6208333333333333 0.531712962962963 0.009895833333333333 0.011574074074074073
2 0.6484375 0.06180555555555556 0.015104166666666667 0.06527777777777778
2 0.5701822916666667 0.0798611111111111 0.018489583333333334 0.07083333333333333
2 0.8122395833333333 0.024305555555555556 0.019270833333333334 0.04675925925925926
1 0.6989583333333333 0.5638888888888889 0.00625 0.010185185185185186
1 0.6802083333333333 0.5606481481481481 0.008333333333333333 0.010185185185185186