5 0.4315104166666667 0.5726851851851852 0.011458333333333333 0.030555555555555555
2 0.8221354166666667 0.475 0.04635416666666667 0.03611111111111111
3 0.740625 0.6851851851851852 0.020833333333333332 0.024074074074074074
1 0.6705729166666666 0.5032407407407408 0.00625 0.008333333333333333
1 0.6873697916666667 0.5212962962962963 0.00859375 0.010185185185185186
1 0.6430989583333333 0.5092592592592593 0.006510416666666667 0.009259259259259259
1 0.650390625 0.5425925925925926 0.006510416666666667 0.008333333333333333
1 0.61640625 0.5414351851851852 0.0125 0.009722222222222222
1 0.6236979166666666 0.5525462962962963 0.009895833333333333 0.010648148148148148
2 0.647265625 0.06875 0.015885416666666666 0.06620370370370371
2 0.568359375 0.08703703703703704 0.019010416666666665 0.07222222222222222
2 0.8122395833333333 0.029166666666666667 0.020833333333333332 0.05648148148148148
1 0.7036458333333333 0.5872685185185185 0.005729166666666666 0.009722222222222222
1 0.6825520833333333 0.5854166666666667 0.008854166666666666 0.009722222222222222