5 0.41432291666666665 0.5800925925925926 0.0125 0.032407407407407406
2 0.8442708333333333 0.487962962962963 0.053125 0.03425925925925926
3 0.61171875 0.78125 0.03229166666666667 0.020833333333333332
1 0.6729166666666667 0.5055555555555555 0.00625 0.007407407407407408
1 0.690234375 0.5233796296296296 0.009114583333333334 0.010648148148148148
1 0.64296875 0.5125 0.008333333333333333 0.011111111111111112
1 0.6509114583333333 0.5472222222222223 0.00703125 0.009259259259259259
1 0.61640625 0.5462962962962963 0.013020833333333334 0.008333333333333333
1 0.62421875 0.5550925925925926 0.009375 0.011111111111111112
2 0.6384114583333333 0.06828703703703703 0.017447916666666667 0.06805555555555555
2 0.5571614583333333 0.08541666666666667 0.019010416666666665 0.07361111111111111
2 0.8046875 0.028935185185185185 0.021875 0.05694444444444444
1 0.70546875 0.5921296296296297 0.0067708333333333336 0.011111111111111112
1 0.6802083333333333 0.5891203703703703 0.009895833333333333 0.010648148148148148