5 0.40208333333333335 0.5104166666666666 0.0125 0.03194444444444444
2 0.859375 0.42685185185185187 0.05520833333333333 0.03518518518518519
3 0.41627604166666665 0.7810185185185186 0.04088541666666667 0.023148148148148147
1 0.6657552083333333 0.4444444444444444 0.00546875 0.006481481481481481
1 0.6860677083333333 0.45902777777777776 0.009635416666666667 0.010648148148148148
1 0.6345052083333333 0.44884259259259257 0.008072916666666667 0.010648148148148148
1 0.6436197916666667 0.48518518518518516 0.005989583333333334 0.011111111111111112
1 0.6100260416666666 0.480787037037037 0.014322916666666666 0.009722222222222222
1 0.6182291666666667 0.487962962962963 0.013541666666666667 0.011111111111111112
2 0.6220052083333333 0.04837962962962963 0.017447916666666667 0.06898148148148148
2 0.5407552083333333 0.06412037037037037 0.01953125 0.07268518518518519
2 0.791796875 0.02060185185185185 0.014322916666666666 0.0412037037037037
1 0.7014322916666667 0.5189814814814815 0.00546875 0.010185185185185186
1 0.6751302083333334 0.5194444444444445 0.010677083333333334 0.010185185185185186