5 0.29739583333333336 0.555324074074074 0.015104166666666667 0.03935185185185185
2 0.869140625 0.40717592592592594 0.031510416666666666 0.04675925925925926
1 0.6244791666666667 0.45787037037037037 0.0109375 0.012037037037037037
1 0.5959635416666667 0.45694444444444443 0.0049479166666666664 0.006481481481481481
1 0.5651041666666666 0.46319444444444446 0.011979166666666667 0.011574074074074073
1 0.5639322916666667 0.5113425925925926 0.007552083333333333 0.014351851851851852
1 0.6231770833333333 0.5511574074074074 0.010416666666666666 0.010648148148148148
1 0.578515625 0.5331018518518519 0.005989583333333334 0.006944444444444444
2 0.39296875 0.10393518518518519 0.0265625 0.07916666666666666
2 0.4830729166666667 0.08703703703703704 0.021354166666666667 0.06759259259259259
1 0.5453125 0.49583333333333335 0.00625 0.010185185185185186
2 0.669140625 0.0412037037037037 0.01953125 0.06481481481481481
1 0.5510416666666667 0.5023148148148148 0.0125 0.012037037037037037