5 0.2578125 0.5611111111111111 0.015104166666666667 0.03981481481481482
2 0.8303385416666667 0.40162037037037035 0.037760416666666664 0.0375
1 0.5942708333333333 0.4618055555555556 0.009895833333333333 0.009722222222222222
1 0.562109375 0.46435185185185185 0.00546875 0.006481481481481481
1 0.5294270833333333 0.46805555555555556 0.011979166666666667 0.011111111111111112
1 0.5321614583333333 0.5206018518518518 0.00859375 0.014351851851851852
1 0.5838541666666667 0.5474537037037037 0.009375 0.009722222222222222
1 0.544140625 0.5377314814814815 0.0049479166666666664 0.009722222222222222
2 0.34674479166666666 0.10787037037037037 0.026302083333333334 0.07777777777777778
2 0.43841145833333334 0.09097222222222222 0.021614583333333333 0.06898148148148148
1 0.5147135416666667 0.5041666666666667 0.006510416666666667 0.010185185185185186
2 0.6252604166666667 0.044444444444444446 0.021875 0.06296296296296296
1 0.5192708333333333 0.5113425925925926 0.013541666666666667 0.009722222222222222