5 0.2520833333333333 0.562962962962963 0.015625 0.040740740740740744
2 0.8266927083333333 0.39375 0.039322916666666666 0.03657407407407407
1 0.5919270833333333 0.45740740740740743 0.010416666666666666 0.012037037037037037
1 0.559375 0.45578703703703705 0.0046875 0.0060185185185185185
1 0.5296875 0.462037037037037 0.011979166666666667 0.011111111111111112
1 0.5286458333333334 0.5219907407407407 0.008854166666666666 0.015277777777777777
1 0.58046875 0.5509259259259259 0.008333333333333333 0.009259259259259259
1 0.539453125 0.5421296296296296 0.00546875 0.009259259259259259
2 0.33489583333333334 0.10787037037037037 0.028645833333333332 0.0824074074074074
2 0.42916666666666664 0.09421296296296296 0.022395833333333334 0.07175925925925926
2 0.6169270833333333 0.047685185185185185 0.019270833333333334 0.06481481481481481
1 0.5140625 0.49930555555555556 0.005729166666666666 0.009722222222222222
1 0.5177083333333333 0.5090277777777777 0.014583333333333334 0.010648148148148148