5 0.25247395833333336 0.5641203703703703 0.015364583333333333 0.04027777777777778
2 0.8251302083333333 0.39143518518518516 0.03984375 0.0375
1 0.5920572916666667 0.4534722222222222 0.009114583333333334 0.011574074074074073
1 0.5596354166666667 0.45439814814814816 0.004166666666666667 0.0060185185185185185
1 0.529296875 0.46064814814814814 0.012760416666666666 0.012037037037037037
1 0.5286458333333334 0.5206018518518518 0.009375 0.013425925925925926
1 0.5796875 0.5513888888888889 0.009895833333333333 0.011111111111111112
1 0.5369791666666667 0.5416666666666666 0.0046875 0.008333333333333333
2 0.33151041666666664 0.1099537037037037 0.027604166666666666 0.08101851851851852
2 0.42682291666666666 0.09375 0.022395833333333334 0.07083333333333333
2 0.6149739583333333 0.04837962962962963 0.01953125 0.06527777777777778
1 0.515234375 0.4976851851851852 0.005989583333333334 0.010185185185185186
1 0.5180989583333333 0.50625 0.01328125 0.010648148148148148