5 0.25533854166666664 0.5590277777777778 0.015364583333333333 0.04027777777777778
2 0.8165364583333333 0.38263888888888886 0.04140625 0.03657407407407407
1 0.5958333333333333 0.45092592592592595 0.009895833333333333 0.012037037037037037
1 0.56015625 0.45555555555555555 0.005729166666666666 0.006481481481481481
1 0.5299479166666666 0.46435185185185185 0.013020833333333334 0.011111111111111112
1 0.52890625 0.5173611111111112 0.009895833333333333 0.013425925925925926
1 0.5723958333333333 0.5444444444444444 0.0109375 0.012962962962962963
1 0.5350260416666667 0.5354166666666667 0.00546875 0.009722222222222222
2 0.32174479166666664 0.11273148148148149 0.02890625 0.08287037037037037
2 0.41875 0.0962962962962963 0.022916666666666665 0.07037037037037037
2 0.612109375 0.04837962962962963 0.01953125 0.06527777777777778
1 0.51640625 0.49444444444444446 0.005729166666666666 0.009259259259259259
1 0.5190104166666667 0.5037037037037037 0.0140625 0.010185185185185186