5 0.2565104166666667 0.5578703703703703 0.015104166666666667 0.040740740740740744
2 0.8149739583333333 0.3800925925925926 0.04088541666666667 0.037037037037037035
1 0.5971354166666667 0.45555555555555555 0.009375 0.009259259259259259
1 0.5604166666666667 0.45902777777777776 0.005208333333333333 0.006944444444444444
1 0.5286458333333334 0.46574074074074073 0.013541666666666667 0.010185185185185186
1 0.5283854166666667 0.5166666666666667 0.009375 0.012037037037037037
1 0.5701822916666667 0.5409722222222222 0.009635416666666667 0.014351851851851852
1 0.5333333333333333 0.5363425925925925 0.00625 0.008796296296296297
2 0.31809895833333335 0.1136574074074074 0.02890625 0.08287037037037037
2 0.4161458333333333 0.09652777777777778 0.0234375 0.07175925925925926
2 0.61015625 0.04953703703703704 0.0203125 0.06574074074074074
1 0.5158854166666667 0.49398148148148147 0.0067708333333333336 0.009259259259259259
1 0.517578125 0.5030092592592592 0.01484375 0.009722222222222222