5 0.2579427083333333 0.5597222222222222 0.015364583333333333 0.040740740740740744
2 0.8095052083333333 0.3733796296296296 0.04348958333333333 0.0375
1 0.5973958333333333 0.4546296296296296 0.0125 0.012962962962962963
1 0.5596354166666667 0.4599537037037037 0.00625 0.006944444444444444
1 0.527734375 0.46412037037037035 0.01328125 0.009722222222222222
1 0.5263020833333333 0.51875 0.010416666666666666 0.013425925925925926
1 0.566796875 0.5412037037037037 0.008072916666666667 0.012962962962962963
1 0.5315104166666667 0.5365740740740741 0.007291666666666667 0.009259259259259259
2 0.3111979166666667 0.11527777777777778 0.028645833333333332 0.08333333333333333
2 0.40989583333333335 0.09560185185185185 0.023958333333333335 0.07361111111111111
2 0.6061197916666666 0.04884259259259259 0.020052083333333335 0.06805555555555555
1 0.5162760416666666 0.49375 0.006510416666666667 0.008796296296296297
1 0.516796875 0.5034722222222222 0.014322916666666666 0.009722222222222222