5 0.257421875 0.5606481481481481 0.015364583333333333 0.03981481481481482
2 0.8013020833333333 0.36527777777777776 0.04739583333333333 0.03796296296296296
1 0.5993489583333333 0.4497685185185185 0.010677083333333334 0.011574074074074073
1 0.5635416666666667 0.4525462962962963 0.0046875 0.0060185185185185185
1 0.5315104166666667 0.462037037037037 0.0140625 0.010185185185185186
1 0.5600260416666667 0.5432870370370371 0.006510416666666667 0.011574074074074073
1 0.5286458333333334 0.5402777777777777 0.00625 0.007407407407407408
2 0.30104166666666665 0.11412037037037037 0.028645833333333332 0.0837962962962963
2 0.40013020833333335 0.09467592592592593 0.024739583333333332 0.0763888888888889
2 0.6032552083333333 0.04884259259259259 0.020572916666666666 0.06712962962962964
1 0.5153645833333333 0.4951388888888889 0.010416666666666666 0.009722222222222222
1 0.5180989583333333 0.5064814814814815 0.01484375 0.009259259259259259
1 0.5265625 0.5224537037037037 0.011458333333333333 0.0125