1 0.16571892770105606 0.6750535331905781 0.021121039805036556 0.031049250535331904
1 0.1868399675060926 0.7125267665952891 0.01462225832656377 0.02462526766595289
1 0.2851340373679935 0.5642398286937902 0.017871649065800164 0.019271948608137045
1 0.35499593826157594 0.5754817987152034 0.021121039805036556 0.02462526766595289
4 0.3517465475223396 0.5877944325481799 0.011372867587327376 0.017130620985010708
1 0.5170593013809911 0.45770877944325483 0.01868399675060926 0.033190578158458245
1 0.5154346060113729 0.21306209850107066 0.01868399675060926 0.02569593147751606
1 0.5129975629569455 0.17612419700214133 0.015434606011372868 0.018201284796573874
1 0.6665312753858651 0.23019271948608136 0.020308692120227456 0.021413276231263382
1 0.7071486596263201 0.4801927194860814 0.01380991064175467 0.020342612419700215
2 0.7615759545085297 0.44967880085653106 0.10316815597075549 0.1006423982869379