3 0.5701822916666667 0.5432870370370371 0.04192708333333333 0.03564814814814815
5 0.5076822916666667 0.2914351851851852 0.012239583333333333 0.03009259259259259
1 0.5776041666666667 0.46782407407407406 0.013020833333333334 0.013425925925925926
1 0.7764322916666667 0.6425925925925926 0.00546875 0.010185185185185186
1 0.6868489583333334 0.6506944444444445 0.010677083333333334 0.020833333333333332
1 0.620703125 0.6041666666666666 0.01171875 0.021296296296296296
1 0.4666666666666667 0.493287037037037 0.00625 0.008796296296296297
1 0.5423177083333334 0.7236111111111111 0.018489583333333334 0.012037037037037037
2 0.900390625 0.5300925925925926 0.05963541666666667 0.08333333333333333
1 0.5139322916666667 0.5439814814814815 0.0049479166666666664 0.011111111111111112
1 0.5061197916666667 0.5685185185185185 0.00546875 0.012037037037037037