3 0.4661458333333333 0.39328703703703705 0.03125 0.034722222222222224
5 0.39609375 0.3025462962962963 0.0125 0.03009259259259259
1 0.46510416666666665 0.46064814814814814 0.014583333333333334 0.012037037037037037
1 0.5723958333333333 0.6476851851851851 0.009375 0.01574074074074074
1 0.5096354166666667 0.6078703703703704 0.011458333333333333 0.020370370370370372
1 0.4334635416666667 0.7289351851851852 0.00859375 0.018055555555555554
2 0.7782552083333333 0.5023148148148148 0.05130208333333333 0.07777777777777778
1 0.3634114583333333 0.5013888888888889 0.00703125 0.010185185185185186
1 0.4122395833333333 0.5456018518518518 0.0067708333333333336 0.010648148148148148
1 0.40377604166666664 0.5828703703703704 0.006510416666666667 0.012037037037037037
1 0.663671875 0.606712962962963 0.009635416666666667 0.013425925925925926