3 0.37057291666666664 0.355787037037037 0.0359375 0.02638888888888889
5 0.39817708333333335 0.30115740740740743 0.0125 0.03009259259259259
1 0.46588541666666666 0.4599537037037037 0.015104166666666667 0.0125
1 0.5727864583333333 0.6511574074074075 0.008072916666666667 0.014351851851851852
1 0.508203125 0.6145833333333334 0.015885416666666666 0.018055555555555554
1 0.43776041666666665 0.7386574074074074 0.013541666666666667 0.014351851851851852
2 0.7803385416666667 0.5078703703703704 0.05130208333333333 0.0712962962962963
1 0.366796875 0.4979166666666667 0.006510416666666667 0.008796296296296297
1 0.4134114583333333 0.5405092592592593 0.007552083333333333 0.009722222222222222
1 0.40533854166666666 0.5856481481481481 0.00859375 0.013888888888888888
1 0.6609375 0.6141203703703704 0.007291666666666667 0.013425925925925926