5 0.39036458333333335 0.30277777777777776 0.0125 0.030555555555555555
1 0.46015625 0.46296296296296297 0.0109375 0.009259259259259259
3 0.030078125 0.3296296296296296 0.03723958333333333 0.022222222222222223
1 0.5631510416666666 0.6594907407407408 0.00703125 0.011574074074074073
1 0.4967447916666667 0.6300925925925925 0.015885416666666666 0.018518518518518517
1 0.42864583333333334 0.7414351851851851 0.0171875 0.015277777777777777
2 0.7774739583333333 0.5173611111111112 0.04869791666666667 0.07361111111111111
1 0.36809895833333334 0.5115740740740741 0.00703125 0.009259259259259259
1 0.4005208333333333 0.5523148148148148 0.0067708333333333336 0.008333333333333333
1 0.39895833333333336 0.6006944444444444 0.007291666666666667 0.0125
1 0.6549479166666666 0.6129629629629629 0.005208333333333333 0.011111111111111112