5 0.5036458333333333 0.2789351851851852 0.011979166666666667 0.029166666666666667
1 0.462890625 0.5909722222222222 0.008072916666666667 0.008796296296296297
2 0.7774739583333333 0.6104166666666667 0.039322916666666666 0.09027777777777778
1 0.6119791666666666 0.6261574074074074 0.007291666666666667 0.010648148148148148
1 0.36484375 0.6752314814814815 0.015104166666666667 0.01990740740740741
1 0.39205729166666664 0.5328703703703703 0.015364583333333333 0.014814814814814815
1 0.5190104166666667 0.6458333333333334 0.0078125 0.012037037037037037
1 0.49583333333333335 0.44305555555555554 0.010416666666666666 0.010185185185185186
1 0.40911458333333334 0.46273148148148147 0.007291666666666667 0.00787037037037037
1 0.408984375 0.49212962962962964 0.005989583333333334 0.010185185185185186
2 0.098828125 0.10069444444444445 0.08151041666666667 0.04583333333333333