5 0.45338541666666665 0.3784722222222222 0.011979166666666667 0.027314814814814816
2 0.5899739583333333 0.7157407407407408 0.055989583333333336 0.08055555555555556
1 0.21158854166666666 0.7134259259259259 0.01484375 0.01574074074074074
1 0.44505208333333335 0.7041666666666667 0.007291666666666667 0.010185185185185186
1 0.38776041666666666 0.5243055555555556 0.0140625 0.008796296296296297
1 0.31940104166666666 0.5291666666666667 0.006510416666666667 0.011111111111111112
1 0.30911458333333336 0.5511574074074074 0.0046875 0.00787037037037037
1 0.2805989583333333 0.5916666666666667 0.00546875 0.012037037037037037
1 0.32421875 0.6488425925925926 0.0067708333333333336 0.011574074074074073
1 0.353515625 0.7043981481481482 0.01328125 0.01712962962962963
2 0.17682291666666666 0.18912037037037038 0.06770833333333333 0.038425925925925926
2 0.44296875 0.01898148148148148 0.018229166666666668 0.016666666666666666
5 0.9490885416666667 0.06319444444444444 0.00546875 0.013425925925925926
3 0.050130208333333336 0.22777777777777777 0.009114583333333334 0.013888888888888888