5 0.44088541666666664 0.3648148148148148 0.011458333333333333 0.026851851851851852
2 0.5505208333333333 0.705787037037037 0.058854166666666666 0.08101851851851852
1 0.18098958333333334 0.6856481481481481 0.011979166666666667 0.013888888888888888
1 0.36666666666666664 0.5115740740740741 0.013020833333333334 0.009259259259259259
1 0.2970052083333333 0.5208333333333334 0.006510416666666667 0.008333333333333333
1 0.2830729166666667 0.5393518518518519 0.008333333333333333 0.014814814814814815
1 0.253125 0.5715277777777777 0.0067708333333333336 0.008796296296296297
1 0.29401041666666666 0.6335648148148149 0.008854166666666666 0.011574074074074073
1 0.3203125 0.6858796296296297 0.015625 0.015277777777777777
1 0.408984375 0.6828703703703703 0.006510416666666667 0.011111111111111112
2 0.1828125 0.17453703703703705 0.0671875 0.03518518518518519
2 0.4420572916666667 0.008101851851851851 0.01796875 0.016203703703703703
3 0.05677083333333333 0.2048611111111111 0.010416666666666666 0.015277777777777777
5 0.954296875 0.056712962962962965 0.00546875 0.014351851851851852