5 0.43984375 0.3592592592592593 0.011979166666666667 0.026851851851851852
2 0.5486979166666667 0.7155092592592592 0.06041666666666667 0.0763888888888889
1 0.16861979166666666 0.6858796296296297 0.01171875 0.015277777777777777
1 0.3634114583333333 0.5060185185185185 0.012760416666666666 0.008333333333333333
1 0.2989583333333333 0.5155092592592593 0.007291666666666667 0.008796296296296297
1 0.28268229166666664 0.5386574074074074 0.00703125 0.010648148148148148
1 0.252734375 0.5726851851851852 0.005989583333333334 0.008333333333333333
1 0.29348958333333336 0.6370370370370371 0.00625 0.011111111111111112
1 0.31354166666666666 0.6821759259259259 0.0171875 0.016203703703703703
1 0.4075520833333333 0.6800925925925926 0.00625 0.011111111111111112
2 0.190234375 0.16689814814814816 0.06744791666666666 0.03564814814814815
2 0.4368489583333333 0.005555555555555556 0.019010416666666665 0.011111111111111112
3 0.06614583333333333 0.1912037037037037 0.0125 0.017592592592592594
5 0.953515625 0.05740740740740741 0.0049479166666666664 0.014814814814814815