5 0.438671875 0.3587962962962963 0.01171875 0.026851851851851852
2 0.546875 0.7143518518518519 0.059895833333333336 0.07962962962962963
1 0.16328125 0.6872685185185186 0.011458333333333333 0.015277777777777777
1 0.3619791666666667 0.5032407407407408 0.013020833333333334 0.008333333333333333
1 0.298046875 0.5138888888888888 0.00703125 0.008333333333333333
1 0.28072916666666664 0.5344907407407408 0.005729166666666666 0.00787037037037037
1 0.25234375 0.5703703703703704 0.005208333333333333 0.007407407407407408
1 0.29205729166666666 0.6354166666666666 0.00859375 0.008796296296296297
1 0.3131510416666667 0.6817129629629629 0.017447916666666667 0.01712962962962963
1 0.405078125 0.6793981481481481 0.00703125 0.0125
2 0.19166666666666668 0.16435185185185186 0.0671875 0.03611111111111111
2 0.4354166666666667 0.004861111111111111 0.01875 0.009722222222222222
3 0.06822916666666666 0.1884259259259259 0.011979166666666667 0.016666666666666666
5 0.9532552083333333 0.0587962962962963 0.0049479166666666664 0.014814814814814815