5 0.5604166666666667 0.3541666666666667 0.011458333333333333 0.025925925925925925
2 0.6364583333333333 0.7300925925925926 0.06197916666666667 0.08148148148148149
1 0.4127604166666667 0.6550925925925926 0.016666666666666666 0.011111111111111112
2 0.344140625 0.14560185185185184 0.05703125 0.033796296296296297
1 0.46484375 0.4888888888888889 0.0046875 0.010185185185185186
1 0.41158854166666664 0.4951388888888889 0.006510416666666667 0.009722222222222222
1 0.3854166666666667 0.5085648148148149 0.005729166666666666 0.009722222222222222
1 0.3619791666666667 0.5328703703703703 0.005729166666666666 0.012037037037037037
1 0.396875 0.6201388888888889 0.00625 0.0125
1 0.2635416666666667 0.6444444444444445 0.010416666666666666 0.012962962962962963
1 0.5059895833333333 0.6636574074074074 0.0067708333333333336 0.014351851851851852
3 0.23658854166666668 0.15393518518518517 0.01796875 0.011574074074074073