5 0.6061197916666666 0.3541666666666667 0.011197916666666667 0.026851851851851852
2 0.608203125 0.7324074074074074 0.06796875 0.07592592592592592
2 0.43125 0.13217592592592592 0.0578125 0.03194444444444444
1 0.2657552083333333 0.6076388888888888 0.017447916666666667 0.0125
1 0.5 0.6523148148148148 0.009375 0.012037037037037037
1 0.43854166666666666 0.4708333333333333 0.005208333333333333 0.008333333333333333
1 0.47760416666666666 0.4724537037037037 0.005208333333333333 0.008796296296296297
1 0.41119791666666666 0.4842592592592593 0.005208333333333333 0.009259259259259259
1 0.38515625 0.5085648148148149 0.005729166666666666 0.0125
1 0.39791666666666664 0.6011574074074074 0.007291666666666667 0.009722222222222222
1 0.40625 0.631712962962963 0.009375 0.015277777777777777
3 0.3375 0.13657407407407407 0.015625 0.011111111111111112