5 0.603515625 0.3511574074074074 0.010677083333333334 0.027314814814814816
2 0.6013020833333333 0.7324074074074074 0.06822916666666666 0.07592592592592592
2 0.43111979166666664 0.13032407407407406 0.05755208333333333 0.031018518518518518
1 0.26171875 0.6069444444444444 0.018229166666666668 0.012037037037037037
1 0.4954427083333333 0.649537037037037 0.009114583333333334 0.012037037037037037
1 0.4734375 0.47291666666666665 0.007291666666666667 0.009722222222222222
1 0.433203125 0.4706018518518518 0.005989583333333334 0.008796296296296297
1 0.40546875 0.48194444444444445 0.005729166666666666 0.009259259259259259
1 0.38125 0.5037037037037037 0.0067708333333333336 0.010185185185185186
1 0.392578125 0.6030092592592593 0.00703125 0.009722222222222222
1 0.4022135416666667 0.632175925925926 0.008072916666666667 0.014351851851851852
3 0.33932291666666664 0.13587962962962963 0.016145833333333335 0.010648148148148148