5 0.7192708333333333 0.36180555555555555 0.011458333333333333 0.02824074074074074
2 0.7046875 0.7569444444444444 0.0734375 0.07592592592592592
2 0.5509114583333333 0.1300925925925926 0.055989583333333336 0.03148148148148148
1 0.36770833333333336 0.5831018518518518 0.015104166666666667 0.011574074074074073
1 0.5803385416666667 0.475462962962963 0.00546875 0.009259259259259259
1 0.5118489583333333 0.47685185185185186 0.005989583333333334 0.010185185185185186
1 0.5416666666666666 0.4699074074074074 0.005729166666666666 0.008333333333333333
1 0.4895833333333333 0.4928240740740741 0.0125 0.009722222222222222
1 0.496875 0.5986111111111111 0.0078125 0.011111111111111112
1 0.5069010416666667 0.6261574074074074 0.006510416666666667 0.014351851851851852
1 0.5975260416666667 0.6543981481481481 0.00703125 0.0125
3 0.45989583333333334 0.1300925925925926 0.019270833333333334 0.011111111111111112