5 0.7930989583333333 0.3712962962962963 0.01171875 0.027777777777777776
2 0.7424479166666667 0.7759259259259259 0.07708333333333334 0.07685185185185185
2 0.6369791666666667 0.125 0.0578125 0.03148148148148148
1 0.418359375 0.5627314814814814 0.01484375 0.011574074074074073
1 0.6389322916666667 0.4752314814814815 0.011197916666666667 0.008796296296296297
3 0.54921875 0.12291666666666666 0.017708333333333333 0.011574074074074073
1 0.60234375 0.4673611111111111 0.005208333333333333 0.00787037037037037
1 0.5697916666666667 0.47476851851851853 0.005208333333333333 0.008796296296296297
1 0.5453125 0.48912037037037037 0.0125 0.009722222222222222
1 0.54609375 0.5914351851851852 0.0109375 0.009722222222222222
1 0.5552083333333333 0.6141203703703704 0.005729166666666666 0.0125
1 0.6404947916666667 0.6543981481481481 0.010677083333333334 0.009722222222222222