5 0.7803385416666667 0.37222222222222223 0.012239583333333333 0.028703703703703703
2 0.7087239583333333 0.7784722222222222 0.07942708333333333 0.08287037037037037
2 0.6352864583333333 0.12476851851851851 0.05911458333333333 0.031018518518518518
1 0.38828125 0.5650462962962963 0.01875 0.010648148148148148
3 0.5532552083333333 0.12384259259259259 0.015885416666666666 0.011574074074074073
1 0.618359375 0.47337962962962965 0.01328125 0.008796296296296297
1 0.58359375 0.4699074074074074 0.0067708333333333336 0.009259259259259259
1 0.548828125 0.4759259259259259 0.005989583333333334 0.008333333333333333
1 0.523046875 0.48657407407407405 0.013802083333333333 0.009259259259259259
1 0.5151041666666667 0.5967592592592592 0.0078125 0.012962962962962963
1 0.5251302083333333 0.6171296296296296 0.006510416666666667 0.012037037037037037
1 0.6131510416666667 0.6395833333333333 0.009114583333333334 0.016203703703703703