5 0.748828125 0.37175925925925923 0.012239583333333333 0.02962962962962963
2 0.6510416666666666 0.7810185185185186 0.0796875 0.08055555555555556
2 0.6205729166666667 0.1261574074074074 0.057291666666666664 0.03009259259259259
1 0.34622395833333336 0.5645833333333333 0.015364583333333333 0.009722222222222222
3 0.5416666666666666 0.125 0.015104166666666667 0.012037037037037037
1 0.5795572916666667 0.475 0.012760416666666666 0.008333333333333333
1 0.548046875 0.4722222222222222 0.005989583333333334 0.009259259259259259
1 0.5139322916666667 0.4775462962962963 0.010677083333333334 0.014351851851851852
1 0.4859375 0.48912037037037037 0.013541666666666667 0.008796296296296297
1 0.474609375 0.5958333333333333 0.00703125 0.012962962962962963
1 0.48385416666666664 0.6166666666666667 0.0067708333333333336 0.012037037037037037
1 0.56484375 0.6268518518518519 0.008854166666666666 0.011111111111111112