5 0.7307291666666667 0.4340277777777778 0.011458333333333333 0.029166666666666667
2 0.6111979166666667 0.874537037037037 0.07760416666666667 0.0787037037037037
2 0.61875 0.16041666666666668 0.05677083333333333 0.03009259259259259
1 0.33294270833333334 0.6361111111111111 0.012239583333333333 0.011111111111111112
3 0.5450520833333333 0.15810185185185185 0.013020833333333334 0.011574074074074073
1 0.5627604166666667 0.5409722222222222 0.011458333333333333 0.008796296296296297
1 0.5328125 0.5400462962962963 0.0046875 0.00787037037037037
1 0.50078125 0.5453703703703704 0.00625 0.011111111111111112
1 0.47421875 0.5520833333333334 0.011979166666666667 0.009722222222222222
1 0.46145833333333336 0.6673611111111111 0.004166666666666667 0.00787037037037037
1 0.4720052083333333 0.6877314814814814 0.006510416666666667 0.011574074074074073
1 0.5342447916666667 0.6817129629629629 0.006510416666666667 0.010648148148148148