5 0.727734375 0.37800925925925927 0.01171875 0.029166666666666667
2 0.6016927083333333 0.8358796296296296 0.07578125 0.07916666666666666
2 0.620703125 0.0837962962962963 0.05755208333333333 0.032407407407407406
1 0.3338541666666667 0.5856481481481481 0.009375 0.008333333333333333
3 0.548046875 0.08171296296296296 0.01015625 0.011574074074074073
1 0.55859375 0.48657407407407405 0.0078125 0.009259259259259259
1 0.5006510416666666 0.49236111111111114 0.008072916666666667 0.0125
1 0.47096354166666665 0.49907407407407406 0.009114583333333334 0.012962962962962963
1 0.4666666666666667 0.6398148148148148 0.007291666666666667 0.012037037037037037
1 0.52890625 0.6247685185185186 0.0067708333333333336 0.010648148148148148
1 0.53125 0.48726851851851855 0.005729166666666666 0.008796296296296297
1 0.4576822916666667 0.6210648148148148 0.005989583333333334 0.009722222222222222