5 0.7248697916666667 0.4324074074074074 0.011197916666666667 0.025925925925925925
2 0.5921875 0.9182870370370371 0.0734375 0.07824074074074074
2 0.6235677083333333 0.10462962962962963 0.05651041666666667 0.032407407407407406
1 0.3358072916666667 0.6534722222222222 0.01171875 0.009722222222222222
3 0.5514322916666666 0.10578703703703704 0.008072916666666667 0.0125
1 0.553125 0.5435185185185185 0.0046875 0.007407407407407408
1 0.49973958333333335 0.5601851851851852 0.0067708333333333336 0.012962962962962963
1 0.4713541666666667 0.5611111111111111 0.0078125 0.012037037037037037
1 0.46328125 0.7074074074074074 0.005208333333333333 0.010185185185185186
1 0.5233072916666667 0.6655092592592593 0.0049479166666666664 0.008796296296296297
1 0.5274739583333333 0.5493055555555556 0.00546875 0.008796296296296297
1 0.45651041666666664 0.6912037037037037 0.005208333333333333 0.012037037037037037