5 0.7170572916666667 0.5078703703703704 0.011197916666666667 0.025
2 0.6264322916666667 0.15324074074074073 0.054427083333333334 0.03333333333333333
1 0.33567708333333335 0.7335648148148148 0.013020833333333334 0.008796296296296297
3 0.5520833333333334 0.1599537037037037 0.00625 0.011574074074074073
1 0.5447916666666667 0.6280092592592592 0.004166666666666667 0.009722222222222222
1 0.49440104166666665 0.6550925925925926 0.006510416666666667 0.011111111111111112
1 0.4686197916666667 0.6347222222222222 0.007552083333333333 0.010185185185185186
1 0.46236979166666664 0.7865740740740741 0.00546875 0.012962962962962963
1 0.5149739583333334 0.7391203703703704 0.00390625 0.006944444444444444
1 0.5184895833333333 0.6337962962962963 0.005208333333333333 0.009259259259259259
1 0.45416666666666666 0.7743055555555556 0.005208333333333333 0.009722222222222222