5 0.7166666666666667 0.507175925925926 0.0109375 0.02546296296296296
2 0.62578125 0.15208333333333332 0.0546875 0.033796296296296297
1 0.3338541666666667 0.7319444444444444 0.0125 0.009259259259259259
3 0.5532552083333333 0.16111111111111112 0.00546875 0.012037037037037037
1 0.5436197916666666 0.6268518518518519 0.004427083333333333 0.011111111111111112
1 0.4959635416666667 0.6553240740740741 0.006510416666666667 0.009722222222222222
1 0.46796875 0.6342592592592593 0.008333333333333333 0.011111111111111112
1 0.4625 0.7837962962962963 0.005729166666666666 0.012962962962962963
1 0.5127604166666667 0.7337962962962963 0.0036458333333333334 0.006481481481481481
1 0.51796875 0.6342592592592593 0.005208333333333333 0.009259259259259259
1 0.4532552083333333 0.7733796296296296 0.0049479166666666664 0.011574074074074073