5 0.7186197916666667 0.5078703703703704 0.010677083333333334 0.025925925925925925
2 0.626953125 0.15324074074074073 0.054427083333333334 0.03333333333333333
1 0.3338541666666667 0.7342592592592593 0.013020833333333334 0.009259259259259259
3 0.5545572916666667 0.16273148148148148 0.00546875 0.0125
1 0.5428385416666667 0.6305555555555555 0.00390625 0.010185185185185186
1 0.4942708333333333 0.6618055555555555 0.005729166666666666 0.010648148148148148
1 0.47018229166666664 0.6351851851851852 0.007552083333333333 0.011111111111111112
1 0.460546875 0.7777777777777778 0.005989583333333334 0.012962962962962963
1 0.5110677083333334 0.7347222222222223 0.004427083333333333 0.007407407407407408
1 0.5171875 0.6319444444444444 0.005208333333333333 0.009259259259259259
1 0.45143229166666665 0.7706018518518518 0.006510416666666667 0.010648148148148148