5 0.7166666666666667 0.507175925925926 0.0109375 0.02546296296296296
2 0.6322916666666667 0.15578703703703703 0.05364583333333333 0.033796296296296297
1 0.32317708333333334 0.7391203703703704 0.011979166666666667 0.009722222222222222
3 0.5533854166666666 0.1710648148148148 0.011458333333333333 0.014351851851851852
1 0.5372395833333333 0.6418981481481482 0.005729166666666666 0.008796296296296297
1 0.49609375 0.6835648148148148 0.005208333333333333 0.010648148148148148
1 0.469921875 0.6344907407407407 0.00546875 0.013425925925925926
1 0.469921875 0.7828703703703703 0.00546875 0.010185185185185186
1 0.5158854166666667 0.7393518518518518 0.005729166666666666 0.012962962962962963
1 0.516015625 0.6402777777777777 0.005989583333333334 0.009259259259259259
1 0.45 0.7736111111111111 0.00625 0.012037037037037037