5 0.7166666666666667 0.45439814814814816 0.011458333333333333 0.02546296296296296
2 0.634375 0.09861111111111111 0.053125 0.03518518518518519
1 0.3221354166666667 0.6851851851851852 0.009375 0.012962962962962963
3 0.5533854166666666 0.11226851851851852 0.011979166666666667 0.014351851851851852
1 0.5358072916666666 0.5902777777777778 0.0049479166666666664 0.009259259259259259
1 0.46953125 0.5800925925925926 0.005729166666666666 0.012962962962962963
1 0.470703125 0.7256944444444444 0.00546875 0.011574074074074073
1 0.512890625 0.6828703703703703 0.005989583333333334 0.011111111111111112
1 0.5158854166666667 0.5872685185185185 0.00625 0.010648148148148148
1 0.4959635416666667 0.632175925925926 0.004427083333333333 0.010648148148148148
1 0.45169270833333336 0.719212962962963 0.005989583333333334 0.009722222222222222
2 0.5595052083333333 0.9627314814814815 0.06953125 0.07083333333333333