5 0.7115885416666666 0.3886574074074074 0.010677083333333334 0.02638888888888889
2 0.5240885416666666 0.9243055555555556 0.07265625 0.07453703703703704
2 0.6451822916666666 0.021527777777777778 0.05703125 0.04212962962962963
1 0.5291666666666667 0.5356481481481481 0.0067708333333333336 0.008333333333333333
1 0.5040364583333333 0.5175925925925926 0.009635416666666667 0.010185185185185186
1 0.4591145833333333 0.5002314814814814 0.0046875 0.008796296296296297
1 0.4850260416666667 0.5956018518518519 0.00390625 0.006944444444444444
1 0.5053385416666667 0.6118055555555556 0.0049479166666666664 0.010648148148148148
1 0.4569010416666667 0.6537037037037037 0.005989583333333334 0.012037037037037037
1 0.4328125 0.638425925925926 0.0067708333333333336 0.009259259259259259
1 0.31197916666666664 0.6196759259259259 0.009375 0.0125
3 0.5087239583333333 0.10231481481481482 0.006510416666666667 0.013888888888888888