5 0.7143229166666667 0.42268518518518516 0.010416666666666666 0.026851851851851852
2 0.5259114583333333 0.9622685185185185 0.07473958333333333 0.06898148148148148
2 0.6446614583333333 0.05740740740740741 0.055989583333333336 0.044444444444444446
1 0.5298177083333333 0.5710648148148149 0.00546875 0.010648148148148148
1 0.5055989583333333 0.5532407407407407 0.010677083333333334 0.012037037037037037
1 0.4578125 0.5354166666666667 0.0046875 0.010648148148148148
1 0.48736979166666666 0.6300925925925925 0.006510416666666667 0.012037037037037037
1 0.45729166666666665 0.6851851851851852 0.0078125 0.01574074074074074
1 0.43463541666666666 0.6706018518518518 0.0046875 0.00787037037037037
1 0.30755208333333334 0.6534722222222222 0.009895833333333333 0.013425925925925926
3 0.5015625 0.1597222222222222 0.0078125 0.013888888888888888
1 0.509765625 0.6465277777777778 0.007552083333333333 0.00787037037037037