5 0.7217447916666667 0.23125 0.01171875 0.029166666666666667
2 0.50625 0.8261574074074074 0.07604166666666666 0.08101851851851852
1 0.49947916666666664 0.37175925925925923 0.008854166666666666 0.014814814814814815
1 0.45364583333333336 0.3627314814814815 0.005208333333333333 0.008796296296296297
1 0.44700520833333335 0.5224537037037037 0.00703125 0.013425925925925926
1 0.29583333333333334 0.49398148148148147 0.010416666666666666 0.012037037037037037
1 0.5220052083333333 0.40625 0.0049479166666666664 0.009722222222222222
1 0.50078125 0.4877314814814815 0.0067708333333333336 0.010648148148148148
1 0.4747395833333333 0.4837962962962963 0.008333333333333333 0.010185185185185186
1 0.42630208333333336 0.5106481481481482 0.00625 0.010185185185185186
3 0.44622395833333334 0.05393518518518518 0.007552083333333333 0.01712962962962963