5 0.7294270833333333 0.2652777777777778 0.011979166666666667 0.02962962962962963
2 0.499609375 0.9085648148148148 0.08098958333333334 0.08657407407407407
1 0.4953125 0.41458333333333336 0.0067708333333333336 0.009722222222222222
1 0.4484375 0.4064814814814815 0.005729166666666666 0.009259259259259259
1 0.440234375 0.5715277777777777 0.00703125 0.0125
1 0.28619791666666666 0.5476851851851852 0.0109375 0.012962962962962963
1 0.5194010416666667 0.45625 0.006510416666666667 0.008796296296296297
1 0.49765625 0.5351851851851852 0.00625 0.009259259259259259
1 0.4708333333333333 0.5381944444444444 0.005729166666666666 0.009722222222222222
1 0.41848958333333336 0.5638888888888889 0.005729166666666666 0.012037037037037037
3 0.428125 0.14166666666666666 0.008854166666666666 0.021296296296296296