5 0.7317708333333334 0.2800925925925926 0.011979166666666667 0.02962962962962963
2 0.49908854166666666 0.9495370370370371 0.08151041666666667 0.08611111111111111
1 0.49635416666666665 0.4358796296296296 0.005729166666666666 0.010648148148148148
1 0.44752604166666665 0.42986111111111114 0.006510416666666667 0.010648148148148148
1 0.43658854166666666 0.5935185185185186 0.00703125 0.014814814814814815
1 0.28020833333333334 0.569212962962963 0.011979166666666667 0.014351851851851852
1 0.5188802083333334 0.48148148148148145 0.009635416666666667 0.010185185185185186
1 0.4984375 0.5578703703703703 0.0067708333333333336 0.009259259259259259
1 0.46901041666666665 0.5622685185185186 0.00625 0.0125
1 0.4141927083333333 0.5849537037037037 0.006510416666666667 0.010648148148148148
3 0.4171875 0.20856481481481481 0.0078125 0.02175925925925926