5 0.6704427083333333 0.5289351851851852 0.01171875 0.02824074074074074
3 0.3372395833333333 0.7164351851851852 0.011458333333333333 0.03564814814814815
1 0.46953125 0.7388888888888889 0.0067708333333333336 0.009259259259259259
1 0.45234375 0.6837962962962963 0.007291666666666667 0.014814814814814815
1 0.401171875 0.6921296296296297 0.0049479166666666664 0.008333333333333333
1 0.45598958333333334 0.8074074074074075 0.005729166666666666 0.012037037037037037
1 0.425 0.8162037037037037 0.00625 0.012962962962962963
1 0.38763020833333334 0.837037037037037 0.00703125 0.011111111111111112
2 0.5971354166666667 0.14328703703703705 0.06041666666666667 0.04398148148148148
1 0.369921875 0.8361111111111111 0.006510416666666667 0.010185185185185186
1 0.22591145833333334 0.8398148148148148 0.010677083333333334 0.017592592592592594