5 0.6670572916666667 0.4444444444444444 0.011197916666666667 0.028703703703703703
3 0.335546875 0.6844907407407408 0.01015625 0.04212962962962963
1 0.46653645833333335 0.6363425925925926 0.00546875 0.010648148148148148
1 0.4557291666666667 0.5851851851851851 0.0046875 0.007407407407407408
1 0.40598958333333335 0.6081018518518518 0.004166666666666667 0.006944444444444444
1 0.45872395833333335 0.700925925925926 0.004427083333333333 0.014814814814814815
1 0.4283854166666667 0.7145833333333333 0.005729166666666666 0.010648148148148148
1 0.38919270833333336 0.731712962962963 0.00703125 0.008796296296296297
2 0.5946614583333333 0.06712962962962964 0.06067708333333333 0.041666666666666664
1 0.37395833333333334 0.7361111111111112 0.008333333333333333 0.008333333333333333
1 0.237890625 0.73125 0.008072916666666667 0.0125