5 0.6489583333333333 0.4391203703703704 0.011979166666666667 0.027314814814814816
3 0.32057291666666665 0.7034722222222223 0.010416666666666666 0.04490740740740741
1 0.4479166666666667 0.6335648148148149 0.005729166666666666 0.010648148148148148
1 0.4361979166666667 0.5814814814814815 0.005208333333333333 0.006481481481481481
1 0.38828125 0.6027777777777777 0.004166666666666667 0.007407407407407408
1 0.44388020833333336 0.6951388888888889 0.0049479166666666664 0.013425925925925926
1 0.4109375 0.7090277777777778 0.005208333333333333 0.009722222222222222
1 0.3736979166666667 0.7270833333333333 0.005729166666666666 0.010648148148148148
2 0.5720052083333333 0.06597222222222222 0.05963541666666667 0.043055555555555555
1 0.36106770833333335 0.7340277777777777 0.00546875 0.010648148148148148
1 0.21927083333333333 0.731712962962963 0.009895833333333333 0.016203703703703703