5 0.6342447916666667 0.43472222222222223 0.011197916666666667 0.027777777777777776
3 0.308984375 0.7335648148148148 0.011197916666666667 0.04583333333333333
1 0.4348958333333333 0.6377314814814815 0.005208333333333333 0.011574074074074073
1 0.422265625 0.5861111111111111 0.0049479166666666664 0.005555555555555556
1 0.371875 0.6092592592592593 0.004166666666666667 0.006481481481481481
1 0.43059895833333334 0.6981481481481482 0.0049479166666666664 0.017592592592592594
1 0.3971354166666667 0.7143518518518519 0.0046875 0.008333333333333333
1 0.35598958333333336 0.7277777777777777 0.00625 0.011111111111111112
2 0.5559895833333334 0.06967592592592593 0.0609375 0.04027777777777778
1 0.34765625 0.7349537037037037 0.005208333333333333 0.009722222222222222
1 0.20377604166666666 0.7416666666666667 0.009635416666666667 0.014814814814814815