5 0.6213541666666667 0.4388888888888889 0.0109375 0.026851851851851852
3 0.2864583333333333 0.7875 0.0140625 0.05092592592592592
1 0.42421875 0.6460648148148148 0.005208333333333333 0.010648148148148148
1 0.4078125 0.5965277777777778 0.0046875 0.006944444444444444
1 0.3578125 0.6175925925925926 0.0036458333333333334 0.006481481481481481
1 0.42356770833333335 0.7006944444444444 0.00546875 0.011574074074074073
1 0.384765625 0.7229166666666667 0.0049479166666666664 0.009722222222222222
1 0.3411458333333333 0.7298611111111111 0.005208333333333333 0.009722222222222222
2 0.5412760416666667 0.0712962962962963 0.06171875 0.044444444444444446
1 0.33372395833333335 0.7462962962962963 0.006510416666666667 0.012037037037037037
1 0.19231770833333334 0.7525462962962963 0.006510416666666667 0.011574074074074073