5 0.606640625 0.4076388888888889 0.010677083333333334 0.02638888888888889
3 0.28033854166666666 0.7736111111111111 0.014322916666666666 0.049074074074074076
1 0.41236979166666665 0.6101851851851852 0.005989583333333334 0.007407407407407408
1 0.4002604166666667 0.5615740740740741 0.005729166666666666 0.006481481481481481
1 0.35260416666666666 0.5821759259259259 0.008333333333333333 0.008796296296296297
1 0.4122395833333333 0.6585648148148148 0.00625 0.009722222222222222
1 0.37057291666666664 0.680324074074074 0.005729166666666666 0.009722222222222222
1 0.3360677083333333 0.6787037037037037 0.008072916666666667 0.013888888888888888
2 0.5265625 0.06018518518518518 0.059895833333333336 0.03981481481481482
1 0.33229166666666665 0.6969907407407407 0.0046875 0.009722222222222222
1 0.18671875 0.7118055555555556 0.0046875 0.008796296296296297