5 0.5733072916666667 0.36666666666666664 0.01015625 0.025
3 0.25833333333333336 0.731712962962963 0.0140625 0.047685185185185185
1 0.39140625 0.5585648148148148 0.0046875 0.00787037037037037
1 0.377734375 0.5136574074074074 0.0049479166666666664 0.00787037037037037
1 0.3321614583333333 0.5298611111111111 0.007552083333333333 0.011574074074074073
1 0.39479166666666665 0.5976851851851852 0.005729166666666666 0.011111111111111112
1 0.351171875 0.6229166666666667 0.006510416666666667 0.009722222222222222
1 0.3165364583333333 0.618287037037037 0.00859375 0.014351851851851852
2 0.49440104166666665 0.04675925925925926 0.05807291666666667 0.03888888888888889
1 0.31536458333333334 0.6386574074074074 0.005729166666666666 0.010648148148148148
1 0.17526041666666667 0.6574074074074074 0.0046875 0.007407407407407408
2 0.3578125 0.9136574074074074 0.07395833333333333 0.08287037037037037