5 0.5358072916666666 0.33402777777777776 0.009635416666666667 0.02361111111111111
3 0.23541666666666666 0.6969907407407407 0.011979166666666667 0.043055555555555555
1 0.36627604166666666 0.5189814814814815 0.004427083333333333 0.008333333333333333
1 0.3528645833333333 0.4789351851851852 0.00625 0.00787037037037037
1 0.305859375 0.49444444444444446 0.009635416666666667 0.009259259259259259
1 0.371875 0.5520833333333334 0.005208333333333333 0.010648148148148148
1 0.32721354166666666 0.5766203703703704 0.00703125 0.009722222222222222
1 0.29453125 0.5717592592592593 0.0067708333333333336 0.012962962962962963
2 0.45598958333333334 0.03634259259259259 0.05677083333333333 0.03657407407407407
1 0.29440104166666664 0.5905092592592592 0.009635416666666667 0.013425925925925926
2 0.334765625 0.8361111111111111 0.06848958333333334 0.07592592592592592
1 0.152734375 0.6155092592592593 0.00703125 0.008796296296296297