5 0.5201822916666666 0.30115740740740743 0.009114583333333334 0.022685185185185187
3 0.23567708333333334 0.6493055555555556 0.0109375 0.0375
1 0.3561197916666667 0.4726851851851852 0.004427083333333333 0.008333333333333333
1 0.3453125 0.4386574074074074 0.005208333333333333 0.008796296296296297
1 0.301171875 0.45393518518518516 0.00859375 0.008796296296296297
1 0.3611979166666667 0.4979166666666667 0.004166666666666667 0.009722222222222222
1 0.32083333333333336 0.5273148148148148 0.005729166666666666 0.009259259259259259
1 0.2897135416666667 0.525 0.007552083333333333 0.012962962962962963
2 0.44231770833333334 0.025231481481481483 0.05546875 0.034722222222222224
1 0.293359375 0.537962962962963 0.00859375 0.010185185185185186
2 0.32669270833333336 0.7578703703703704 0.06380208333333333 0.06851851851851852
1 0.15221354166666667 0.5668981481481481 0.006510416666666667 0.009722222222222222