5 0.5130208333333334 0.2828703703703704 0.009895833333333333 0.022222222222222223
3 0.23723958333333334 0.6180555555555556 0.011979166666666667 0.03888888888888889
1 0.351171875 0.44722222222222224 0.00546875 0.009259259259259259
1 0.34153645833333335 0.4099537037037037 0.00546875 0.006944444444444444
1 0.30130208333333336 0.42685185185185187 0.008333333333333333 0.011111111111111112
1 0.35455729166666666 0.47430555555555554 0.0049479166666666664 0.010648148148148148
1 0.31731770833333334 0.4930555555555556 0.005989583333333334 0.009259259259259259
1 0.28997395833333334 0.48935185185185187 0.007552083333333333 0.012962962962962963
2 0.4359375 0.017824074074074076 0.0546875 0.033796296296296297
1 0.29635416666666664 0.5018518518518519 0.007291666666666667 0.012037037037037037
2 0.3240885416666667 0.7094907407407407 0.062239583333333334 0.06527777777777778
1 0.155859375 0.5349537037037037 0.006510416666666667 0.010648148148148148