5 0.5096354166666667 0.2724537037037037 0.008854166666666666 0.02175925925925926
3 0.24088541666666666 0.6027777777777777 0.013541666666666667 0.03148148148148148
1 0.34921875 0.4335648148148148 0.005208333333333333 0.009722222222222222
1 0.33958333333333335 0.3974537037037037 0.0046875 0.00787037037037037
1 0.29986979166666666 0.4115740740740741 0.006510416666666667 0.011111111111111112
1 0.35455729166666666 0.4587962962962963 0.00390625 0.008333333333333333
1 0.31536458333333334 0.48032407407407407 0.005729166666666666 0.009722222222222222
1 0.2889322916666667 0.47175925925925927 0.00546875 0.009259259259259259
2 0.43307291666666664 0.016203703703703703 0.0546875 0.032407407407407406
1 0.29453125 0.4847222222222222 0.0036458333333333334 0.008333333333333333
2 0.32513020833333334 0.6865740740740741 0.05963541666666667 0.06296296296296296
1 0.158984375 0.5199074074074074 0.005989583333333334 0.010185185185185186