5 0.5075520833333333 0.23171296296296295 0.008333333333333333 0.020833333333333332
3 0.2654947916666667 0.5254629629629629 0.016927083333333332 0.022222222222222223
1 0.36223958333333334 0.3738425925925926 0.004166666666666667 0.00787037037037037
1 0.35247395833333334 0.34444444444444444 0.004427083333333333 0.007407407407407408
1 0.31145833333333334 0.35138888888888886 0.007291666666666667 0.009259259259259259
1 0.3678385416666667 0.3939814814814815 0.004427083333333333 0.009259259259259259
1 0.33046875 0.41412037037037036 0.005208333333333333 0.009722222222222222
1 0.3 0.40879629629629627 0.00625 0.011111111111111112
1 0.3104166666666667 0.42106481481481484 0.005729166666666666 0.00787037037037037
2 0.337890625 0.5849537037037037 0.05390625 0.05416666666666667
1 0.18841145833333334 0.4425925925925926 0.00546875 0.011111111111111112
1 0.2596354166666667 0.4949074074074074 0.005208333333333333 0.008333333333333333