5 0.5087239583333333 0.17824074074074073 0.007552083333333333 0.019444444444444445
3 0.2981770833333333 0.4275462962962963 0.027083333333333334 0.018055555555555554
1 0.37981770833333334 0.29907407407407405 0.002864583333333333 0.006481481481481481
1 0.369921875 0.27523148148148147 0.00390625 0.006944444444444444
1 0.33294270833333334 0.28125 0.006510416666666667 0.0060185185185185185
1 0.38450520833333335 0.31157407407407406 0.004427083333333333 0.008333333333333333
1 0.3516927083333333 0.3284722222222222 0.004427083333333333 0.00787037037037037
1 0.32330729166666666 0.3261574074074074 0.00546875 0.009722222222222222
1 0.3338541666666667 0.33541666666666664 0.004166666666666667 0.006944444444444444
2 0.35833333333333334 0.46574074074074073 0.0453125 0.044444444444444446
1 0.22174479166666666 0.350462962962963 0.008072916666666667 0.009259259259259259
1 0.2923177083333333 0.39444444444444443 0.0049479166666666664 0.007407407407407408