5 0.5084635416666666 0.1648148148148148 0.007552083333333333 0.018518518518518517
3 0.30833333333333335 0.4027777777777778 0.023958333333333335 0.016666666666666666
1 0.38372395833333334 0.2800925925925926 0.002864583333333333 0.005555555555555556
1 0.37473958333333335 0.25810185185185186 0.004166666666666667 0.00787037037037037
1 0.338671875 0.26296296296296295 0.00703125 0.006481481481481481
1 0.38815104166666664 0.2914351851851852 0.0033854166666666668 0.00787037037037037
1 0.356640625 0.30787037037037035 0.00390625 0.007407407407407408
1 0.3287760416666667 0.30648148148148147 0.004427083333333333 0.007407407407407408
1 0.3391927083333333 0.31550925925925927 0.00390625 0.006944444444444444
2 0.36302083333333335 0.4363425925925926 0.04375 0.043055555555555555
1 0.2296875 0.32916666666666666 0.005729166666666666 0.009259259259259259
1 0.30130208333333336 0.37037037037037035 0.004166666666666667 0.007407407407407408