5 0.5114583333333333 0.11388888888888889 0.0067708333333333336 0.016666666666666666
3 0.3453125 0.31319444444444444 0.024479166666666666 0.014351851851851852
1 0.3971354166666667 0.20810185185185184 0.0026041666666666665 0.005092592592592593
1 0.3875 0.1900462962962963 0.004166666666666667 0.0060185185185185185
1 0.35572916666666665 0.1925925925925926 0.00625 0.005555555555555556
1 0.399609375 0.22037037037037038 0.00390625 0.007407407407407408
1 0.37252604166666664 0.23449074074074075 0.0033854166666666668 0.0060185185185185185
1 0.34791666666666665 0.23217592592592592 0.003125 0.005092592592592593
1 0.3575520833333333 0.2449074074074074 0.0036458333333333334 0.004629629629629629
2 0.37578125 0.33819444444444446 0.03854166666666667 0.03657407407407407
1 0.2623697916666667 0.25462962962962965 0.0033854166666666668 0.006481481481481481
1 0.325390625 0.28379629629629627 0.00390625 0.006481481481481481