2 0.37721354166666665 0.8516203703703704 0.039322916666666666 0.03935185185185185
5 0.51171875 0.6310185185185185 0.0078125 0.019444444444444445
1 0.3921875 0.7074074074074074 0.0036458333333333334 0.008333333333333333
3 0.35403645833333336 0.8268518518518518 0.024739583333333332 0.019444444444444445
1 0.40091145833333336 0.7236111111111111 0.004427083333333333 0.006481481481481481
1 0.40390625 0.7349537037037037 0.0036458333333333334 0.006944444444444444
1 0.359765625 0.7097222222222223 0.0049479166666666664 0.006481481481481481
1 0.3770833333333333 0.7483796296296297 0.003125 0.006944444444444444
1 0.35182291666666665 0.7474537037037037 0.004166666666666667 0.008796296296296297
1 0.27096354166666664 0.7675925925925926 0.0049479166666666664 0.007407407407407408
2 0.4544270833333333 0.47800925925925924 0.040625 0.027314814814814816
2 0.6727864583333333 0.3800925925925926 0.011197916666666667 0.05
2 0.5006510416666666 0.27800925925925923 0.007552083333333333 0.03194444444444444
2 0.49661458333333336 0.2962962962962963 0.0078125 0.037037037037037035
2 0.491796875 0.28726851851851853 0.00703125 0.03009259259259259
1 0.328125 0.7993055555555556 0.004166666666666667 0.00787037037037037