2 0.3782552083333333 0.8712962962962963 0.039322916666666666 0.03796296296296296
3 0.3606770833333333 0.8456018518518519 0.025 0.016203703703703703
1 0.35325520833333335 0.7699074074074074 0.004427083333333333 0.009259259259259259
1 0.2734375 0.7881944444444444 0.0046875 0.00787037037037037
2 0.4552083333333333 0.5217592592592593 0.041666666666666664 0.025
5 0.512109375 0.6631944444444444 0.007552083333333333 0.01712962962962963
2 0.6708333333333333 0.43194444444444446 0.011458333333333333 0.05092592592592592
2 0.5010416666666667 0.33101851851851855 0.007291666666666667 0.025
1 0.33033854166666665 0.8180555555555555 0.004427083333333333 0.007407407407407408
2 0.49127604166666666 0.3386574074074074 0.007552083333333333 0.027314814814814816
2 0.49518229166666666 0.3474537037037037 0.009114583333333334 0.03194444444444444