2 0.38919270833333336 0.6391203703703704 0.03515625 0.03287037037037037
3 0.3932291666666667 0.6192129629629629 0.026041666666666668 0.011574074074074073
2 0.458203125 0.33032407407407405 0.03984375 0.022685185185185187
5 0.5110677083333334 0.46296296296296297 0.006510416666666667 0.01574074074074074
2 0.6618489583333333 0.23425925925925925 0.01328125 0.05462962962962963
1 0.364453125 0.555787037037037 0.00390625 0.006944444444444444
1 0.29348958333333336 0.5689814814814815 0.005208333333333333 0.007407407407407408
5 0.9927083333333333 0.3143518518518518 0.005208333333333333 0.012962962962962963
2 0.4998697916666667 0.13958333333333334 0.00703125 0.029166666666666667
2 0.4884114583333333 0.14699074074074073 0.007552083333333333 0.03009259259259259
2 0.49309895833333334 0.1648148148148148 0.009114583333333334 0.016666666666666666