2 0.5328125 0.24328703703703702 0.020833333333333332 0.056018518518518516
2 0.6548177083333333 0.6256944444444444 0.02734375 0.033796296296296297
2 0.23671875 0.14097222222222222 0.008854166666666666 0.01990740740740741
5 0.558203125 0.4449074074074074 0.007552083333333333 0.017592592592592594
3 0.441015625 0.7826388888888889 0.029427083333333333 0.01990740740740741
1 0.546484375 0.6777777777777778 0.00546875 0.007407407407407408
1 0.5002604166666667 0.6282407407407408 0.003125 0.005555555555555556
1 0.481640625 0.6236111111111111 0.0033854166666666668 0.006481481481481481
1 0.4842447916666667 0.6363425925925926 0.00390625 0.006944444444444444
1 0.4984375 0.6643518518518519 0.007291666666666667 0.010185185185185186
1 0.463671875 0.6358796296296296 0.00390625 0.006944444444444444
1 0.44947916666666665 0.6347222222222222 0.0036458333333333334 0.006481481481481481
1 0.44674479166666664 0.6425925925925926 0.0033854166666666668 0.006481481481481481
1 0.46458333333333335 0.6525462962962963 0.0036458333333333334 0.006944444444444444
5 0.587109375 0.2465277777777778 0.002864583333333333 0.010648148148148148
5 0.5520833333333334 0.19699074074074074 0.004166666666666667 0.008796296296296297