2 0.5322916666666667 0.25439814814814815 0.020833333333333332 0.056018518518518516
2 0.6705729166666666 0.6541666666666667 0.029166666666666667 0.03518518518518519
2 0.24609375 0.1486111111111111 0.008854166666666666 0.020370370370370372
5 0.57109375 0.46597222222222223 0.0078125 0.018055555555555554
3 0.46640625 0.8351851851851851 0.0328125 0.020370370370370372
1 0.5618489583333334 0.712037037037037 0.006510416666666667 0.008333333333333333
1 0.5166666666666667 0.6548611111111111 0.0046875 0.006944444444444444
1 0.49453125 0.6541666666666667 0.004166666666666667 0.006481481481481481
1 0.49713541666666666 0.669212962962963 0.004166666666666667 0.00787037037037037
1 0.510546875 0.6981481481481482 0.012239583333333333 0.013888888888888888
1 0.4739583333333333 0.6715277777777777 0.0036458333333333334 0.006944444444444444
1 0.456640625 0.6678240740740741 0.00390625 0.0060185185185185185
1 0.45390625 0.6770833333333334 0.0036458333333333334 0.0060185185185185185
1 0.473046875 0.6898148148148148 0.00546875 0.008333333333333333
5 0.5970052083333334 0.2585648148148148 0.002864583333333333 0.010648148148148148
5 0.5608072916666667 0.2064814814814815 0.00390625 0.009259259259259259