2 0.5322916666666667 0.2539351851851852 0.021354166666666667 0.056018518518518516
2 0.669921875 0.649074074074074 0.028385416666666666 0.03611111111111111
2 0.24986979166666667 0.14699074074074073 0.00859375 0.020833333333333332
5 0.57265625 0.4638888888888889 0.0078125 0.018518518518518517
3 0.47174479166666666 0.8298611111111112 0.03203125 0.020833333333333332
1 0.561328125 0.7083333333333334 0.006510416666666667 0.008333333333333333
1 0.5184895833333333 0.6520833333333333 0.004166666666666667 0.006944444444444444
1 0.49518229166666666 0.6520833333333333 0.00390625 0.0060185185185185185
1 0.4981770833333333 0.6648148148148149 0.004166666666666667 0.007407407407407408
1 0.5096354166666667 0.6912037037037037 0.0078125 0.012037037037037037
1 0.476171875 0.6675925925925926 0.0033854166666666668 0.006481481481481481
1 0.4578125 0.6650462962962963 0.0036458333333333334 0.0060185185185185185
1 0.45533854166666665 0.674074074074074 0.0033854166666666668 0.005555555555555556
1 0.475390625 0.6851851851851852 0.00546875 0.008333333333333333
5 0.5993489583333333 0.25810185185185186 0.002864583333333333 0.010648148148148148
5 0.5627604166666667 0.20717592592592593 0.0036458333333333334 0.00787037037037037