2 0.5188802083333334 0.10300925925925926 0.022135416666666668 0.0587962962962963
2 0.6666666666666666 0.48912037037037037 0.019791666666666666 0.04027777777777778
5 0.58359375 0.31875 0.0078125 0.018055555555555554
3 0.5115885416666667 0.6861111111111111 0.032552083333333336 0.023148148148148147
5 0.612109375 0.11041666666666666 0.00390625 0.008796296296296297
5 0.5748697916666666 0.05625 0.0033854166666666668 0.008796296296296297
1 0.5294270833333333 0.5016203703703703 0.0046875 0.0060185185185185185
1 0.5001302083333333 0.5097222222222222 0.007552083333333333 0.009259259259259259
1 0.501171875 0.5273148148148148 0.004427083333333333 0.007407407407407408
1 0.478515625 0.524537037037037 0.005989583333333334 0.008333333333333333
1 0.45625 0.5224537037037037 0.0046875 0.008796296296296297
1 0.45533854166666665 0.5340277777777778 0.004427083333333333 0.00787037037037037
1 0.5061197916666667 0.5449074074074074 0.007552083333333333 0.009259259259259259
1 0.476953125 0.5465277777777777 0.0049479166666666664 0.006944444444444444
1 0.565625 0.5662037037037037 0.00625 0.008333333333333333