2 0.6765625 0.3527777777777778 0.019791666666666666 0.04351851851851852
5 0.58984375 0.1675925925925926 0.008333333333333333 0.020370370370370372
3 0.5328125 0.5962962962962963 0.034375 0.025
1 0.5716145833333334 0.44884259259259257 0.0067708333333333336 0.011574074074074073
1 0.531640625 0.37453703703703706 0.00546875 0.009259259259259259
1 0.50546875 0.38333333333333336 0.005208333333333333 0.009259259259259259
1 0.4822916666666667 0.39675925925925926 0.005729166666666666 0.010185185185185186
1 0.4578125 0.39675925925925926 0.005208333333333333 0.009259259259259259
1 0.45455729166666664 0.4127314814814815 0.006510416666666667 0.010648148148148148
1 0.477734375 0.4238425925925926 0.005989583333333334 0.009722222222222222
1 0.5040364583333333 0.4023148148148148 0.0049479166666666664 0.008333333333333333
1 0.505859375 0.42106481481481484 0.0049479166666666664 0.009722222222222222