2 0.68125 0.44004629629629627 0.026041666666666668 0.034722222222222224
5 0.593359375 0.25763888888888886 0.00859375 0.01990740740740741
3 0.5510416666666667 0.7060185185185185 0.034895833333333334 0.030555555555555555
1 0.5779947916666667 0.5405092592592593 0.00703125 0.009722222222222222
2 0.5016927083333333 0.02175925925925926 0.023697916666666666 0.04351851851851852
1 0.53203125 0.4613425925925926 0.005208333333333333 0.009722222222222222
1 0.51171875 0.4722222222222222 0.005208333333333333 0.008333333333333333
1 0.5104166666666666 0.49699074074074073 0.00625 0.00787037037037037
1 0.485546875 0.4888888888888889 0.00546875 0.009259259259259259
1 0.4569010416666667 0.487962962962963 0.008072916666666667 0.011111111111111112
1 0.5096354166666667 0.5208333333333334 0.0109375 0.012962962962962963
1 0.47747395833333334 0.5219907407407407 0.00859375 0.013425925925925926
1 0.45481770833333335 0.506712962962963 0.01171875 0.0125
5 0.6208333333333333 0.019212962962962963 0.004166666666666667 0.008796296296296297