2 0.6864583333333333 0.4428240740740741 0.026041666666666668 0.04027777777777778
5 0.5962239583333333 0.25925925925925924 0.00859375 0.020370370370370372
3 0.560546875 0.7111111111111111 0.030989583333333334 0.03425925925925926
1 0.5798177083333333 0.5472222222222223 0.009114583333333334 0.012037037037037037
2 0.4981770833333333 0.022222222222222223 0.022395833333333334 0.044444444444444446
1 0.533984375 0.46597222222222223 0.00546875 0.00787037037037037
1 0.514453125 0.47662037037037036 0.00546875 0.00787037037037037
1 0.5119791666666667 0.4986111111111111 0.00625 0.008333333333333333
1 0.48880208333333336 0.49050925925925926 0.005208333333333333 0.009722222222222222
1 0.4591145833333333 0.4930555555555556 0.008854166666666666 0.011111111111111112
1 0.5109375 0.5243055555555556 0.008333333333333333 0.014351851851851852
1 0.47890625 0.5273148148148148 0.009375 0.012962962962962963
1 0.4591145833333333 0.5111111111111111 0.009895833333333333 0.011111111111111112
5 0.6231770833333333 0.01898148148148148 0.004166666666666667 0.010185185185185186