2 0.6984375 0.47476851851851853 0.030729166666666665 0.03935185185185185
5 0.600390625 0.2969907407407407 0.00859375 0.01990740740740741
3 0.5846354166666666 0.7472222222222222 0.025 0.03888888888888889
1 0.5834635416666667 0.5858796296296296 0.012760416666666666 0.014351851851851852
2 0.4901041666666667 0.05324074074074074 0.024479166666666666 0.06111111111111111
1 0.5359375 0.49398148148148147 0.005208333333333333 0.008333333333333333
1 0.5234375 0.5115740740740741 0.005729166666666666 0.009259259259259259
1 0.5194010416666667 0.5370370370370371 0.005989583333333334 0.011111111111111112
1 0.49661458333333336 0.5293981481481481 0.005729166666666666 0.009722222222222222
1 0.5157552083333333 0.5611111111111111 0.00703125 0.014814814814814815
1 0.48385416666666664 0.5627314814814814 0.0109375 0.011574074074074073
1 0.46575520833333334 0.5326388888888889 0.009114583333333334 0.011574074074074073
5 0.626953125 0.05717592592592593 0.004427083333333333 0.010648148148148148
1 0.46640625 0.5486111111111112 0.008854166666666666 0.011111111111111112