2 0.63125 0.4525462962962963 0.0328125 0.03657407407407407
5 0.521484375 0.28958333333333336 0.00859375 0.01990740740740741
3 0.5282552083333333 0.7289351851851852 0.012760416666666666 0.038425925925925926
2 0.3893229166666667 0.04791666666666667 0.024479166666666666 0.06157407407407407
1 0.463671875 0.4791666666666667 0.00546875 0.009259259259259259
1 0.45533854166666665 0.5085648148148149 0.00546875 0.008796296296296297
1 0.4518229166666667 0.5331018518518519 0.008854166666666666 0.013425925925925926
1 0.4244791666666667 0.5236111111111111 0.005208333333333333 0.009259259259259259
1 0.5119791666666667 0.5756944444444444 0.009375 0.011574074074074073
1 0.4427083333333333 0.5576388888888889 0.005729166666666666 0.0125
1 0.4166666666666667 0.5532407407407407 0.0046875 0.011111111111111112
1 0.40013020833333335 0.5456018518518518 0.01328125 0.014351851851851852
1 0.3944010416666667 0.5319444444444444 0.008072916666666667 0.011111111111111112
5 0.540234375 0.052314814814814814 0.00390625 0.009259259259259259