2 0.6561197916666667 0.47129629629629627 0.03203125 0.03796296296296296
5 0.5287760416666667 0.29953703703703705 0.00859375 0.020370370370370372
3 0.5444010416666667 0.7384259259259259 0.018489583333333334 0.03796296296296296
2 0.3768229166666667 0.05462962962962963 0.023958333333333335 0.062037037037037036
1 0.4708333333333333 0.493287037037037 0.004166666666666667 0.008796296296296297
1 0.464453125 0.5259259259259259 0.007552083333333333 0.011111111111111112
1 0.46171875 0.5435185185185185 0.004166666666666667 0.007407407407407408
1 0.43190104166666665 0.5386574074074074 0.0049479166666666664 0.008796296296296297
1 0.517578125 0.5893518518518519 0.00546875 0.009259259259259259
1 0.4498697916666667 0.5710648148148149 0.00703125 0.015277777777777777
1 0.42552083333333335 0.5608796296296297 0.007291666666666667 0.0125
1 0.4127604166666667 0.5546296296296296 0.008854166666666666 0.011111111111111112
1 0.40234375 0.5479166666666667 0.007291666666666667 0.009722222222222222
5 0.5481770833333334 0.05717592592592593 0.004166666666666667 0.009722222222222222