2 0.6930989583333333 0.46620370370370373 0.030989583333333334 0.04259259259259259
5 0.5592447916666666 0.305787037037037 0.00859375 0.01990740740740741
3 0.5623697916666667 0.7222222222222222 0.03046875 0.032407407407407406
2 0.40390625 0.05324074074074074 0.023958333333333335 0.062037037037037036
1 0.49557291666666664 0.49050925925925926 0.0046875 0.009722222222222222
1 0.491796875 0.5266203703703703 0.00703125 0.009722222222222222
1 0.49114583333333334 0.5405092592592593 0.005729166666666666 0.00787037037037037
1 0.4596354166666667 0.5333333333333333 0.005208333333333333 0.009259259259259259
1 0.5412760416666667 0.5898148148148148 0.005989583333333334 0.009259259259259259
1 0.4765625 0.5643518518518519 0.009375 0.013888888888888888
1 0.455859375 0.5534722222222223 0.006510416666666667 0.0125
1 0.4395833333333333 0.5513888888888889 0.009375 0.012037037037037037
1 0.42994791666666665 0.5444444444444444 0.007291666666666667 0.012037037037037037
5 0.58359375 0.058333333333333334 0.004166666666666667 0.009259259259259259