2 0.737109375 0.49722222222222223 0.03619791666666667 0.03981481481481482
5 0.6497395833333334 0.31504629629629627 0.008854166666666666 0.01990740740740741
3 0.4627604166666667 0.6763888888888889 0.015625 0.028703703703703703
2 0.5727864583333333 0.05023148148148148 0.02109375 0.060648148148148145
1 0.5213541666666667 0.46828703703703706 0.005208333333333333 0.00787037037037037
1 0.5065104166666666 0.5020833333333333 0.0078125 0.008796296296296297
1 0.5075520833333333 0.5106481481481482 0.0046875 0.007407407407407408
1 0.473828125 0.5023148148148148 0.0049479166666666664 0.008333333333333333
1 0.5208333333333334 0.5634259259259259 0.0067708333333333336 0.009259259259259259
1 0.47890625 0.5351851851851852 0.0078125 0.012037037037037037
1 0.46484375 0.5041666666666667 0.00625 0.010185185185185186
1 0.44375 0.5060185185185185 0.00625 0.009259259259259259
1 0.450390625 0.5131944444444444 0.01015625 0.010648148148148148
5 0.7876302083333333 0.07060185185185185 0.00390625 0.00787037037037037