2 0.746875 0.5039351851851852 0.03854166666666667 0.04027777777777778
5 0.6850260416666667 0.31875 0.009114583333333334 0.01990740740740741
3 0.43606770833333336 0.6340277777777777 0.014322916666666666 0.03194444444444444
2 0.6522135416666667 0.046296296296296294 0.02109375 0.062037037037037036
1 0.530078125 0.45578703703703705 0.008072916666666667 0.008796296296296297
1 0.5084635416666666 0.48541666666666666 0.008072916666666667 0.0060185185185185185
1 0.5088541666666667 0.49189814814814814 0.0036458333333333334 0.006944444444444444
1 0.47955729166666666 0.47939814814814813 0.00546875 0.006944444444444444
1 0.5109375 0.5451388888888888 0.005729166666666666 0.008796296296296297
1 0.47799479166666664 0.5085648148148149 0.009635416666666667 0.010648148148148148
1 0.472265625 0.4759259259259259 0.005989583333333334 0.010185185185185186
1 0.453515625 0.48171296296296295 0.005989583333333334 0.00787037037037037
1 0.45950520833333336 0.4875 0.00859375 0.009259259259259259
5 0.8852864583333333 0.0763888888888889 0.004427083333333333 0.009259259259259259