2 0.5950520833333334 0.49421296296296297 0.044270833333333336 0.033796296296296297
5 0.6108072916666667 0.31805555555555554 0.009635416666666667 0.020370370370370372
3 0.228515625 0.5027777777777778 0.00859375 0.023148148148148147
2 0.7236979166666667 0.03009259259259259 0.016666666666666666 0.06018518518518518
1 0.4236979166666667 0.40555555555555556 0.008854166666666666 0.008333333333333333
1 0.3763020833333333 0.42615740740740743 0.005208333333333333 0.006944444444444444
1 0.3502604166666667 0.4201388888888889 0.0046875 0.00787037037037037
1 0.34036458333333336 0.4738425925925926 0.005729166666666666 0.006944444444444444
1 0.3321614583333333 0.44583333333333336 0.004427083333333333 0.004629629629629629
1 0.34322916666666664 0.4115740740740741 0.003125 0.005555555555555556
1 0.32565104166666664 0.4134259259259259 0.004427083333333333 0.007407407407407408
1 0.3302083333333333 0.41898148148148145 0.004166666666666667 0.006481481481481481