2 0.6220052083333333 0.4863425925925926 0.04505208333333333 0.034722222222222224
5 0.6145833333333334 0.30925925925925923 0.009375 0.021296296296296296
3 0.233203125 0.4706018518518518 0.009635416666666667 0.02361111111111111
2 0.7178385416666667 0.026851851851851852 0.015885416666666666 0.053703703703703705
1 0.44453125 0.3921296296296296 0.0067708333333333336 0.008333333333333333
1 0.3834635416666667 0.41782407407407407 0.004427083333333333 0.0060185185185185185
1 0.35651041666666666 0.40902777777777777 0.004166666666666667 0.006944444444444444
1 0.34713541666666664 0.45625 0.005208333333333333 0.0060185185185185185
1 0.33645833333333336 0.4326388888888889 0.010416666666666666 0.0060185185185185185
1 0.35 0.40069444444444446 0.0036458333333333334 0.0060185185185185185
1 0.32981770833333335 0.40185185185185185 0.00390625 0.005555555555555556
1 0.3319010416666667 0.40671296296296294 0.008072916666666667 0.006944444444444444