2 0.634375 0.4861111111111111 0.0453125 0.03518518518518519
5 0.6158854166666666 0.30787037037037035 0.009375 0.021296296296296296
3 0.23515625 0.45416666666666666 0.008854166666666666 0.025
2 0.7125 0.02662037037037037 0.016145833333333335 0.05324074074074074
1 0.445703125 0.387037037037037 0.00859375 0.007407407407407408
1 0.38984375 0.4125 0.0036458333333333334 0.005555555555555556
1 0.363671875 0.4043981481481482 0.004427083333333333 0.006944444444444444
1 0.35442708333333334 0.45625 0.005729166666666666 0.0060185185185185185
1 0.34401041666666665 0.430787037037037 0.011979166666666667 0.009722222222222222
1 0.35546875 0.39490740740740743 0.003125 0.005555555555555556
1 0.3377604166666667 0.39652777777777776 0.0036458333333333334 0.0060185185185185185
1 0.339453125 0.4043981481481482 0.00859375 0.006944444444444444