2 0.6485677083333333 0.487962962962963 0.04401041666666667 0.03333333333333333
5 0.617578125 0.3085648148148148 0.009114583333333334 0.020833333333333332
3 0.23984375 0.4476851851851852 0.010416666666666666 0.020370370370370372
2 0.70625 0.02546296296296296 0.015104166666666667 0.05092592592592592
1 0.4484375 0.3905092592592593 0.007291666666666667 0.00787037037037037
1 0.39153645833333334 0.4083333333333333 0.00390625 0.005555555555555556
1 0.36770833333333336 0.4 0.005208333333333333 0.005555555555555556
1 0.35703125 0.449537037037037 0.005208333333333333 0.006481481481481481
1 0.348046875 0.42615740740740743 0.014322916666666666 0.008796296296296297
1 0.35794270833333336 0.3925925925925926 0.002864583333333333 0.006481481481481481
1 0.3419270833333333 0.39490740740740743 0.0046875 0.005555555555555556
1 0.3444010416666667 0.4009259259259259 0.00859375 0.006481481481481481