2 0.71953125 0.4960648148148148 0.043229166666666666 0.034722222222222224
5 0.6760416666666667 0.31203703703703706 0.010416666666666666 0.020370370370370372
3 0.3048177083333333 0.42592592592592593 0.013802083333333333 0.020370370370370372
2 0.7618489583333333 0.025925925925925925 0.01640625 0.05185185185185185
1 0.5076822916666667 0.3872685185185185 0.004427083333333333 0.008796296296296297
1 0.4518229166666667 0.4064814814814815 0.005208333333333333 0.007407407407407408
1 0.41432291666666665 0.38796296296296295 0.0036458333333333334 0.008333333333333333
1 0.4 0.38657407407407407 0.005208333333333333 0.007407407407407408
1 0.4234375 0.3960648148148148 0.004166666666666667 0.008796296296296297
1 0.40338541666666666 0.39467592592592593 0.0046875 0.00787037037037037
1 0.408203125 0.4217592592592593 0.01015625 0.007407407407407408
1 0.4180989583333333 0.4439814814814815 0.005989583333333334 0.008333333333333333