2 0.8134114583333333 0.518287037037037 0.04609375 0.03564814814814815
3 0.38841145833333335 0.40578703703703706 0.013802083333333333 0.01990740740740741
2 0.8665364583333334 0.03009259259259259 0.019010416666666665 0.06018518518518518
1 0.590625 0.3872685185185185 0.005208333333333333 0.0060185185185185185
5 0.764453125 0.3263888888888889 0.009114583333333334 0.021296296296296296
1 0.49895833333333334 0.38796296296296295 0.004166666666666667 0.006481481481481481
1 0.5356770833333333 0.4039351851851852 0.0067708333333333336 0.0060185185185185185
1 0.5075520833333333 0.39444444444444443 0.005208333333333333 0.006481481481481481
1 0.48359375 0.3851851851851852 0.003125 0.005555555555555556
1 0.48723958333333334 0.3925925925925926 0.004166666666666667 0.007407407407407408
1 0.491015625 0.41597222222222224 0.009114583333333334 0.00787037037037037
1 0.49947916666666664 0.44166666666666665 0.00625 0.008333333333333333