2 0.8354166666666667 0.5233796296296296 0.0484375 0.0375
3 0.40572916666666664 0.399537037037037 0.016666666666666666 0.018518518518518517
2 0.8893229166666666 0.02962962962962963 0.01875 0.05925925925925926
1 0.6076822916666667 0.38634259259259257 0.0049479166666666664 0.0060185185185185185
5 0.7846354166666667 0.33240740740740743 0.009375 0.021296296296296296
1 0.51953125 0.38287037037037036 0.005208333333333333 0.006481481481481481
1 0.5555989583333333 0.40208333333333335 0.00703125 0.006944444444444444
1 0.5268229166666667 0.3905092592592593 0.0026041666666666665 0.00787037037037037
1 0.5037760416666667 0.3837962962962963 0.0033854166666666668 0.006481481481481481
1 0.5078125 0.4164351851851852 0.011979166666666667 0.00787037037037037
1 0.5055989583333333 0.3921296296296296 0.007552083333333333 0.008333333333333333
1 0.517578125 0.44027777777777777 0.00703125 0.008333333333333333