2 0.855078125 0.5319444444444444 0.04192708333333333 0.037037037037037035
3 0.4192708333333333 0.3958333333333333 0.015104166666666667 0.017592592592592594
2 0.89609375 0.02962962962962963 0.0171875 0.05925925925925926
1 0.6157552083333333 0.38819444444444445 0.004427083333333333 0.0060185185185185185
5 0.7963541666666667 0.331712962962963 0.009375 0.02175925925925926
1 0.5307291666666667 0.3824074074074074 0.0036458333333333334 0.005555555555555556
1 0.5682291666666667 0.40162037037037035 0.008333333333333333 0.006944444444444444
1 0.5359375 0.38935185185185184 0.003125 0.005555555555555556
1 0.513671875 0.38101851851851853 0.00390625 0.006481481481481481
1 0.5170572916666667 0.38935185185185184 0.009114583333333334 0.005555555555555556
1 0.519140625 0.4125 0.01171875 0.008333333333333333
1 0.5260416666666666 0.4358796296296296 0.0078125 0.00787037037037037