3 0.5442708333333334 0.3645833333333333 0.014583333333333334 0.01712962962962963
1 0.7407552083333333 0.3988425925925926 0.005989583333333334 0.006944444444444444
5 0.9279947916666667 0.355787037037037 0.01015625 0.02361111111111111
1 0.7028645833333333 0.4136574074074074 0.0067708333333333336 0.0060185185185185185
1 0.6877604166666667 0.41388888888888886 0.003125 0.004629629629629629
1 0.6330729166666667 0.38287037037037036 0.004166666666666667 0.006481481481481481
1 0.6380208333333334 0.38958333333333334 0.0078125 0.0060185185185185185
1 0.6526041666666667 0.3814814814814815 0.008854166666666666 0.008333333333333333
1 0.65390625 0.39143518518518516 0.00625 0.00787037037037037
1 0.6404947916666667 0.41388888888888886 0.005989583333333334 0.006481481481481481
1 0.642578125 0.43703703703703706 0.00546875 0.006481481481481481