3 0.5516927083333333 0.3594907407407407 0.013802083333333333 0.01712962962962963
1 0.7455729166666667 0.4009259259259259 0.00625 0.007407407407407408
5 0.9302083333333333 0.355787037037037 0.010416666666666666 0.02361111111111111
1 0.7091145833333333 0.4134259259259259 0.007291666666666667 0.006481481481481481
1 0.69296875 0.4164351851851852 0.004166666666666667 0.005092592592592593
1 0.6337239583333333 0.38125 0.005989583333333334 0.00787037037037037
1 0.642578125 0.3900462962962963 0.006510416666666667 0.0060185185185185185
1 0.654296875 0.3840277777777778 0.008072916666666667 0.0060185185185185185
1 0.6579427083333333 0.39189814814814816 0.00546875 0.006944444444444444
1 0.6442708333333333 0.4125 0.007291666666666667 0.007407407407407408
1 0.6471354166666666 0.4409722222222222 0.00625 0.005092592592592593