3 0.5723958333333333 0.3474537037037037 0.020833333333333332 0.014351851851851852
1 0.7600260416666667 0.40879629629629627 0.005989583333333334 0.007407407407407408
5 0.9342447916666666 0.36041666666666666 0.01015625 0.02361111111111111
1 0.722265625 0.4166666666666667 0.006510416666666667 0.005555555555555556
1 0.7046875 0.41944444444444445 0.0046875 0.005555555555555556
1 0.6471354166666666 0.3840277777777778 0.005729166666666666 0.00787037037037037
1 0.6563802083333333 0.39166666666666666 0.00390625 0.006481481481481481
1 0.6678385416666667 0.3851851851851852 0.008072916666666667 0.006481481481481481
1 0.6717447916666667 0.39490740740740743 0.005989583333333334 0.007407407407407408
1 0.657421875 0.4162037037037037 0.00703125 0.006481481481481481
1 0.6610677083333333 0.44375 0.00546875 0.0060185185185185185