3 0.5908854166666667 0.3486111111111111 0.020833333333333332 0.013888888888888888
1 0.76640625 0.40671296296296294 0.00625 0.0060185185185185185
5 0.9399739583333333 0.362962962962963 0.010677083333333334 0.024074074074074074
1 0.7302083333333333 0.41550925925925924 0.00625 0.006944444444444444
1 0.716796875 0.41875 0.0049479166666666664 0.0060185185185185185
1 0.6548177083333333 0.3849537037037037 0.00703125 0.0060185185185185185
1 0.6639322916666667 0.3951388888888889 0.004427083333333333 0.0060185185185185185
1 0.6778645833333333 0.38819444444444445 0.008333333333333333 0.00787037037037037
1 0.6826822916666667 0.39675925925925926 0.005989583333333334 0.007407407407407408
1 0.665625 0.41689814814814813 0.005208333333333333 0.00787037037037037
1 0.67109375 0.44537037037037036 0.00625 0.007407407407407408