3 0.5838541666666667 0.34791666666666665 0.01875 0.015277777777777777
1 0.7580729166666667 0.40671296296296294 0.0067708333333333336 0.006944444444444444
5 0.9260416666666667 0.3578703703703704 0.0109375 0.023148148148148147
1 0.6610677083333333 0.4414351851851852 0.005989583333333334 0.0060185185185185185
1 0.6658854166666667 0.3851851851851852 0.004166666666666667 0.008333333333333333
1 0.6447916666666667 0.3861111111111111 0.009895833333333333 0.009259259259259259
1 0.67109375 0.39351851851851855 0.004166666666666667 0.008333333333333333
1 0.653125 0.39305555555555555 0.008333333333333333 0.007407407407407408
1 0.716015625 0.41597222222222224 0.00703125 0.008796296296296297
1 0.7041666666666667 0.4201388888888889 0.0046875 0.006944444444444444
1 0.6544270833333333 0.4152777777777778 0.0078125 0.008333333333333333
2 0.99375 0.02546296296296296 0.011458333333333333 0.046296296296296294