3 0.5479166666666667 0.34421296296296294 0.017708333333333333 0.015277777777777777
1 0.7126302083333333 0.399537037037037 0.009114583333333334 0.007407407407407408
5 0.8653645833333333 0.3456018518518518 0.009895833333333333 0.022685185185185187
2 0.91796875 0.48564814814814816 0.04375 0.04259259259259259
2 0.916015625 0.020370370370370372 0.01328125 0.040740740740740744
1 0.6739583333333333 0.4099537037037037 0.008854166666666666 0.006944444444444444
1 0.6186197916666667 0.38449074074074074 0.004427083333333333 0.0060185185185185185
1 0.5984375 0.38101851851851853 0.0046875 0.007407407407407408
1 0.6248697916666667 0.3921296296296296 0.002864583333333333 0.007407407407407408
1 0.60546875 0.38958333333333334 0.008854166666666666 0.006944444444444444
1 0.662890625 0.41689814814814813 0.004427083333333333 0.006944444444444444
1 0.6065104166666667 0.412962962962963 0.009375 0.007407407407407408
1 0.6192708333333333 0.4395833333333333 0.00625 0.0060185185185185185