3 0.5416666666666666 0.3418981481481482 0.01875 0.015277777777777777
1 0.7032552083333333 0.39837962962962964 0.009635416666666667 0.008796296296296297
5 0.8544270833333333 0.3439814814814815 0.009895833333333333 0.022222222222222223
2 0.90390625 0.48125 0.042708333333333334 0.04027777777777778
2 0.9029947916666666 0.019444444444444445 0.012760416666666666 0.03888888888888889
1 0.6654947916666667 0.40879629629629627 0.00859375 0.006481481481481481
1 0.6104166666666667 0.3835648148148148 0.004166666666666667 0.006944444444444444
1 0.5907552083333333 0.38125 0.0049479166666666664 0.006944444444444444
1 0.6178385416666666 0.39189814814814816 0.004427083333333333 0.006944444444444444
1 0.5975260416666667 0.3902777777777778 0.008072916666666667 0.006481481481481481
1 0.6552083333333333 0.4150462962962963 0.0046875 0.006944444444444444
1 0.5984375 0.41203703703703703 0.008854166666666666 0.007407407407407408
1 0.6127604166666667 0.44004629629629627 0.005729166666666666 0.006944444444444444