3 0.542578125 0.3402777777777778 0.01796875 0.01574074074074074
1 0.7052083333333333 0.39837962962962964 0.009375 0.008796296296296297
5 0.8546875 0.3456018518518518 0.009895833333333333 0.022685185185185187
2 0.9006510416666667 0.48032407407407407 0.04192708333333333 0.0412037037037037
2 0.9016927083333334 0.01990740740740741 0.01328125 0.03981481481481482
1 0.666796875 0.40925925925925927 0.009114583333333334 0.007407407407407408
1 0.6119791666666666 0.3821759259259259 0.004166666666666667 0.006944444444444444
1 0.59140625 0.38078703703703703 0.0046875 0.006944444444444444
1 0.61953125 0.39166666666666666 0.0046875 0.006481481481481481
1 0.598828125 0.3905092592592593 0.008072916666666667 0.0060185185185185185
1 0.656640625 0.4152777777777778 0.00390625 0.006481481481481481
1 0.5989583333333334 0.41203703703703703 0.009895833333333333 0.008333333333333333
1 0.6153645833333333 0.4391203703703704 0.005208333333333333 0.0060185185185185185