3 0.481640625 0.3314814814814815 0.018489583333333334 0.01574074074074074
1 0.6169270833333333 0.38842592592592595 0.004166666666666667 0.006481481481481481
5 0.7579427083333333 0.32685185185185184 0.009635416666666667 0.021296296296296296
1 0.53046875 0.3696759259259259 0.003125 0.0060185185185185185
1 0.591796875 0.3976851851851852 0.00859375 0.007407407407407408
1 0.5127604166666667 0.3729166666666667 0.004166666666666667 0.006944444444444444
1 0.56953125 0.4039351851851852 0.00625 0.009722222222222222
1 0.541015625 0.3835648148148148 0.006510416666666667 0.009722222222222222
1 0.518359375 0.38101851851851853 0.007552083333333333 0.006481481481481481
1 0.522265625 0.4041666666666667 0.009635416666666667 0.007407407407407408
1 0.5442708333333334 0.42662037037037037 0.008333333333333333 0.006944444444444444
2 0.7778645833333333 0.43333333333333335 0.0265625 0.03796296296296296
2 0.7772135416666667 0.014583333333333334 0.012239583333333333 0.029166666666666667