3 0.4845052083333333 0.3284722222222222 0.01953125 0.014351851851851852
1 0.6095052083333333 0.38981481481481484 0.00390625 0.007407407407407408
5 0.7424479166666667 0.3300925925925926 0.009375 0.021296296296296296
1 0.5216145833333333 0.3747685185185185 0.00625 0.008796296296296297
1 0.5881510416666667 0.40162037037037035 0.008072916666666667 0.006944444444444444
1 0.50625 0.37777777777777777 0.0046875 0.007407407407407408
1 0.5609375 0.4074074074074074 0.008854166666666666 0.008333333333333333
1 0.5356770833333333 0.3907407407407407 0.00625 0.007407407407407408
1 0.51015625 0.3861111111111111 0.009895833333333333 0.006481481481481481
1 0.5151041666666667 0.41180555555555554 0.010416666666666666 0.0060185185185185185
1 0.5352864583333333 0.4289351851851852 0.005989583333333334 0.00787037037037037
2 0.7528645833333333 0.425 0.026041666666666668 0.03611111111111111
2 0.7604166666666666 0.013657407407407408 0.0125 0.027314814814814816