3 0.494921875 0.3266203703703704 0.01953125 0.014351851851851852
1 0.6115885416666667 0.3912037037037037 0.0033854166666666668 0.008333333333333333
5 0.7497395833333333 0.33611111111111114 0.009375 0.021296296296296296
1 0.5299479166666666 0.3736111111111111 0.0046875 0.006481481481481481
1 0.5912760416666667 0.4027777777777778 0.006510416666666667 0.005555555555555556
1 0.512109375 0.3814814814814815 0.00390625 0.006481481481481481
1 0.5645833333333333 0.40555555555555556 0.007291666666666667 0.008333333333333333
1 0.5428385416666667 0.3886574074074074 0.006510416666666667 0.00787037037037037
1 0.515234375 0.3886574074074074 0.007552083333333333 0.005092592592592593
1 0.5213541666666667 0.4125 0.007291666666666667 0.005555555555555556
1 0.5380208333333333 0.4270833333333333 0.008333333333333333 0.006944444444444444
2 0.7522135416666667 0.42407407407407405 0.032552083333333336 0.03425925925925926
2 0.777734375 0.01273148148148148 0.012239583333333333 0.024537037037037038