1 0.6348958333333333 0.4060185185185185 0.0067708333333333336 0.005555555555555556
2 0.8037760416666667 0.43148148148148147 0.04088541666666667 0.03148148148148148
1 0.60625 0.4081018518518518 0.005729166666666666 0.010648148148148148
2 0.8442708333333333 0.012037037037037037 0.011458333333333333 0.024074074074074074
1 0.5748697916666666 0.36898148148148147 0.004427083333333333 0.009259259259259259
1 0.5591145833333333 0.3752314814814815 0.004166666666666667 0.006944444444444444
1 0.5614583333333333 0.38333333333333336 0.005729166666666666 0.006481481481481481
1 0.65625 0.3962962962962963 0.0046875 0.006481481481481481
1 0.5884114583333333 0.38796296296296295 0.005989583333333334 0.008333333333333333
1 0.5653645833333333 0.40671296296296294 0.0109375 0.008796296296296297
3 0.5575520833333333 0.31851851851851853 0.019270833333333334 0.012962962962962963
5 0.8002604166666667 0.3449074074074074 0.009375 0.021296296296296296
1 0.5821614583333333 0.42430555555555555 0.00546875 0.009722222222222222