1 0.6126302083333334 0.41412037037037036 0.00390625 0.006944444444444444
2 0.8040364583333334 0.43842592592592594 0.045572916666666664 0.03425925925925926
2 0.8147135416666667 0.006481481481481481 0.012239583333333333 0.012962962962962963
1 0.5602864583333333 0.3761574074074074 0.0033854166666666668 0.005092592592592593
1 0.54453125 0.38101851851851853 0.004166666666666667 0.007407407407407408
1 0.5473958333333333 0.38958333333333334 0.005208333333333333 0.006944444444444444
1 0.548828125 0.4201388888888889 0.010677083333333334 0.00787037037037037
1 0.5725260416666667 0.39837962962962964 0.0049479166666666664 0.0060185185185185185
3 0.54765625 0.3296296296296296 0.016145833333333335 0.014814814814814815
5 0.7791666666666667 0.3490740740740741 0.009375 0.021296296296296296
1 0.6359375 0.4027777777777778 0.004166666666666667 0.009259259259259259
1 0.562109375 0.43425925925925923 0.00546875 0.010185185185185186
1 0.5915364583333333 0.41782407407407407 0.008072916666666667 0.011574074074074073