1 0.6045572916666667 0.4300925925925926 0.00390625 0.007407407407407408
2 0.8143229166666667 0.45925925925925926 0.0453125 0.03518518518518519
2 0.8098958333333334 0.00787037037037037 0.0125 0.01574074074074074
1 0.5584635416666667 0.3907407407407407 0.002864583333333333 0.005555555555555556
1 0.541796875 0.3988425925925926 0.00390625 0.006944444444444444
1 0.5463541666666667 0.4060185185185185 0.005729166666666666 0.006481481481481481
1 0.5470052083333333 0.4358796296296296 0.010677083333333334 0.008796296296296297
1 0.5690104166666666 0.4131944444444444 0.005729166666666666 0.006944444444444444
3 0.5380208333333333 0.3490740740740741 0.014583333333333334 0.013888888888888888
5 0.7790364583333333 0.3650462962962963 0.009114583333333334 0.02175925925925926
1 0.6283854166666667 0.4166666666666667 0.004166666666666667 0.009259259259259259
1 0.5591145833333333 0.44837962962962963 0.005208333333333333 0.008796296296296297
1 0.5865885416666666 0.43194444444444446 0.005989583333333334 0.011111111111111112