1 0.6005208333333333 0.43171296296296297 0.004166666666666667 0.006944444444444444
2 0.8130208333333333 0.4601851851851852 0.04479166666666667 0.037037037037037035
2 0.8045572916666667 0.008564814814814815 0.012760416666666666 0.016203703703703703
1 0.5553385416666666 0.3923611111111111 0.002864583333333333 0.005092592592592593
1 0.5391927083333333 0.39814814814814814 0.004427083333333333 0.007407407407407408
1 0.5444010416666667 0.40578703703703706 0.0049479166666666664 0.006944444444444444
1 0.5473958333333333 0.4351851851851852 0.011458333333333333 0.010185185185185186
1 0.5661458333333333 0.4136574074074074 0.005208333333333333 0.0060185185185185185
3 0.533984375 0.35138888888888886 0.01328125 0.012962962962962963
5 0.7759114583333333 0.3662037037037037 0.009635416666666667 0.021296296296296296
1 0.6236979166666666 0.4173611111111111 0.0046875 0.009722222222222222
1 0.5552083333333333 0.44814814814814813 0.00625 0.011111111111111112
1 0.58359375 0.43287037037037035 0.005208333333333333 0.009259259259259259