3 0.45390625 0.36921296296296297 0.014583333333333334 0.013425925925925926
5 0.7106770833333333 0.35324074074074074 0.009375 0.020370370370370372
1 0.5040364583333333 0.3891203703703704 0.0033854166666666668 0.006944444444444444
1 0.5174479166666667 0.40949074074074077 0.00625 0.00787037037037037
1 0.5458333333333333 0.40208333333333335 0.014583333333333334 0.010648148148148148
1 0.5436197916666666 0.425462962962963 0.005989583333333334 0.008333333333333333
1 0.5364583333333334 0.42939814814814814 0.008854166666666666 0.006944444444444444
1 0.48359375 0.3997685185185185 0.005729166666666666 0.006944444444444444
1 0.492578125 0.4043981481481482 0.006510416666666667 0.00787037037037037
1 0.4947916666666667 0.4372685185185185 0.0109375 0.008796296296296297
2 0.767578125 0.4618055555555556 0.030989583333333334 0.03935185185185185
1 0.4998697916666667 0.4479166666666667 0.009114583333333334 0.008796296296296297