3 0.45286458333333335 0.37222222222222223 0.016666666666666666 0.014814814814814815
1 0.5045572916666666 0.3891203703703704 0.0033854166666666668 0.0060185185185185185
1 0.5174479166666667 0.40879629629629627 0.005729166666666666 0.008333333333333333
1 0.533203125 0.40046296296296297 0.01171875 0.009259259259259259
1 0.542578125 0.42268518518518516 0.005989583333333334 0.008333333333333333
1 0.5358072916666666 0.42685185185185187 0.007552083333333333 0.007407407407407408
1 0.483203125 0.39675925925925926 0.0049479166666666664 0.006481481481481481
1 0.49192708333333335 0.4027777777777778 0.00625 0.006481481481481481
1 0.4953125 0.4372685185185185 0.0078125 0.006944444444444444
2 0.7677083333333333 0.46412037037037035 0.028645833333333332 0.03935185185185185
5 0.709765625 0.35208333333333336 0.009114583333333334 0.020833333333333332
1 0.5014322916666667 0.44722222222222224 0.007552083333333333 0.009259259259259259