1 0.5049479166666667 0.39814814814814814 0.004166666666666667 0.006481481481481481
1 0.5174479166666667 0.4212962962962963 0.005208333333333333 0.008333333333333333
1 0.523828125 0.4115740740740741 0.004427083333333333 0.006481481481481481
1 0.5428385416666667 0.4372685185185185 0.00546875 0.006944444444444444
1 0.5352864583333333 0.44305555555555554 0.007552083333333333 0.008333333333333333
1 0.483203125 0.4085648148148148 0.005989583333333334 0.006944444444444444
1 0.490234375 0.41388888888888886 0.006510416666666667 0.008333333333333333
3 0.44635416666666666 0.38472222222222224 0.015625 0.014814814814814815
1 0.49557291666666664 0.44930555555555557 0.008854166666666666 0.00787037037037037
2 0.776171875 0.4824074074074074 0.026302083333333334 0.03981481481481482
5 0.7134114583333333 0.36226851851851855 0.009114583333333334 0.02175925925925926
1 0.5001302083333333 0.45810185185185187 0.006510416666666667 0.010648148148148148