3 0.4329427083333333 0.27337962962962964 0.014322916666666666 0.01990740740740741
2 0.8096354166666667 0.3939814814814815 0.026041666666666668 0.04537037037037037
5 0.7333333333333333 0.23449074074074075 0.010416666666666666 0.022685185185185187
1 0.5087239583333333 0.2833333333333333 0.009114583333333334 0.010185185185185186
1 0.5235677083333333 0.2914351851851852 0.004427083333333333 0.00787037037037037
1 0.48489583333333336 0.29305555555555557 0.005208333333333333 0.008333333333333333
1 0.49140625 0.2983796296296296 0.005208333333333333 0.009722222222222222
1 0.523046875 0.3104166666666667 0.0049479166666666664 0.009722222222222222
1 0.5481770833333334 0.3199074074074074 0.0067708333333333336 0.010185185185185186
1 0.5419270833333333 0.33032407407407405 0.005729166666666666 0.009722222222222222
1 0.501171875 0.3435185185185185 0.013802083333333333 0.010185185185185186
1 0.500390625 0.3527777777777778 0.01328125 0.007407407407407408