3 0.42916666666666664 0.26273148148148145 0.0140625 0.02175925925925926
2 0.8221354166666667 0.39375 0.027083333333333334 0.052314814814814814
5 0.740234375 0.2196759259259259 0.01015625 0.02361111111111111
1 0.51015625 0.26689814814814816 0.005208333333333333 0.009722222222222222
1 0.5248697916666667 0.2826388888888889 0.00546875 0.008796296296296297
1 0.4875 0.2824074074074074 0.0046875 0.010185185185185186
1 0.49244791666666665 0.28935185185185186 0.004166666666666667 0.008333333333333333
1 0.524609375 0.293287037037037 0.0049479166666666664 0.00787037037037037
1 0.5501302083333334 0.3113425925925926 0.00546875 0.009722222222222222
1 0.5440104166666667 0.32407407407407407 0.005208333333333333 0.010185185185185186
1 0.5020833333333333 0.33773148148148147 0.0125 0.008796296296296297
1 0.5055989583333333 0.3476851851851852 0.00703125 0.009259259259259259