3 0.42552083333333335 0.2851851851851852 0.013020833333333334 0.022222222222222223
2 0.834765625 0.42291666666666666 0.028385416666666666 0.05694444444444444
5 0.7475260416666667 0.2377314814814815 0.010677083333333334 0.02361111111111111
1 0.5122395833333333 0.2849537037037037 0.005208333333333333 0.010648148148148148
1 0.5256510416666667 0.30115740740740743 0.00546875 0.00787037037037037
1 0.488671875 0.3002314814814815 0.004427083333333333 0.008796296296296297
1 0.4940104166666667 0.3090277777777778 0.005208333333333333 0.009722222222222222
1 0.5260416666666666 0.31342592592592594 0.005208333333333333 0.009259259259259259
1 0.5526041666666667 0.3326388888888889 0.005729166666666666 0.009722222222222222
1 0.5470052083333333 0.3456018518518518 0.0049479166666666664 0.010648148148148148
1 0.5045572916666666 0.36018518518518516 0.01171875 0.009259259259259259
1 0.5076822916666667 0.37037037037037035 0.00546875 0.010185185185185186