3 0.3868489583333333 0.375 0.012760416666666666 0.032407407407407406
2 0.9158854166666667 0.5918981481481481 0.035416666666666666 0.08564814814814815
5 0.7901041666666667 0.27175925925925926 0.013020833333333334 0.028703703703703703
1 0.5522135416666667 0.41087962962962965 0.00703125 0.011574074074074073
1 0.54609375 0.43425925925925923 0.007291666666666667 0.009259259259259259
1 0.501171875 0.45578703703703705 0.009635416666666667 0.011574074074074073
1 0.50546875 0.4699074074074074 0.0067708333333333336 0.012037037037037037
1 0.50859375 0.3439814814814815 0.0109375 0.011111111111111112
1 0.5158854166666667 0.36944444444444446 0.0046875 0.008333333333333333
1 0.52109375 0.3888888888888889 0.00625 0.010185185185185186
1 0.47877604166666665 0.3710648148148148 0.009114583333333334 0.010648148148148148
1 0.47890625 0.38263888888888886 0.005208333333333333 0.008796296296296297