3 0.340234375 0.45717592592592593 0.012760416666666666 0.03564814814814815
2 0.9002604166666667 0.6659722222222222 0.04010416666666667 0.09490740740740741
5 0.760546875 0.30925925925925923 0.01328125 0.02962962962962963
1 0.51875 0.47129629629629627 0.00625 0.01574074074074074
1 0.5118489583333333 0.5030092592592592 0.008072916666666667 0.010648148148148148
1 0.46536458333333336 0.524537037037037 0.0109375 0.012037037037037037
1 0.46875 0.5421296296296296 0.008854166666666666 0.012962962962962963
1 0.47890625 0.39837962962962964 0.007291666666666667 0.008796296296296297
1 0.48020833333333335 0.42986111111111114 0.005729166666666666 0.010648148148148148
1 0.48723958333333334 0.4516203703703704 0.005729166666666666 0.011574074074074073
1 0.43984375 0.42986111111111114 0.0125 0.011574074074074073
1 0.43919270833333335 0.4444444444444444 0.005989583333333334 0.010185185185185186