3 0.3455729166666667 0.4787037037037037 0.013541666666666667 0.03981481481481482
2 0.913671875 0.7011574074074074 0.040364583333333336 0.09398148148148149
5 0.7725260416666667 0.32546296296296295 0.01328125 0.030555555555555555
1 0.5260416666666666 0.48726851851851855 0.00625 0.01712962962962963
1 0.5196614583333333 0.5224537037037037 0.010677083333333334 0.009722222222222222
1 0.4720052083333333 0.5435185185185185 0.00859375 0.012962962962962963
1 0.47161458333333334 0.5636574074074074 0.016666666666666666 0.018055555555555554
1 0.48854166666666665 0.4111111111111111 0.009375 0.013888888888888888
1 0.48723958333333334 0.4446759259259259 0.0046875 0.009722222222222222
1 0.4959635416666667 0.4634259259259259 0.005989583333333334 0.011111111111111112
1 0.447265625 0.44560185185185186 0.01171875 0.013425925925925926
1 0.4451822916666667 0.4601851851851852 0.005989583333333334 0.009259259259259259