3 0.3528645833333333 0.4863425925925926 0.013541666666666667 0.03935185185185185
2 0.9247395833333333 0.7266203703703704 0.03958333333333333 0.09583333333333334
5 0.7830729166666667 0.3347222222222222 0.013541666666666667 0.030555555555555555
1 0.4973958333333333 0.41759259259259257 0.009375 0.010185185185185186
1 0.4947916666666667 0.45 0.005208333333333333 0.011111111111111112
1 0.5026041666666666 0.46828703703703706 0.005208333333333333 0.0125
1 0.45455729166666664 0.4511574074074074 0.012239583333333333 0.015277777777777777
1 0.45169270833333336 0.46597222222222223 0.00546875 0.011574074074074073
1 0.5329427083333333 0.49189814814814814 0.007552083333333333 0.013425925925925926
1 0.5263020833333333 0.5284722222222222 0.009895833333333333 0.014351851851851852
1 0.4759114583333333 0.5537037037037037 0.015885416666666666 0.016666666666666666
1 0.47942708333333334 0.575 0.015625 0.018518518518518517