3 0.366015625 0.4844907407407407 0.015364583333333333 0.038425925925925926
2 0.940234375 0.7479166666666667 0.039322916666666666 0.09675925925925925
5 0.8024739583333333 0.3402777777777778 0.013802083333333333 0.030555555555555555
1 0.5165364583333333 0.4125 0.00546875 0.009259259259259259
1 0.509375 0.4476851851851852 0.00625 0.012037037037037037
1 0.468359375 0.4474537037037037 0.010677083333333334 0.014351851851851852
1 0.5174479166666667 0.46620370370370373 0.0067708333333333336 0.012037037037037037
1 0.4647135416666667 0.4622685185185185 0.005989583333333334 0.011574074074074073
1 0.5475260416666666 0.487962962962963 0.00703125 0.013888888888888888
1 0.5411458333333333 0.5256944444444445 0.008854166666666666 0.013425925925925926
1 0.49075520833333336 0.5518518518518518 0.01640625 0.018518518518518517
1 0.4940104166666667 0.5731481481481482 0.015104166666666667 0.019444444444444445