3 0.3860677083333333 0.48009259259259257 0.015364583333333333 0.03518518518518519
2 0.965625 0.7733796296296296 0.041666666666666664 0.09768518518518518
5 0.82890625 0.34629629629629627 0.015104166666666667 0.030555555555555555
1 0.5385416666666667 0.4111111111111111 0.0078125 0.008333333333333333
1 0.5296875 0.44675925925925924 0.0067708333333333336 0.012962962962962963
1 0.4903645833333333 0.44305555555555554 0.011458333333333333 0.01574074074074074
1 0.5393229166666667 0.4638888888888889 0.00625 0.012037037037037037
1 0.48580729166666664 0.45694444444444443 0.006510416666666667 0.012037037037037037
1 0.5666666666666667 0.48564814814814816 0.007291666666666667 0.013888888888888888
1 0.559765625 0.5212962962962963 0.007552083333333333 0.012962962962962963
1 0.5092447916666667 0.5481481481481482 0.012760416666666666 0.019444444444444445
1 0.5143229166666666 0.5680555555555555 0.015625 0.020370370370370372