3 0.47369791666666666 0.5013888888888889 0.022395833333333334 0.04259259259259259
1 0.6640625 0.43657407407407406 0.013020833333333334 0.011111111111111112
1 0.5881510416666667 0.44328703703703703 0.005989583333333334 0.011574074074074073
1 0.6178385416666666 0.46458333333333335 0.004427083333333333 0.00787037037037037
1 0.5809895833333333 0.46041666666666664 0.0046875 0.008796296296296297
1 0.6384114583333333 0.4840277777777778 0.005989583333333334 0.009722222222222222
1 0.64140625 0.5141203703703704 0.008333333333333333 0.015277777777777777
1 0.58515625 0.5428240740740741 0.0078125 0.013425925925925926
1 0.5876302083333333 0.5712962962962963 0.009635416666666667 0.012037037037037037
1 0.6434895833333333 0.5520833333333334 0.008333333333333333 0.011574074074074073
5 0.9783854166666667 0.46550925925925923 0.016666666666666666 0.03657407407407407