3 0.37356770833333336 0.5145833333333333 0.01953125 0.03564814814814815
1 0.583203125 0.42824074074074076 0.0049479166666666664 0.009259259259259259
1 0.49322916666666666 0.44375 0.00625 0.0125
1 0.5200520833333333 0.4675925925925926 0.0046875 0.011111111111111112
1 0.4837239583333333 0.46296296296296297 0.0049479166666666664 0.009259259259259259
1 0.547265625 0.48194444444444445 0.006510416666666667 0.011111111111111112
1 0.54140625 0.5111111111111111 0.0067708333333333336 0.013888888888888888
1 0.4805989583333333 0.5451388888888888 0.005989583333333334 0.009722222222222222
1 0.48072916666666665 0.5706018518518519 0.008854166666666666 0.016203703703703703
1 0.541015625 0.5527777777777778 0.012760416666666666 0.009259259259259259
5 0.8768229166666667 0.46319444444444446 0.016145833333333335 0.03564814814814815