3 0.34544270833333335 0.5155092592592593 0.016927083333333332 0.0412037037037037
1 0.555078125 0.4287037037037037 0.0049479166666666664 0.008333333333333333
1 0.46848958333333335 0.4386574074074074 0.005208333333333333 0.011574074074074073
1 0.494140625 0.46574074074074073 0.0049479166666666664 0.009259259259259259
1 0.458203125 0.462037037037037 0.00546875 0.008333333333333333
1 0.5209635416666667 0.47662037037037036 0.005989583333333334 0.011574074074074073
1 0.5143229166666666 0.5085648148148149 0.00625 0.0125
1 0.45260416666666664 0.544212962962963 0.005208333333333333 0.008796296296296297
1 0.45260416666666664 0.5699074074074074 0.009375 0.01574074074074074
1 0.5134114583333333 0.5488425925925926 0.009635416666666667 0.0125
5 0.8489583333333334 0.4587962962962963 0.015625 0.03518518518518519