1 0.6104166666666667 0.3074074074074074 0.019270833333333334 0.013888888888888888
1 0.6194010416666667 0.3458333333333333 0.013802083333333333 0.018518518518518517
1 0.5171875 0.40625 0.013020833333333334 0.015277777777777777
1 0.4825520833333333 0.4152777777777778 0.008333333333333333 0.017592592592592594
1 0.83125 0.694675925925926 0.01875 0.022685185185185187
1 0.95703125 0.6912037037037037 0.017708333333333333 0.022222222222222223
2 0.075390625 0.6451388888888889 0.12421875 0.10601851851851851
5 0.53515625 0.11689814814814815 0.016145833333333335 0.04027777777777778
1 0.648046875 0.33101851851851855 0.007552083333333333 0.012037037037037037
1 0.8658854166666666 0.5979166666666667 0.009895833333333333 0.014351851851851852
1 0.84296875 0.6650462962962963 0.009895833333333333 0.013425925925925926