1 0.43333333333333335 0.29375 0.0140625 0.013425925925925926
1 0.4412760416666667 0.3386574074074074 0.01328125 0.01712962962962963
1 0.3484375 0.36412037037037037 0.013541666666666667 0.015277777777777777
1 0.31015625 0.36898148148148147 0.008333333333333333 0.017592592592592594
1 0.58984375 0.6993055555555555 0.019791666666666666 0.01712962962962963
1 0.71875 0.6981481481481482 0.011458333333333333 0.018518518518518517
5 0.40208333333333335 0.10717592592592592 0.015625 0.0412037037037037
1 0.471484375 0.3261574074074074 0.00703125 0.009722222222222222
1 0.6485677083333333 0.5993055555555555 0.00859375 0.015277777777777777
1 0.6106770833333334 0.6636574074074074 0.008333333333333333 0.013425925925925926
3 0.32447916666666665 0.9293981481481481 0.043229166666666666 0.11898148148148148