1 0.4283854166666667 0.2988425925925926 0.0140625 0.018055555555555554
1 0.434375 0.3537037037037037 0.016666666666666666 0.017592592592592594
1 0.369140625 0.35856481481481484 0.026822916666666665 0.02361111111111111
1 0.333203125 0.35625 0.007552083333333333 0.01990740740740741
1 0.592578125 0.6775462962962963 0.020052083333333335 0.01898148148148148
1 0.7108072916666667 0.6724537037037037 0.012760416666666666 0.01898148148148148
5 0.40234375 0.10925925925925926 0.015625 0.041666666666666664
1 0.478515625 0.3326388888888889 0.009114583333333334 0.011574074074074073
1 0.650390625 0.5858796296296296 0.00859375 0.014351851851851852
1 0.609375 0.6449074074074074 0.009375 0.013888888888888888
3 0.2890625 0.7944444444444444 0.05260416666666667 0.08148148148148149