1 0.4205729166666667 0.29976851851851855 0.005208333333333333 0.011574074074074073
1 0.41744791666666664 0.355787037037037 0.019791666666666666 0.014351851851851852
1 0.37278645833333335 0.34282407407407406 0.010677083333333334 0.013425925925925926
1 0.34283854166666666 0.33564814814814814 0.01328125 0.017592592592592594
1 0.591796875 0.6900462962962963 0.016927083333333332 0.01898148148148148
1 0.718359375 0.6865740740740741 0.017447916666666667 0.019444444444444445
5 0.40377604166666664 0.10787037037037037 0.015885416666666666 0.040740740740740744
1 0.47486979166666665 0.3326388888888889 0.00859375 0.011574074074074073
1 0.6526041666666667 0.5969907407407408 0.008333333333333333 0.014351851851851852
1 0.6091145833333333 0.6599537037037037 0.009895833333333333 0.014351851851851852
3 0.26002604166666665 0.7384259259259259 0.053385416666666664 0.07777777777777778
2 0.03424479166666667 0.46875 0.06171875 0.13842592592592592