1 0.4270833333333333 0.3055555555555556 0.00625 0.012962962962962963
1 0.41510416666666666 0.362962962962963 0.0203125 0.01574074074074074
1 0.37916666666666665 0.34837962962962965 0.009375 0.0125
1 0.35052083333333334 0.33819444444444446 0.011979166666666667 0.015277777777777777
1 0.5872395833333334 0.687037037037037 0.018229166666666668 0.020370370370370372
1 0.7212239583333333 0.6835648148148148 0.014322916666666666 0.01898148148148148
5 0.40065104166666665 0.10694444444444444 0.015885416666666666 0.040740740740740744
1 0.4786458333333333 0.32685185185185184 0.008333333333333333 0.012037037037037037
1 0.650390625 0.5974537037037037 0.00859375 0.014351851851851852
1 0.60625 0.65625 0.009895833333333333 0.014351851851851852
3 0.235546875 0.7122685185185185 0.04244791666666667 0.08657407407407407
2 0.05169270833333333 0.44305555555555554 0.06328125 0.1287037037037037