1 0.42083333333333334 0.3164351851851852 0.005208333333333333 0.0125
1 0.3829427083333333 0.3854166666666667 0.022135416666666668 0.016203703703703703
1 0.3704427083333333 0.35625 0.01640625 0.015277777777777777
1 0.37005208333333334 0.3275462962962963 0.010416666666666666 0.013425925925925926
1 0.5798177083333333 0.6875 0.017447916666666667 0.021296296296296296
1 0.7145833333333333 0.6972222222222222 0.0203125 0.024074074074074074
5 0.39869791666666665 0.10277777777777777 0.016145833333333335 0.040740740740740744
1 0.4783854166666667 0.34930555555555554 0.008333333333333333 0.011574074074074073
1 0.6442708333333333 0.6006944444444444 0.009895833333333333 0.013425925925925926
1 0.6010416666666667 0.6618055555555555 0.009895833333333333 0.014351851851851852
3 0.18346354166666667 0.5956018518518519 0.020572916666666666 0.08101851851851852
2 0.09986979166666667 0.34930555555555554 0.048177083333333336 0.10787037037037037