1 0.41848958333333336 0.3108796296296296 0.0067708333333333336 0.014351851851851852
1 0.3763020833333333 0.3907407407407407 0.026041666666666668 0.013888888888888888
1 0.36770833333333336 0.3560185185185185 0.017708333333333333 0.01574074074074074
1 0.37083333333333335 0.3224537037037037 0.010416666666666666 0.013425925925925926
1 0.5803385416666667 0.6928240740740741 0.01953125 0.020833333333333332
1 0.7102864583333334 0.6974537037037037 0.01796875 0.02175925925925926
5 0.39947916666666666 0.10717592592592592 0.016145833333333335 0.03935185185185185
1 0.47682291666666665 0.34930555555555554 0.008333333333333333 0.011574074074074073
1 0.649609375 0.6034722222222222 0.009635416666666667 0.013425925925925926
1 0.6071614583333333 0.6712962962962963 0.022135416666666668 0.030555555555555555
3 0.18138020833333332 0.5773148148148148 0.020572916666666666 0.07777777777777778
2 0.10546875 0.337037037037037 0.04791666666666667 0.10833333333333334