1 0.416015625 0.3113425925925926 0.009635416666666667 0.01712962962962963
1 0.37005208333333334 0.3851851851851852 0.0234375 0.014814814814814815
1 0.3658854166666667 0.35 0.0109375 0.012962962962962963
1 0.37109375 0.31875 0.010416666666666666 0.013425925925925926
1 0.5756510416666667 0.6983796296296296 0.020052083333333335 0.02175925925925926
1 0.7143229166666667 0.7030092592592593 0.017708333333333333 0.01898148148148148
5 0.4005208333333333 0.10185185185185185 0.016145833333333335 0.040740740740740744
1 0.47513020833333336 0.34930555555555554 0.00859375 0.011574074074074073
1 0.6479166666666667 0.6162037037037037 0.009895833333333333 0.014814814814814815
1 0.5990885416666667 0.674537037037037 0.017447916666666667 0.024074074074074074
3 0.184765625 0.5520833333333334 0.019010416666666665 0.07268518518518519
2 0.11341145833333334 0.3178240740740741 0.045572916666666664 0.11157407407407408