1 0.41575520833333335 0.3141203703703704 0.00703125 0.0125
1 0.36770833333333336 0.3849537037037037 0.022916666666666665 0.0125
1 0.3639322916666667 0.3527777777777778 0.013802083333333333 0.012962962962962963
1 0.37252604166666664 0.32175925925925924 0.01015625 0.012962962962962963
1 0.5731770833333333 0.6979166666666666 0.01875 0.020833333333333332
1 0.71328125 0.7090277777777778 0.018229166666666668 0.01990740740740741
5 0.401171875 0.10277777777777777 0.015885416666666666 0.041666666666666664
1 0.47552083333333334 0.34976851851851853 0.009375 0.0125
1 0.646484375 0.6162037037037037 0.009114583333333334 0.013888888888888888
1 0.5966145833333333 0.6719907407407407 0.016666666666666666 0.02361111111111111
3 0.18697916666666667 0.5395833333333333 0.019270833333333334 0.07731481481481481
2 0.115625 0.30972222222222223 0.0453125 0.10833333333333334