1 0.41796875 0.3138888888888889 0.0067708333333333336 0.014814814814814815
1 0.3600260416666667 0.3925925925925926 0.026302083333333334 0.013888888888888888
1 0.366015625 0.35717592592592595 0.016927083333333332 0.0125
1 0.37747395833333336 0.32060185185185186 0.009635416666666667 0.011574074074074073
1 0.57421875 0.7018518518518518 0.016145833333333335 0.022222222222222223
1 0.7118489583333333 0.7085648148148148 0.01328125 0.016203703703703703
5 0.40182291666666664 0.11064814814814815 0.016145833333333335 0.03981481481481482
1 0.4798177083333333 0.3537037037037037 0.008072916666666667 0.012037037037037037
1 0.648828125 0.6159722222222223 0.009635416666666667 0.014351851851851852
1 0.5930989583333334 0.6777777777777778 0.01953125 0.025
3 0.19388020833333333 0.5027777777777778 0.02265625 0.07037037037037037
2 0.11783854166666667 0.2863425925925926 0.046614583333333334 0.09398148148148149