1 0.45260416666666664 0.37754629629629627 0.023958333333333335 0.014351851851851852
1 0.46380208333333334 0.3486111111111111 0.0125 0.013888888888888888
1 0.4803385416666667 0.3122685185185185 0.00859375 0.014351851851851852
1 0.6515625 0.7212962962962963 0.019270833333333334 0.019444444444444445
1 0.7990885416666667 0.7608796296296296 0.01640625 0.01898148148148148
5 0.5102864583333333 0.0962962962962963 0.015364583333333333 0.041666666666666664
1 0.5776041666666667 0.3597222222222222 0.008333333333333333 0.012037037037037037
1 0.7390625 0.6497685185185185 0.008854166666666666 0.018055555555555554
1 0.6736979166666667 0.6981481481481482 0.020833333333333332 0.028703703703703703
3 0.28515625 0.4289351851851852 0.0203125 0.06527777777777778
2 0.242578125 0.2263888888888889 0.045572916666666664 0.0962962962962963
1 0.5173177083333333 0.3136574074074074 0.00546875 0.014351851851851852