1 0.591796875 0.3685185185185185 0.020572916666666666 0.012962962962962963
1 0.784765625 0.8016203703703704 0.01796875 0.01990740740740741
1 0.9545572916666667 0.8942129629629629 0.01953125 0.027314814814814816
5 0.6959635416666666 0.11319444444444444 0.016927083333333332 0.03935185185185185
1 0.7993489583333333 0.7673611111111112 0.012760416666666666 0.03009259259259259
3 0.4549479166666667 0.3282407407407407 0.016666666666666666 0.05555555555555555
2 0.4471354166666667 0.1537037037037037 0.0453125 0.07777777777777778
1 0.6447916666666667 0.319212962962963 0.0078125 0.009722222222222222
1 0.6182291666666667 0.3509259259259259 0.013541666666666667 0.012037037037037037
1 0.7315104166666667 0.40046296296296297 0.009895833333333333 0.013888888888888888
1 0.8984375 0.7648148148148148 0.0140625 0.020370370370370372
1 0.676171875 0.33240740740740743 0.008072916666666667 0.01574074074074074