1 0.5868489583333333 0.37037037037037035 0.02109375 0.014814814814814815
1 0.7796875 0.7972222222222223 0.01875 0.021296296296296296
1 0.9609375 0.9013888888888889 0.01875 0.03148148148148148
5 0.6971354166666667 0.10787037037037037 0.0171875 0.040740740740740744
1 0.79375 0.7631944444444444 0.013020833333333334 0.03564814814814815
3 0.45651041666666664 0.3104166666666667 0.0203125 0.05694444444444444
2 0.454296875 0.14699074074074073 0.04296875 0.07916666666666666
1 0.6463541666666667 0.325 0.007291666666666667 0.016666666666666666
1 0.6204427083333334 0.3539351851851852 0.01484375 0.013425925925925926
1 0.7319010416666667 0.4 0.01015625 0.013888888888888888
1 0.8977864583333334 0.7712962962962963 0.015885416666666666 0.018518518518518517
1 0.6768229166666667 0.3333333333333333 0.007291666666666667 0.012962962962962963