1 0.5837239583333333 0.375 0.021614583333333333 0.016666666666666666
1 0.7796875 0.794212962962963 0.019791666666666666 0.01898148148148148
1 0.9486979166666667 0.9090277777777778 0.028125 0.03657407407407407
5 0.703515625 0.09976851851851852 0.017447916666666667 0.04027777777777778
1 0.7938802083333333 0.7606481481481482 0.01484375 0.020370370370370372
3 0.4649739583333333 0.29074074074074074 0.028385416666666666 0.049074074074074076
2 0.4700520833333333 0.12430555555555556 0.03854166666666667 0.0837962962962963
1 0.65703125 0.33032407407407405 0.007291666666666667 0.015277777777777777
1 0.6291666666666667 0.3611111111111111 0.0171875 0.012962962962962963
1 0.73515625 0.4027777777777778 0.010416666666666666 0.013888888888888888
1 0.8959635416666667 0.7761574074074075 0.01328125 0.018055555555555554
1 0.6848958333333334 0.3351851851851852 0.005729166666666666 0.013888888888888888