1 0.5837239583333333 0.37777777777777777 0.021614583333333333 0.016666666666666666
1 0.7772135416666667 0.794212962962963 0.019010416666666665 0.02175925925925926
1 0.9520833333333333 0.9090277777777778 0.025520833333333333 0.04027777777777778
5 0.7037760416666666 0.10046296296296296 0.017447916666666667 0.03981481481481482
1 0.795703125 0.7625 0.01796875 0.018518518518518517
3 0.466796875 0.2861111111111111 0.03046875 0.05092592592592592
2 0.4727864583333333 0.12268518518518519 0.03723958333333333 0.07962962962962963
1 0.6578125 0.33125 0.00625 0.015277777777777777
1 0.62890625 0.36064814814814816 0.015104166666666667 0.012037037037037037
1 0.7358072916666667 0.40300925925925923 0.01015625 0.014351851851851852
1 0.8986979166666667 0.774537037037037 0.0125 0.017592592592592594
1 0.6868489583333334 0.3386574074074074 0.00703125 0.0125