1 0.5786458333333333 0.36319444444444443 0.01875 0.013425925925925926
1 0.7778645833333333 0.7773148148148148 0.029166666666666667 0.021296296296296296
1 0.9686197916666667 0.9013888888888889 0.02578125 0.04259259259259259
5 0.70625 0.10069444444444445 0.0171875 0.0412037037037037
1 0.8049479166666667 0.7537037037037037 0.009895833333333333 0.016666666666666666
3 0.49166666666666664 0.24282407407407408 0.036458333333333336 0.04398148148148148
2 0.487109375 0.08912037037037036 0.03411458333333333 0.0763888888888889
1 0.6622395833333333 0.3261574074074074 0.0067708333333333336 0.0125
1 0.630859375 0.350462962962963 0.009114583333333334 0.021296296296296296
1 0.7334635416666667 0.3997685185185185 0.009635416666666667 0.0125
1 0.9118489583333333 0.7692129629629629 0.012760416666666666 0.016203703703703703
1 0.685546875 0.3296296296296296 0.00703125 0.012962962962962963