1 0.5772135416666667 0.36064814814814816 0.01953125 0.01574074074074074
1 0.7811197916666667 0.774074074074074 0.026822916666666665 0.024074074074074074
1 0.96875 0.9016203703703703 0.025520833333333333 0.04398148148148148
5 0.705859375 0.10324074074074074 0.016927083333333332 0.040740740740740744
1 0.8048177083333333 0.7548611111111111 0.009635416666666667 0.015277777777777777
3 0.4959635416666667 0.2375 0.037760416666666664 0.04351851851851852
2 0.48932291666666666 0.0875 0.034375 0.07407407407407407
1 0.6625 0.33032407407407405 0.0067708333333333336 0.015277777777777777
1 0.6305989583333333 0.34791666666666665 0.00859375 0.01990740740740741
1 0.7330729166666666 0.4025462962962963 0.009895833333333333 0.0125
1 0.909765625 0.7699074074074074 0.012760416666666666 0.017592592592592594
1 0.6856770833333333 0.33101851851851855 0.0067708333333333336 0.012962962962962963