1 0.5733072916666667 0.33310185185185187 0.020052083333333335 0.018055555555555554
1 0.765234375 0.7094907407407407 0.026822916666666665 0.022685185185185187
1 0.9473958333333333 0.8402777777777778 0.022916666666666665 0.037037037037037035
5 0.700390625 0.08541666666666667 0.016927083333333332 0.03935185185185185
1 0.7923177083333334 0.6967592592592593 0.009635416666666667 0.017592592592592594
3 0.502734375 0.20069444444444445 0.03619791666666667 0.043055555555555555
2 0.49388020833333335 0.06805555555555555 0.03463541666666667 0.07314814814814814
1 0.6575520833333334 0.30162037037037037 0.007291666666666667 0.015277777777777777
1 0.6265625 0.32083333333333336 0.009895833333333333 0.019444444444444445
1 0.7240885416666667 0.36921296296296297 0.00859375 0.016203703703703703
1 0.892578125 0.7164351851851852 0.012239583333333333 0.016203703703703703
1 0.678125 0.3023148148148148 0.007291666666666667 0.012037037037037037