1 0.8260416666666667 0.5921296296296297 0.017708333333333333 0.032407407407407406
3 0.5416666666666666 0.16643518518518519 0.011458333333333333 0.03009259259259259
5 0.655859375 0.10439814814814814 0.011197916666666667 0.03287037037037037
2 0.5184895833333333 0.053703703703703705 0.03802083333333333 0.04351851851851852
1 0.5251302083333333 0.27870370370370373 0.009635416666666667 0.010185185185185186
1 0.6115885416666667 0.2673611111111111 0.011197916666666667 0.011574074074074073
1 0.6578125 0.31342592592592594 0.008333333333333333 0.012037037037037037
1 0.6311197916666667 0.26180555555555557 0.005989583333333334 0.011574074074074073
1 0.5817708333333333 0.2775462962962963 0.008333333333333333 0.0125
1 0.7888020833333333 0.5148148148148148 0.008854166666666666 0.017592592592592594
1 0.7100260416666667 0.5141203703703704 0.00859375 0.014351851851851852
1 0.684375 0.5090277777777777 0.011458333333333333 0.016203703703703703