2 0.6220052083333333 0.1335648148148148 0.03046875 0.02824074074074074
1 0.40260416666666665 0.287962962962963 0.005208333333333333 0.009259259259259259
1 0.326953125 0.4321759259259259 0.007552083333333333 0.010648148148148148
1 0.49713541666666666 0.2349537037037037 0.0109375 0.0125
1 0.3009114583333333 0.36365740740740743 0.019010416666666665 0.013425925925925926
1 0.407421875 0.25277777777777777 0.008072916666666667 0.012037037037037037
1 0.436328125 0.2247685185185185 0.005989583333333334 0.006944444444444444
1 0.28932291666666665 0.35625 0.008333333333333333 0.009722222222222222
1 0.33958333333333335 0.31851851851851853 0.0036458333333333334 0.007407407407407408
5 0.15690104166666666 0.45925925925925926 0.019010416666666665 0.044444444444444446
2 0.468359375 0.1 0.025260416666666667 0.012962962962962963
3 0.6223958333333334 0.060648148148148145 0.008333333333333333 0.007407407407407408
4 0.44140625 0.2222222222222222 0.005729166666666666 0.004629629629629629
4 0.335546875 0.32083333333333336 0.005989583333333334 0.006481481481481481