2 0.6234375 0.13912037037037037 0.03125 0.029166666666666667
1 0.39895833333333336 0.2953703703703704 0.005208333333333333 0.009259259259259259
1 0.319921875 0.44814814814814813 0.010677083333333334 0.012037037037037037
1 0.49583333333333335 0.2423611111111111 0.0109375 0.0125
1 0.29635416666666664 0.37777777777777777 0.016666666666666666 0.011111111111111112
1 0.28541666666666665 0.3664351851851852 0.011458333333333333 0.0125
1 0.40455729166666665 0.262037037037037 0.008072916666666667 0.012037037037037037
1 0.43359375 0.23055555555555557 0.00625 0.006481481481481481
1 0.334765625 0.3298611111111111 0.00390625 0.00787037037037037
5 0.14544270833333334 0.475 0.01953125 0.04537037037037037
2 0.46627604166666664 0.10324074074074074 0.02578125 0.012962962962962963
3 0.6223958333333334 0.0625 0.008333333333333333 0.006481481481481481
4 0.4390625 0.22870370370370371 0.005729166666666666 0.004629629629629629
4 0.33098958333333334 0.331712962962963 0.005729166666666666 0.0060185185185185185