2 0.625 0.14537037037037037 0.03229166666666667 0.030555555555555555
1 0.39427083333333335 0.3087962962962963 0.005208333333333333 0.009259259259259259
1 0.3123697916666667 0.4699074074074074 0.010677083333333334 0.012037037037037037
1 0.4940104166666667 0.2534722222222222 0.0109375 0.0125
1 0.2875 0.39814814814814814 0.016666666666666666 0.011111111111111112
1 0.2747395833333333 0.38333333333333336 0.014583333333333334 0.014814814814814815
1 0.39986979166666664 0.27314814814814814 0.008072916666666667 0.012037037037037037
1 0.42942708333333335 0.24050925925925926 0.00625 0.00787037037037037
1 0.32721354166666666 0.34675925925925927 0.004427083333333333 0.008333333333333333
5 0.12864583333333332 0.4997685185185185 0.0203125 0.04675925925925926
2 0.463671875 0.10810185185185185 0.026302083333333334 0.013425925925925926
3 0.623046875 0.06782407407407408 0.00859375 0.006944444444444444
4 0.43580729166666665 0.2377314814814815 0.005989583333333334 0.005092592592592593
4 0.3240885416666667 0.3490740740740741 0.005989583333333334 0.006481481481481481