2 0.6356770833333333 0.1951388888888889 0.036458333333333336 0.034722222222222224
1 0.248828125 0.6550925925925926 0.01328125 0.014814814814814815
1 0.36171875 0.4263888888888889 0.0067708333333333336 0.012037037037037037
1 0.22890625 0.5439814814814815 0.016666666666666666 0.011111111111111112
1 0.21575520833333334 0.5275462962962963 0.015885416666666666 0.0125
1 0.483984375 0.34328703703703706 0.008072916666666667 0.010648148148148148
1 0.3731770833333333 0.37175925925925923 0.0125 0.012037037037037037
1 0.405859375 0.325 0.008072916666666667 0.010185185185185186
1 0.275390625 0.47430555555555554 0.008072916666666667 0.009722222222222222
2 0.44830729166666666 0.1527777777777778 0.02890625 0.014814814814814815
3 0.6299479166666667 0.1050925925925926 0.011458333333333333 0.009259259259259259
4 0.41302083333333334 0.32037037037037036 0.0067708333333333336 0.006481481481481481
4 0.26979166666666665 0.4777777777777778 0.007291666666666667 0.008333333333333333
5 0.011328125 0.7171296296296297 0.02265625 0.05925925925925926