2 0.6528645833333333 0.17569444444444443 0.040625 0.03935185185185185
1 0.17981770833333333 0.8326388888888889 0.01796875 0.02824074074074074
1 0.164453125 0.6548611111111111 0.022135416666666668 0.016203703703703703
1 0.14934895833333334 0.6296296296296297 0.020572916666666666 0.017592592592592594
1 0.47552083333333334 0.36944444444444446 0.0109375 0.013888888888888888
1 0.34869791666666666 0.4043981481481482 0.0109375 0.015277777777777777
1 0.384375 0.3439814814814815 0.009895833333333333 0.010185185185185186
1 0.22408854166666667 0.5631944444444444 0.00859375 0.009722222222222222
2 0.4317708333333333 0.1162037037037037 0.03229166666666667 0.018518518518518517
3 0.6380208333333334 0.05949074074074074 0.013541666666666667 0.010648148148148148
4 0.392578125 0.33935185185185185 0.007552083333333333 0.007407407407407408
1 0.3380208333333333 0.4789351851851852 0.011979166666666667 0.015277777777777777
4 0.21927083333333333 0.5694444444444444 0.008854166666666666 0.010185185185185186