2 0.6915364583333333 0.11064814814814815 0.04244791666666667 0.041666666666666664
1 0.24453125 0.8122685185185186 0.026041666666666668 0.03009259259259259
1 0.21809895833333334 0.6229166666666667 0.02109375 0.01990740740740741
1 0.2046875 0.6023148148148149 0.0125 0.022222222222222223
1 0.38645833333333335 0.3659722222222222 0.014583333333333334 0.015277777777777777
1 0.5177083333333333 0.3226851851851852 0.008333333333333333 0.012962962962962963
1 0.41888020833333334 0.29814814814814816 0.010677083333333334 0.012037037037037037
1 0.267578125 0.5275462962962963 0.006510416666666667 0.0125
2 0.44557291666666665 0.05740740740740741 0.030208333333333334 0.021296296296296296
4 0.42682291666666666 0.29398148148148145 0.0078125 0.006481481481481481
1 0.3729166666666667 0.4439814814814815 0.013020833333333334 0.017592592592592594