2 0.747265625 0.1136574074074074 0.04244791666666667 0.04027777777777778
1 0.2791666666666667 0.7701388888888889 0.026041666666666668 0.03009259259259259
1 0.248828125 0.5631944444444444 0.012760416666666666 0.020833333333333332
1 0.560546875 0.3178240740740741 0.009114583333333334 0.014351851851851852
1 0.26263020833333334 0.5881944444444445 0.02265625 0.013425925925925926
1 0.43606770833333336 0.3527777777777778 0.009114583333333334 0.011111111111111112
1 0.46484375 0.2898148148148148 0.010416666666666666 0.011111111111111112
1 0.309375 0.5057870370370371 0.00625 0.013425925925925926
2 0.4984375 0.05694444444444444 0.028125 0.021296296296296296
1 0.41940104166666664 0.4287037037037037 0.016927083333333332 0.01574074074074074
4 0.47317708333333336 0.2865740740740741 0.008333333333333333 0.006481481481481481
3 0.7209635416666667 0.0060185185185185185 0.018489583333333334 0.012037037037037037