1 0.2662760416666667 0.6564814814814814 0.01640625 0.022222222222222223
1 0.5174479166666667 0.42939814814814814 0.01875 0.016203703703703703
1 0.3260416666666667 0.5009259259259259 0.0109375 0.017592592592592594
1 0.32578125 0.47337962962962965 0.0109375 0.015277777777777777
1 0.6893229166666667 0.38425925925925924 0.0109375 0.01574074074074074
1 0.558984375 0.3680555555555556 0.01171875 0.013888888888888888
1 0.616015625 0.31342592592592594 0.011197916666666667 0.011111111111111112
1 0.3854166666666667 0.4479166666666667 0.007291666666666667 0.009722222222222222
2 0.7502604166666667 0.0837962962962963 0.0296875 0.023148148148148147
5 0.060546875 0.5766203703703704 0.023177083333333334 0.05787037037037037
4 0.624609375 0.31319444444444444 0.008072916666666667 0.00787037037037037
4 0.38203125 0.45416666666666666 0.008333333333333333 0.009259259259259259