1 0.23203125 0.7222222222222222 0.017708333333333333 0.025
1 0.50390625 0.46944444444444444 0.01875 0.018518518518518517
1 0.6756510416666667 0.425 0.012760416666666666 0.016666666666666666
1 0.29973958333333334 0.5215277777777778 0.009895833333333333 0.01712962962962963
1 0.2975260416666667 0.5509259259259259 0.01015625 0.018518518518518517
1 0.5454427083333333 0.39675925925925926 0.009114583333333334 0.016666666666666666
1 0.6006510416666667 0.34328703703703706 0.011197916666666667 0.011574074074074073
1 0.3580729166666667 0.4946759259259259 0.008854166666666666 0.009722222222222222
2 0.7421875 0.09953703703703703 0.030208333333333334 0.023148148148148147
5 0.013932291666666667 0.6361111111111111 0.02421875 0.062037037037037036
4 0.6096354166666667 0.3439814814814815 0.008854166666666666 0.007407407407407408
4 0.3639322916666667 0.5009259259259259 0.009114583333333334 0.010185185185185186