1 0.6391927083333333 0.3275462962962963 0.012760416666666666 0.018055555555555554
1 0.3328125 0.6094907407407407 0.013020833333333334 0.01898148148148148
1 0.37252604166666664 0.48310185185185184 0.012239583333333333 0.015277777777777777
1 0.29765625 0.42060185185185184 0.0140625 0.018055555555555554
1 0.5662760416666667 0.26342592592592595 0.009635416666666667 0.024074074074074074
1 0.5615885416666667 0.20023148148148148 0.01328125 0.013425925925925926
1 0.37278645833333335 0.4361111111111111 0.014322916666666666 0.013888888888888888
5 0.11666666666666667 0.6118055555555556 0.020833333333333332 0.038425925925925926
1 0.524609375 0.39189814814814816 0.009114583333333334 0.022685185185185187
4 0.5708333333333333 0.20300925925925925 0.0078125 0.0125
2 0.9787760416666667 0.3418981481481482 0.04244791666666667 0.07453703703703704
4 0.34934895833333335 0.462037037037037 0.010677083333333334 0.016666666666666666