2 0.914453125 0.47662037037037036 0.06901041666666667 0.09675925925925925
1 0.633984375 0.37800925925925927 0.010677083333333334 0.018055555555555554
1 0.3204427083333333 0.6525462962962963 0.012760416666666666 0.01712962962962963
1 0.3678385416666667 0.5303240740740741 0.011197916666666667 0.01712962962962963
1 0.284375 0.4652777777777778 0.011458333333333333 0.020370370370370372
1 0.5609375 0.31550925925925927 0.009375 0.02175925925925926
1 0.54765625 0.2465277777777778 0.016666666666666666 0.0125
1 0.355859375 0.48194444444444445 0.009635416666666667 0.022222222222222223
5 0.10065104166666666 0.6701388888888888 0.021614583333333333 0.04212962962962963
1 0.5153645833333333 0.4449074074074074 0.009375 0.028703703703703703
4 0.5580729166666667 0.2488425925925926 0.008333333333333333 0.0125
4 0.33815104166666665 0.5060185185185185 0.010677083333333334 0.016666666666666666