2 0.9627604166666667 0.6460648148148148 0.07447916666666667 0.09490740740740741
1 0.71640625 0.42291666666666666 0.0140625 0.016203703703703703
1 0.38424479166666664 0.5953703703703703 0.013802083333333333 0.016666666666666666
1 0.44166666666666665 0.49583333333333335 0.009375 0.01574074074074074
1 0.358984375 0.40069444444444446 0.011197916666666667 0.018055555555555554
1 0.6479166666666667 0.3326388888888889 0.011458333333333333 0.01898148148148148
1 0.6416666666666667 0.2657407407407407 0.013541666666666667 0.013888888888888888
1 0.4317708333333333 0.4449074074074074 0.0125 0.01574074074074074
5 0.176953125 0.5372685185185185 0.020052083333333335 0.04027777777777778
1 0.5899739583333333 0.4546296296296296 0.01171875 0.021296296296296296
4 0.4153645833333333 0.46620370370370373 0.009375 0.017592592592592594