2 0.98203125 0.905787037037037 0.035416666666666666 0.07546296296296297
1 0.8274739583333334 0.5326388888888889 0.01484375 0.01898148148148148
1 0.46770833333333334 0.5340277777777778 0.0078125 0.015277777777777777
1 0.5389322916666667 0.4650462962962963 0.012239583333333333 0.014351851851851852
1 0.4786458333333333 0.3453703703703704 0.0125 0.018518518518518517
1 0.7712239583333333 0.4115740740740741 0.009114583333333334 0.028703703703703703
1 0.76875 0.3398148148148148 0.015104166666666667 0.01574074074074074
1 0.53359375 0.4152777777777778 0.009895833333333333 0.01574074074074074
5 0.2903645833333333 0.3854166666666667 0.01875 0.038425925925925926
1 0.692578125 0.5018518518518519 0.011197916666666667 0.027777777777777776
4 0.779296875 0.34675925925925927 0.00703125 0.013888888888888888
4 0.521484375 0.4252314814814815 0.00859375 0.01712962962962963