1 0.8848958333333333 0.8546296296296296 0.013541666666666667 0.025925925925925925
1 0.6430989583333333 0.5224537037037037 0.009635416666666667 0.014351851851851852
1 0.6358072916666667 0.34074074074074073 0.007552083333333333 0.017592592592592594
1 0.8729166666666667 0.6893518518518519 0.009375 0.021296296296296296
1 0.8890625 0.6078703703703704 0.014583333333333334 0.023148148148148147
1 0.6393229166666666 0.46319444444444446 0.0078125 0.01898148148148148
5 0.46979166666666666 0.22962962962962963 0.0171875 0.03148148148148148
1 0.7657552083333333 0.7034722222222223 0.015885416666666666 0.016203703703703703
1 0.55625 0.48819444444444443 0.0078125 0.015277777777777777
4 0.898046875 0.6226851851851852 0.007552083333333333 0.016666666666666666
4 0.633203125 0.4511574074074074 0.005989583333333334 0.013425925925925926