2 0.4029947916666667 0.544675925925926 0.05703125 0.12824074074074074
1 0.6430989583333333 0.4152777777777778 0.01328125 0.017592592592592594
1 0.744921875 0.3539351851851852 0.007552083333333333 0.01712962962962963
1 0.64140625 0.742824074074074 0.0078125 0.014351851851851852
1 0.6984375 0.7199074074074074 0.009375 0.017592592592592594
1 0.6739583333333333 0.3729166666666667 0.0078125 0.018055555555555554
1 0.564453125 0.7969907407407407 0.010677083333333334 0.020833333333333332
5 0.737890625 0.10601851851851851 0.01640625 0.02962962962962963
1 0.6319010416666667 0.2962962962962963 0.008072916666666667 0.013888888888888888
4 0.6915364583333333 0.7282407407407407 0.009635416666666667 0.013888888888888888
4 0.6861979166666666 0.3835648148148148 0.00625 0.011574074074074073
1 0.5884114583333333 0.6180555555555556 0.00703125 0.013888888888888888