2 0.37356770833333336 0.44537037037037036 0.05755208333333333 0.12777777777777777
1 0.55234375 0.5219907407407407 0.009375 0.01898148148148148
1 0.6037760416666667 0.2050925925925926 0.01015625 0.01574074074074074
1 0.5278645833333333 0.6993055555555555 0.010416666666666666 0.01898148148148148
1 0.6119791666666666 0.32222222222222224 0.015104166666666667 0.013888888888888888
1 0.713671875 0.26157407407407407 0.00703125 0.013888888888888888
1 0.6041666666666666 0.6416666666666667 0.010416666666666666 0.012962962962962963
1 0.6639322916666667 0.618287037037037 0.007552083333333333 0.015277777777777777
1 0.6459635416666667 0.2810185185185185 0.01015625 0.020370370370370372
5 0.7098958333333333 0.012037037037037037 0.016145833333333335 0.024074074074074074
4 0.6563802083333333 0.29467592592592595 0.00546875 0.010648148148148148
4 0.65625 0.6233796296296297 0.009375 0.011574074074074073