2 0.38450520833333335 0.5879629629629629 0.04505208333333333 0.11018518518518519
1 0.5717447916666667 0.4083333333333333 0.008072916666666667 0.014814814814814815
1 0.5764322916666667 0.5113425925925926 0.009635416666666667 0.014351851851851852
1 0.66875 0.4652777777777778 0.008854166666666666 0.01574074074074074
1 0.5720052083333333 0.7962962962962963 0.01015625 0.012962962962962963
1 0.6259114583333333 0.7615740740740741 0.00703125 0.013888888888888888
1 0.613671875 0.47430555555555554 0.009635416666666667 0.013425925925925926
1 0.46979166666666666 0.7037037037037037 0.0171875 0.016666666666666666
5 0.6723958333333333 0.2298611111111111 0.0140625 0.027314814814814816
4 0.6182291666666667 0.7664351851851852 0.008333333333333333 0.011574074074074073
1 0.508203125 0.8296296296296296 0.01015625 0.020370370370370372
1 0.528515625 0.6951388888888889 0.008072916666666667 0.022685185185185187
4 0.61953125 0.49583333333333335 0.005208333333333333 0.010185185185185186