2 0.3921875 0.4810185185185185 0.044270833333333336 0.11203703703703703
1 0.5260416666666666 0.5912037037037037 0.009375 0.020370370370370372
1 0.567578125 0.32175925925925924 0.008072916666666667 0.019444444444444445
1 0.5063802083333333 0.7203703703703703 0.00703125 0.014814814814814815
1 0.6608072916666666 0.37407407407407406 0.007552083333333333 0.01574074074074074
1 0.57265625 0.41388888888888886 0.008854166666666666 0.013888888888888888
1 0.5673177083333333 0.6891203703703703 0.011197916666666667 0.0125
1 0.6205729166666667 0.6502314814814815 0.008854166666666666 0.014351851851851852
1 0.60859375 0.38425925925925924 0.009375 0.012037037037037037
1 0.4766927083333333 0.5967592592592592 0.014322916666666666 0.021296296296296296
5 0.6671875 0.13842592592592592 0.0140625 0.025
4 0.61328125 0.40324074074074073 0.004166666666666667 0.009259259259259259
4 0.61328125 0.6560185185185186 0.008333333333333333 0.009259259259259259