2 0.3983072916666667 0.4895833333333333 0.04192708333333333 0.1087962962962963
1 0.5673177083333333 0.33425925925925926 0.009635416666666667 0.021296296296296296
1 0.5270833333333333 0.5986111111111111 0.009375 0.020370370370370372
1 0.5069010416666667 0.7300925925925926 0.00703125 0.014814814814814815
1 0.655859375 0.38472222222222224 0.007552083333333333 0.01574074074074074
1 0.571484375 0.42106481481481484 0.008072916666666667 0.014351851851851852
1 0.564453125 0.6995370370370371 0.00859375 0.011111111111111112
1 0.61796875 0.6590277777777778 0.0078125 0.014351851851851852
1 0.6052083333333333 0.3939814814814815 0.008854166666666666 0.011111111111111112
1 0.480859375 0.6048611111111111 0.009635416666666667 0.015277777777777777
5 0.6619791666666667 0.15949074074074074 0.013541666666666667 0.022685185185185187
4 0.6110677083333333 0.41087962962962965 0.00390625 0.008796296296296297
4 0.6108072916666667 0.6636574074074074 0.008072916666666667 0.008796296296296297