2 0.4029947916666667 0.5018518518518519 0.04088541666666667 0.10277777777777777
1 0.568359375 0.3449074074074074 0.009635416666666667 0.021296296296296296
1 0.5263020833333333 0.6129629629629629 0.009375 0.020370370370370372
1 0.5076822916666667 0.7326388888888888 0.01015625 0.01990740740740741
1 0.6529947916666666 0.3958333333333333 0.007552083333333333 0.01574074074074074
1 0.56953125 0.43148148148148147 0.007291666666666667 0.011111111111111112
1 0.5626302083333333 0.7085648148148148 0.009635416666666667 0.0125
1 0.616015625 0.6666666666666666 0.008072916666666667 0.012962962962962963
1 0.6041666666666666 0.40671296296296294 0.0067708333333333336 0.0125
1 0.48463541666666665 0.617824074074074 0.009375 0.016203703703703703
5 0.6584635416666667 0.17800925925925926 0.01328125 0.024537037037037038
4 0.608984375 0.4219907407407407 0.00390625 0.008796296296296297
4 0.60859375 0.6729166666666667 0.0078125 0.009722222222222222