2 0.4049479166666667 0.5138888888888888 0.040625 0.1
1 0.5630208333333333 0.36412037037037037 0.009895833333333333 0.01712962962962963
1 0.527734375 0.6210648148148148 0.009114583333333334 0.020833333333333332
1 0.5110677083333334 0.731712962962963 0.01015625 0.01990740740740741
1 0.6471354166666666 0.41458333333333336 0.008333333333333333 0.01898148148148148
1 0.56796875 0.4537037037037037 0.008333333333333333 0.013888888888888888
1 0.5627604166666667 0.7129629629629629 0.009895833333333333 0.012962962962962963
1 0.6158854166666666 0.6689814814814815 0.0067708333333333336 0.013888888888888888
1 0.6010416666666667 0.4321759259259259 0.008854166666666666 0.016203703703703703
1 0.493359375 0.6233796296296297 0.012760416666666666 0.018055555555555554
5 0.6548177083333333 0.19652777777777777 0.012760416666666666 0.02361111111111111
4 0.60546875 0.4460648148148148 0.0036458333333333334 0.008796296296296297
4 0.6088541666666667 0.6747685185185185 0.007291666666666667 0.009722222222222222