2 0.40546875 0.5099537037037037 0.040625 0.10138888888888889
1 0.5272135416666667 0.6196759259259259 0.009114583333333334 0.020833333333333332
1 0.5631510416666666 0.368287037037037 0.01015625 0.013425925925925926
1 0.5100260416666667 0.731712962962963 0.01015625 0.01990740740740741
1 0.6466145833333333 0.41875 0.008333333333333333 0.01898148148148148
1 0.5677083333333334 0.4585648148148148 0.0067708333333333336 0.011574074074074073
1 0.5618489583333334 0.7113425925925926 0.010677083333333334 0.014351851851851852
1 0.6178385416666666 0.6652777777777777 0.00703125 0.014814814814814815
1 0.5981770833333333 0.44189814814814815 0.0125 0.01990740740740741
1 0.4942708333333333 0.61875 0.011979166666666667 0.01712962962962963
5 0.6563802083333333 0.19537037037037036 0.012760416666666666 0.022222222222222223
4 0.606640625 0.4511574074074074 0.00390625 0.008796296296296297
4 0.6115885416666667 0.6701388888888888 0.007552083333333333 0.009722222222222222