2 0.3983072916666667 0.5083333333333333 0.040364583333333336 0.1
1 0.513671875 0.6219907407407408 0.009114583333333334 0.020833333333333332
1 0.552734375 0.3710648148148148 0.01015625 0.013425925925925926
1 0.496484375 0.7358796296296296 0.01015625 0.01990740740740741
1 0.6364583333333333 0.4215277777777778 0.008333333333333333 0.01898148148148148
1 0.5567708333333333 0.46087962962962964 0.00625 0.010648148148148148
1 0.5509114583333333 0.7185185185185186 0.008072916666666667 0.013888888888888888
1 0.6078125 0.6641203703703704 0.007291666666666667 0.016203703703703703
1 0.586328125 0.44699074074074074 0.009114583333333334 0.01712962962962963
1 0.48658854166666665 0.6143518518518518 0.012239583333333333 0.019444444444444445
5 0.646484375 0.19837962962962963 0.01328125 0.02175925925925926
4 0.595703125 0.45393518518518516 0.00390625 0.00787037037037037
4 0.6020833333333333 0.669675925925926 0.0078125 0.009722222222222222