2 0.406640625 0.5171296296296296 0.038802083333333334 0.09907407407407408
1 0.510546875 0.63125 0.009114583333333334 0.020833333333333332
1 0.5506510416666667 0.37800925925925927 0.01015625 0.013425925925925926
1 0.496484375 0.7391203703703704 0.01015625 0.01990740740740741
1 0.6294270833333333 0.42939814814814814 0.008333333333333333 0.01898148148148148
1 0.5537760416666667 0.4671296296296296 0.005989583333333334 0.011111111111111112
1 0.5459635416666667 0.7280092592592593 0.00859375 0.0125
1 0.6041666666666666 0.6717592592592593 0.008333333333333333 0.014814814814814815
1 0.575390625 0.46041666666666664 0.01171875 0.02361111111111111
1 0.4890625 0.6194444444444445 0.008854166666666666 0.016666666666666666
5 0.6427083333333333 0.22013888888888888 0.0125 0.020833333333333332
4 0.5915364583333333 0.4636574074074074 0.00390625 0.008796296296296297
4 0.5983072916666666 0.6768518518518518 0.00703125 0.009259259259259259