2 0.40729166666666666 0.5168981481481482 0.03854166666666667 0.09768518518518518
1 0.5110677083333334 0.6303240740740741 0.009114583333333334 0.020833333333333332
1 0.551171875 0.3766203703703704 0.01015625 0.013425925925925926
1 0.49778645833333335 0.7368055555555556 0.01015625 0.01990740740740741
1 0.6299479166666667 0.4273148148148148 0.0067708333333333336 0.01574074074074074
1 0.553125 0.4673611111111111 0.005729166666666666 0.010648148148148148
1 0.5463541666666667 0.7275462962962963 0.008854166666666666 0.0125
1 0.60390625 0.6671296296296296 0.008333333333333333 0.022222222222222223
1 0.5725260416666667 0.4638888888888889 0.013802083333333333 0.025
1 0.48984375 0.61875 0.0078125 0.015277777777777777
5 0.642578125 0.21875 0.012760416666666666 0.02175925925925926
4 0.590625 0.4652777777777778 0.0036458333333333334 0.008333333333333333
4 0.5979166666666667 0.6768518518518518 0.007291666666666667 0.008333333333333333