2 0.39869791666666665 0.5150462962962963 0.03958333333333333 0.09768518518518518
1 0.503515625 0.6284722222222222 0.009114583333333334 0.020833333333333332
1 0.5428385416666667 0.38078703703703703 0.01015625 0.013425925925925926
1 0.491015625 0.7289351851851852 0.01015625 0.01990740740740741
1 0.6170572916666667 0.43148148148148147 0.008072916666666667 0.019444444444444445
1 0.544140625 0.4726851851851852 0.00546875 0.011111111111111112
1 0.5397135416666666 0.7245370370370371 0.01015625 0.014814814814814815
1 0.5946614583333333 0.6652777777777777 0.008072916666666667 0.013888888888888888
1 0.5572916666666666 0.47453703703703703 0.011458333333333333 0.020370370370370372
1 0.486328125 0.6090277777777777 0.008072916666666667 0.0125
5 0.6325520833333333 0.21550925925925926 0.0125 0.022685185185185187
4 0.5813802083333334 0.4710648148148148 0.00390625 0.008796296296296297
4 0.588671875 0.6715277777777777 0.00703125 0.008796296296296297