2 0.39986979166666664 0.5087962962962963 0.03984375 0.0962962962962963
1 0.49440104166666665 0.6270833333333333 0.009114583333333334 0.020833333333333332
1 0.5373697916666667 0.3803240740740741 0.01015625 0.013425925925925926
1 0.48098958333333336 0.7300925925925926 0.0125 0.019444444444444445
1 0.6149739583333333 0.43194444444444446 0.008072916666666667 0.019444444444444445
1 0.54296875 0.47129629629629627 0.0067708333333333336 0.013888888888888888
1 0.5337239583333333 0.7284722222222222 0.01015625 0.011574074074074073
1 0.5993489583333333 0.6534722222222222 0.007552083333333333 0.015277777777777777
1 0.5424479166666667 0.48865740740740743 0.015625 0.018055555555555554
1 0.48333333333333334 0.5969907407407408 0.009895833333333333 0.015277777777777777
5 0.631640625 0.21875 0.012239583333333333 0.020833333333333332
4 0.5815104166666667 0.4724537037037037 0.004166666666666667 0.008796296296296297
4 0.5936197916666667 0.6608796296296297 0.00703125 0.00787037037037037