5 0.455859375 0.21828703703703703 0.01015625 0.027314814814814816
3 0.5403645833333334 0.5050925925925925 0.0375 0.024074074074074074
1 0.4002604166666667 0.763425925925926 0.016145833333333335 0.019444444444444445
2 0.3385416666666667 0.8331018518518518 0.07291666666666667 0.09675925925925925
1 0.4889322916666667 0.5136574074074074 0.01640625 0.013425925925925926
2 0.8794270833333333 0.6104166666666667 0.0796875 0.07453703703703704
1 0.3885416666666667 0.669675925925926 0.013020833333333334 0.015277777777777777
1 0.48333333333333334 0.5530092592592593 0.0109375 0.013425925925925926
4 0.49192708333333335 0.5546296296296296 0.010416666666666666 0.011111111111111112
1 0.7104166666666667 0.6435185185185185 0.007291666666666667 0.01574074074074074
1 0.5973958333333333 0.6731481481481482 0.011979166666666667 0.013888888888888888