5 0.44583333333333336 0.18912037037037038 0.010416666666666666 0.027314814814814816
1 0.3815104166666667 0.7081018518518518 0.015104166666666667 0.014351851851851852
2 0.3126302083333333 0.788425925925926 0.07734375 0.09444444444444444
1 0.4798177083333333 0.4791666666666667 0.012760416666666666 0.010185185185185186
2 0.8739583333333333 0.5560185185185185 0.08229166666666667 0.07314814814814814
1 0.36744791666666665 0.6342592592592593 0.014583333333333334 0.017592592592592594
1 0.47213541666666664 0.5150462962962963 0.019791666666666666 0.01712962962962963
4 0.48684895833333336 0.5173611111111112 0.009635416666666667 0.010648148148148148
1 0.6904947916666667 0.5944444444444444 0.011197916666666667 0.016666666666666666
1 0.5598958333333334 0.6356481481481482 0.008854166666666666 0.012037037037037037
3 0.5463541666666667 0.475 0.03229166666666667 0.028703703703703703