5 0.4192708333333333 0.18912037037037038 0.010416666666666666 0.02638888888888889
1 0.327734375 0.6956018518518519 0.025260416666666667 0.024537037037037038
1 0.43645833333333334 0.47939814814814813 0.011458333333333333 0.009722222222222222
2 0.25 0.7840277777777778 0.08177083333333333 0.09768518518518518
2 0.8296875 0.5576388888888889 0.08385416666666666 0.0763888888888889
1 0.31328125 0.6240740740740741 0.013020833333333334 0.016666666666666666
1 0.4298177083333333 0.5150462962962963 0.020052083333333335 0.014351851851851852
4 0.44375 0.5189814814814815 0.009895833333333333 0.011111111111111112
1 0.6295572916666666 0.6060185185185185 0.009635416666666667 0.01574074074074074
1 0.4830729166666667 0.6462962962962963 0.0109375 0.017592592592592594
3 0.512109375 0.48657407407407405 0.03046875 0.030555555555555555