2 0.61796875 0.8731481481481481 0.0328125 0.05740740740740741
2 0.7529947916666667 0.6467592592592593 0.05078125 0.04259259259259259
1 0.6967447916666667 0.7462962962962963 0.010677083333333334 0.012037037037037037
1 0.6967447916666667 0.7462962962962963 0.010677083333333334 0.012037037037037037
1 0.7971354166666667 0.8557870370370371 0.0078125 0.0125
1 0.5234375 0.9409722222222222 0.0078125 0.011574074074074073
1 0.498046875 0.9490740740740741 0.00859375 0.011111111111111112
1 0.48671875 0.9247685185185185 0.007291666666666667 0.011574074074074073
1 0.6967447916666667 0.9877314814814815 0.01015625 0.013425925925925926
1 0.8016927083333333 0.8886574074074074 0.006510416666666667 0.014351851851851852
1 0.8037760416666667 0.8770833333333333 0.00546875 0.011574074074074073
4 0.7334635416666667 0.7701388888888889 0.00703125 0.008796296296296297
1 0.7571614583333334 0.8125 0.00546875 0.009259259259259259
1 0.7274739583333333 0.7717592592592593 0.004427083333333333 0.007407407407407408
4 0.729296875 0.7592592592592593 0.006510416666666667 0.007407407407407408