2 0.620703125 0.8712962962962963 0.03307291666666667 0.05648148148148148
2 0.7541666666666667 0.6469907407407407 0.050520833333333334 0.04212962962962963
1 0.6984375 0.7446759259259259 0.0109375 0.0125
1 0.6984375 0.7446759259259259 0.0109375 0.0125
1 0.7989583333333333 0.8541666666666666 0.008854166666666666 0.012037037037037037
1 0.52578125 0.9384259259259259 0.008333333333333333 0.011111111111111112
1 0.5013020833333334 0.9472222222222222 0.009375 0.012037037037037037
1 0.48854166666666665 0.9247685185185185 0.0067708333333333336 0.011574074074074073
1 0.6997395833333333 0.9849537037037037 0.0125 0.014351851851851852
1 0.8032552083333333 0.8865740740740741 0.006510416666666667 0.013888888888888888
1 0.8049479166666667 0.8761574074074074 0.005208333333333333 0.011574074074074073
4 0.7364583333333333 0.76875 0.007291666666666667 0.008796296296296297
1 0.7592447916666667 0.812037037037037 0.00546875 0.009259259259259259
1 0.7302083333333333 0.7706018518518518 0.004166666666666667 0.00787037037037037
4 0.7315104166666667 0.7594907407407407 0.00625 0.006944444444444444