2 0.6227864583333333 0.8699074074074075 0.03307291666666667 0.05648148148148148
2 0.7555989583333333 0.6479166666666667 0.05078125 0.043055555555555555
1 0.6990885416666667 0.7444444444444445 0.011197916666666667 0.012962962962962963
1 0.6990885416666667 0.7444444444444445 0.011197916666666667 0.012962962962962963
1 0.7998697916666667 0.8534722222222222 0.008072916666666667 0.0125
1 0.5278645833333333 0.9365740740740741 0.0078125 0.011111111111111112
1 0.503125 0.9453703703703704 0.010416666666666666 0.012962962962962963
1 0.4901041666666667 0.9236111111111112 0.00625 0.011111111111111112
1 0.7029947916666667 0.9828703703703704 0.010677083333333334 0.012962962962962963
1 0.8044270833333333 0.8858796296296296 0.0067708333333333336 0.014351851851851852
1 0.8059895833333334 0.8743055555555556 0.005208333333333333 0.010648148148148148
4 0.738671875 0.7689814814814815 0.007552083333333333 0.008333333333333333
1 0.7614583333333333 0.8104166666666667 0.0046875 0.00787037037037037
1 0.731640625 0.7710648148148148 0.00546875 0.009722222222222222
4 0.733203125 0.7583333333333333 0.005989583333333334 0.006481481481481481