2 0.6325520833333333 0.8520833333333333 0.0328125 0.055092592592592596
2 0.7623697916666666 0.637962962962963 0.05026041666666667 0.04259259259259259
1 0.7092447916666667 0.7354166666666667 0.008072916666666667 0.009722222222222222
1 0.8080729166666667 0.8497685185185185 0.0078125 0.013425925925925926
1 0.5375 0.9222222222222223 0.005729166666666666 0.013888888888888888
1 0.5141927083333333 0.9321759259259259 0.012239583333333333 0.011574074074074073
1 0.49752604166666664 0.9104166666666667 0.01171875 0.010648148148148148
1 0.7102864583333334 0.9708333333333333 0.013802083333333333 0.014814814814814815
1 0.8131510416666666 0.8782407407407408 0.006510416666666667 0.013888888888888888
1 0.8114583333333333 0.8671296296296296 0.005208333333333333 0.011111111111111112
4 0.7412760416666667 0.7583333333333333 0.00703125 0.007407407407407408
1 0.7712239583333333 0.7960648148148148 0.0049479166666666664 0.010648148148148148
5 0.25677083333333334 0.9719907407407408 0.0203125 0.05324074074074074
4 0.743359375 0.7488425925925926 0.0049479166666666664 0.0060185185185185185