2 0.5916666666666667 0.8513888888888889 0.034375 0.05462962962962963
2 0.7322916666666667 0.6400462962962963 0.05 0.04212962962962963
1 0.6764322916666666 0.737037037037037 0.00703125 0.012037037037037037
1 0.7708333333333334 0.8483796296296297 0.007291666666666667 0.0125
1 0.490234375 0.9229166666666667 0.007552083333333333 0.0125
1 0.466796875 0.9333333333333333 0.012760416666666666 0.012037037037037037
1 0.4510416666666667 0.913425925925926 0.0109375 0.009259259259259259
1 0.664453125 0.975925925925926 0.012760416666666666 0.012962962962962963
1 0.7747395833333334 0.874537037037037 0.007291666666666667 0.012037037037037037
5 0.20572916666666666 0.9766203703703704 0.019270833333333334 0.04675925925925926
1 0.7721354166666666 0.8636574074074074 0.005729166666666666 0.011574074074074073
4 0.7083333333333334 0.7620370370370371 0.008333333333333333 0.006481481481481481
1 0.740625 0.7909722222222222 0.005208333333333333 0.008796296296296297
1 0.7131510416666667 0.7553240740740741 0.00390625 0.00787037037037037
4 0.7108072916666667 0.7488425925925926 0.004427083333333333 0.0060185185185185185