2 0.5736979166666667 0.6372685185185185 0.035416666666666666 0.056018518518518516
2 0.72265625 0.4199074074074074 0.050520833333333334 0.04351851851851852
1 0.6611979166666667 0.518287037037037 0.0067708333333333336 0.013425925925925926
1 0.7520833333333333 0.6361111111111111 0.0067708333333333336 0.013888888888888888
1 0.46510416666666665 0.7118055555555556 0.00625 0.013425925925925926
1 0.44192708333333336 0.7215277777777778 0.010416666666666666 0.013425925925925926
1 0.427734375 0.700925925925926 0.007552083333333333 0.012037037037037037
1 0.6421875 0.7618055555555555 0.009375 0.013425925925925926
1 0.75234375 0.6483796296296296 0.0036458333333333334 0.00787037037037037
1 0.7528645833333333 0.6587962962962963 0.010416666666666666 0.014814814814814815
1 0.725 0.575462962962963 0.005729166666666666 0.009259259259259259
4 0.693359375 0.5453703703703704 0.008072916666666667 0.007407407407407408
5 0.18385416666666668 0.7706018518518518 0.01875 0.05324074074074074
1 0.6981770833333333 0.537962962962963 0.0036458333333333334 0.008333333333333333
4 0.6954427083333333 0.5335648148148148 0.00390625 0.005092592592592593