2 0.5798177083333333 0.487962962962963 0.03671875 0.05648148148148148
2 0.73203125 0.2659722222222222 0.053125 0.04583333333333333
1 0.6694010416666667 0.3729166666666667 0.010677083333333334 0.0125
1 0.761328125 0.49675925925925923 0.007552083333333333 0.012962962962962963
1 0.4705729166666667 0.5712962962962963 0.005729166666666666 0.014814814814814815
1 0.44557291666666665 0.5840277777777778 0.010416666666666666 0.0125
1 0.42630208333333336 0.5604166666666667 0.0067708333333333336 0.0125
1 0.6455729166666667 0.6199074074074075 0.011458333333333333 0.014814814814814815
1 0.7588541666666667 0.5069444444444444 0.004166666666666667 0.008333333333333333
1 0.7611979166666667 0.5206018518518518 0.007291666666666667 0.0125
1 0.7393229166666667 0.42777777777777776 0.005208333333333333 0.009259259259259259
4 0.7029947916666667 0.40185185185185185 0.00859375 0.007407407407407408
5 0.17955729166666667 0.6247685185185186 0.01953125 0.056018518518518516
1 0.7114583333333333 0.3907407407407407 0.0036458333333333334 0.007407407407407408
4 0.7009114583333333 0.3939814814814815 0.00546875 0.008333333333333333