2 0.580859375 0.4976851851851852 0.03671875 0.05740740740740741
2 0.7337239583333334 0.2726851851851852 0.05234375 0.046296296296296294
1 0.672265625 0.38263888888888886 0.010677083333333334 0.0125
1 0.4713541666666667 0.5819444444444445 0.005729166666666666 0.013888888888888888
1 0.44609375 0.5951388888888889 0.010416666666666666 0.0125
1 0.42604166666666665 0.5722222222222222 0.007291666666666667 0.013888888888888888
1 0.64765625 0.6342592592592593 0.008854166666666666 0.013888888888888888
1 0.7625 0.5173611111111112 0.004166666666666667 0.00787037037037037
1 0.76484375 0.53125 0.007291666666666667 0.011574074074074073
1 0.7438802083333333 0.43703703703703706 0.00546875 0.010185185185185186
4 0.7061197916666667 0.4111111111111111 0.009114583333333334 0.008333333333333333
5 0.175390625 0.6375 0.01953125 0.05648148148148148
1 0.7151041666666667 0.399537037037037 0.0036458333333333334 0.007407407407407408
4 0.7028645833333333 0.4027777777777778 0.005729166666666666 0.008333333333333333
1 0.7657552083333333 0.5081018518518519 0.007552083333333333 0.013425925925925926