2 0.5912760416666667 0.5002314814814814 0.038802083333333334 0.05416666666666667
2 0.7391927083333333 0.2726851851851852 0.05078125 0.04351851851851852
1 0.6817708333333333 0.3798611111111111 0.0109375 0.0125
1 0.47552083333333334 0.5854166666666667 0.005729166666666666 0.014351851851851852
1 0.45013020833333334 0.5976851851851852 0.010677083333333334 0.013888888888888888
1 0.42825520833333336 0.5743055555555555 0.01015625 0.0125
1 0.6569010416666666 0.6400462962962963 0.01015625 0.0125
1 0.770703125 0.5173611111111112 0.00390625 0.00787037037037037
1 0.7731770833333333 0.5321759259259259 0.007291666666666667 0.013425925925925926
1 0.7572916666666667 0.4391203703703704 0.0067708333333333336 0.010648148148148148
4 0.7158854166666667 0.41180555555555554 0.008854166666666666 0.00787037037037037
5 0.17916666666666667 0.6472222222222223 0.019791666666666666 0.05740740740740741
1 0.7182291666666667 0.40324074074074073 0.0026041666666666665 0.005555555555555556
4 0.708984375 0.40370370370370373 0.00546875 0.006481481481481481
1 0.776171875 0.5138888888888888 0.008072916666666667 0.012037037037037037