2 0.7610677083333334 0.13287037037037036 0.05755208333333333 0.053703703703703705
1 0.6986979166666667 0.27800925925925923 0.009375 0.013425925925925926
1 0.45611979166666666 0.5504629629629629 0.00703125 0.01574074074074074
1 0.426953125 0.569675925925926 0.012760416666666666 0.01712962962962963
1 0.6669270833333333 0.6395833333333333 0.015625 0.015277777777777777
1 0.8005208333333333 0.4634259259259259 0.009375 0.012962962962962963
1 0.808203125 0.4601851851851852 0.008072916666666667 0.012962962962962963
1 0.7884114583333334 0.35208333333333336 0.007552083333333333 0.0125
2 0.5932291666666667 0.4326388888888889 0.0453125 0.0699074074074074
1 0.39791666666666664 0.538425925925926 0.014583333333333334 0.022222222222222223
5 0.10390625 0.6358796296296296 0.024479166666666666 0.0625
1 0.8044270833333333 0.48171296296296295 0.008854166666666666 0.016203703703703703