1 0.5024739583333333 0.663425925925926 0.00859375 0.018518518518518517
1 0.9298177083333333 0.6458333333333334 0.009635416666666667 0.018518518518518517
1 0.7244791666666667 0.8291666666666667 0.022916666666666665 0.03148148148148148
1 0.9203125 0.6483796296296296 0.0125 0.014351851851851852
1 0.9186197916666666 0.5032407407407408 0.007552083333333333 0.01574074074074074
1 0.473046875 0.6775462962962963 0.012239583333333333 0.01898148148148148
1 0.8204427083333333 0.4 0.01484375 0.016666666666666666
2 0.91015625 0.23935185185185184 0.0703125 0.06296296296296296
2 0.6776041666666667 0.5578703703703703 0.0546875 0.0824074074074074
1 0.44635416666666666 0.6354166666666666 0.013541666666666667 0.01712962962962963
5 0.13841145833333332 0.6701388888888888 0.024739583333333332 0.0625
1 0.9216145833333333 0.6712962962962963 0.016145833333333335 0.016666666666666666