1 0.8265625 0.41875 0.0171875 0.011574074074074073
1 0.8416666666666667 0.6780092592592593 0.008333333333333333 0.013425925925925926
1 0.44427083333333334 0.5291666666666667 0.008333333333333333 0.016666666666666666
1 0.41575520833333335 0.5298611111111111 0.01171875 0.011574074074074073
1 0.5822916666666667 0.7439814814814815 0.0140625 0.025
1 0.828125 0.6722222222222223 0.0140625 0.017592592592592594
1 0.896875 0.5423611111111111 0.015104166666666667 0.02546296296296296
1 0.8524739583333333 0.4761574074074074 0.0049479166666666664 0.010648148148148148
5 0.168359375 0.42592592592592593 0.01953125 0.05092592592592592
2 0.9791666666666666 0.2923611111111111 0.041666666666666664 0.07361111111111111
1 0.40768229166666664 0.49074074074074076 0.012239583333333333 0.018518518518518517
2 0.6397135416666667 0.4962962962962963 0.06171875 0.06574074074074074
1 0.821875 0.6932870370370371 0.01875 0.01712962962962963
4 0.8438802083333333 0.47662037037037036 0.011197916666666667 0.014351851851851852