2 0.9615885416666666 0.27569444444444446 0.06796875 0.07731481481481481
1 0.799609375 0.4060185185185185 0.00546875 0.009259259259259259
1 0.8055989583333333 0.675 0.009114583333333334 0.016666666666666666
1 0.40338541666666666 0.5145833333333333 0.010416666666666666 0.015277777777777777
1 0.3802083333333333 0.5159722222222223 0.008854166666666666 0.016203703703703703
1 0.5243489583333333 0.7263888888888889 0.01640625 0.022222222222222223
1 0.7884114583333334 0.6574074074074074 0.014322916666666666 0.019444444444444445
1 0.8763020833333334 0.5159722222222223 0.015104166666666667 0.024537037037037038
1 0.8296875 0.4597222222222222 0.0171875 0.017592592592592594
5 0.12552083333333333 0.39699074074074076 0.0203125 0.052314814814814814
4 0.81640625 0.4703703703703704 0.010416666666666666 0.012962962962962963
1 0.34921875 0.4648148148148148 0.011458333333333333 0.018518518518518517
2 0.6671875 0.4386574074074074 0.05520833333333333 0.06712962962962964
1 0.7884114583333334 0.6719907407407407 0.012239583333333333 0.014351851851851852