2 0.962109375 0.2747685185185185 0.06692708333333333 0.0763888888888889
1 0.8006510416666667 0.4060185185185185 0.00546875 0.010185185185185186
1 0.8065104166666667 0.6766203703703704 0.009375 0.01712962962962963
1 0.40481770833333336 0.5155092592592593 0.010677083333333334 0.01712962962962963
1 0.38111979166666665 0.5122685185185185 0.008072916666666667 0.015277777777777777
1 0.5263020833333333 0.7270833333333333 0.013020833333333334 0.020833333333333332
1 0.7888020833333333 0.65625 0.014583333333333334 0.016203703703703703
1 0.8799479166666667 0.5145833333333333 0.015625 0.024537037037037038
1 0.8328125 0.462037037037037 0.016666666666666666 0.017592592592592594
5 0.12578125 0.3962962962962963 0.0203125 0.05185185185185185
4 0.81875 0.4724537037037037 0.010416666666666666 0.0125
1 0.350390625 0.462037037037037 0.009114583333333334 0.01574074074074074
2 0.6716145833333333 0.4337962962962963 0.0546875 0.06574074074074074
1 0.78984375 0.6726851851851852 0.011979166666666667 0.014814814814814815