2 0.9296875 0.2847222222222222 0.06822916666666666 0.075
1 0.76484375 0.4203703703703704 0.005729166666666666 0.010185185185185186
1 0.7557291666666667 0.6976851851851852 0.009895833333333333 0.016666666666666666
1 0.35716145833333335 0.5243055555555556 0.011197916666666667 0.016203703703703703
1 0.332421875 0.5215277777777778 0.009635416666666667 0.01898148148148148
1 0.4694010416666667 0.7479166666666667 0.030989583333333334 0.020833333333333332
1 0.7391927083333333 0.6759259259259259 0.01328125 0.01574074074074074
1 0.843359375 0.5254629629629629 0.01796875 0.022222222222222223
1 0.798046875 0.4752314814814815 0.019010416666666665 0.01990740740740741
5 0.07955729166666667 0.41226851851851853 0.020572916666666666 0.05324074074074074
4 0.7829427083333333 0.4863425925925926 0.009114583333333334 0.0125
1 0.30416666666666664 0.4756944444444444 0.011458333333333333 0.01898148148148148
2 0.6432291666666666 0.4414351851851852 0.05416666666666667 0.06527777777777778
1 0.741796875 0.6914351851851852 0.009114583333333334 0.018055555555555554