2 0.9169270833333333 0.2826388888888889 0.06666666666666667 0.07546296296296297
1 0.7408854166666666 0.7 0.009375 0.016666666666666666
1 0.34036458333333336 0.5277777777777778 0.010416666666666666 0.018518518518518517
1 0.3143229166666667 0.5229166666666667 0.008854166666666666 0.018055555555555554
1 0.4485677083333333 0.7483796296296297 0.02890625 0.02546296296296296
1 0.723046875 0.6784722222222223 0.01328125 0.018055555555555554
1 0.83046875 0.5212962962962963 0.017708333333333333 0.023148148148148147
1 0.787890625 0.4722222222222222 0.016927083333333332 0.018518518518518517
5 0.06822916666666666 0.41597222222222224 0.020833333333333332 0.05138888888888889
4 0.772265625 0.48356481481481484 0.009635416666666667 0.013425925925925926
1 0.7540364583333333 0.41898148148148145 0.00703125 0.013888888888888888
1 0.28763020833333336 0.4736111111111111 0.01015625 0.018518518518518517
2 0.6411458333333333 0.4335648148148148 0.05520833333333333 0.06435185185185185
1 0.7260416666666667 0.6939814814814815 0.009895833333333333 0.017592592592592594