2 0.90546875 0.2849537037037037 0.06666666666666667 0.07546296296296297
1 0.7252604166666666 0.700462962962963 0.009375 0.017592592592592594
1 0.3274739583333333 0.531712962962963 0.010677083333333334 0.02175925925925926
1 0.3006510416666667 0.5254629629629629 0.009114583333333334 0.019444444444444445
1 0.43020833333333336 0.75 0.022916666666666665 0.026851851851851852
1 0.708203125 0.6787037037037037 0.012760416666666666 0.017592592592592594
1 0.8174479166666667 0.5206018518518518 0.018229166666666668 0.02175925925925926
1 0.775390625 0.4726851851851852 0.016927083333333332 0.018518518518518517
5 0.055859375 0.4150462962962963 0.02109375 0.050462962962962966
4 0.7595052083333333 0.48333333333333334 0.009635416666666667 0.012962962962962963
1 0.7412760416666667 0.418287037037037 0.00703125 0.014351851851851852
1 0.275390625 0.4752314814814815 0.01015625 0.020833333333333332
2 0.6350260416666667 0.42986111111111114 0.054947916666666666 0.06435185185185185
1 0.711328125 0.694675925925926 0.010677083333333334 0.01712962962962963