2 0.8662760416666667 0.2761574074074074 0.06484375 0.07453703703703704
1 0.6713541666666667 0.7034722222222223 0.015104166666666667 0.02175925925925926
1 0.269140625 0.5287037037037037 0.01328125 0.017592592592592594
1 0.246484375 0.5254629629629629 0.009635416666666667 0.017592592592592594
1 0.35651041666666666 0.7439814814814815 0.010416666666666666 0.025
1 0.65234375 0.6775462962962963 0.0125 0.01898148148148148
1 0.7787760416666667 0.517824074074074 0.01640625 0.02175925925925926
1 0.7330729166666666 0.4761574074074074 0.015104166666666667 0.020833333333333332
4 0.7115885416666666 0.48680555555555555 0.01015625 0.014351851851851852
1 0.6944010416666667 0.41921296296296295 0.006510416666666667 0.014351851851851852
1 0.22421875 0.4773148148148148 0.009375 0.017592592592592594
2 0.619921875 0.3972222222222222 0.053385416666666664 0.062037037037037036
1 0.6575520833333334 0.6958333333333333 0.010416666666666666 0.018518518518518517
5 0.006119791666666667 0.4111111111111111 0.012239583333333333 0.046296296296296294