2 0.869921875 0.2701388888888889 0.06536458333333334 0.07175925925925926
1 0.7018229166666666 0.40925925925925927 0.014583333333333334 0.020370370370370372
1 0.6803385416666666 0.6995370370370371 0.01484375 0.021296296296296296
1 0.27513020833333335 0.517824074074074 0.009635416666666667 0.015277777777777777
1 0.247265625 0.5215277777777778 0.00859375 0.020833333333333332
1 0.35572916666666665 0.7421296296296296 0.01875 0.023148148148148147
1 0.6576822916666667 0.6675925925925926 0.011197916666666667 0.018518518518518517
1 0.79453125 0.5034722222222222 0.011979166666666667 0.015277777777777777
1 0.74453125 0.4668981481481482 0.011979166666666667 0.02361111111111111
4 0.71953125 0.47476851851851853 0.010416666666666666 0.014351851851851852
1 0.23138020833333334 0.47337962962962965 0.010677083333333334 0.01898148148148148
2 0.6584635416666667 0.36342592592592593 0.05078125 0.062037037037037036
1 0.6651041666666667 0.6898148148148148 0.009895833333333333 0.018518518518518517
5 0.00703125 0.40578703703703706 0.0140625 0.04953703703703704