2 0.87265625 0.2662037037037037 0.06458333333333334 0.07037037037037037
1 0.70859375 0.4150462962962963 0.015104166666666667 0.01990740740740741
1 0.691015625 0.7023148148148148 0.01953125 0.020370370370370372
1 0.276953125 0.517824074074074 0.010677083333333334 0.014351851851851852
1 0.24596354166666667 0.5231481481481481 0.006510416666666667 0.014814814814814815
1 0.353125 0.7363425925925926 0.028645833333333332 0.029166666666666667
1 0.6627604166666666 0.6671296296296296 0.009895833333333333 0.016666666666666666
1 0.80859375 0.5034722222222222 0.011979166666666667 0.013425925925925926
1 0.7552083333333334 0.4706018518518518 0.011458333333333333 0.02361111111111111
4 0.726953125 0.47962962962962963 0.010677083333333334 0.013888888888888888
1 0.234375 0.4775462962962963 0.009375 0.01712962962962963
2 0.6734375 0.3560185185185185 0.0484375 0.05925925925925926
1 0.6721354166666667 0.6928240740740741 0.017708333333333333 0.01898148148148148
5 0.007552083333333333 0.4025462962962963 0.015104166666666667 0.052314814814814814