2 0.873828125 0.2641203703703704 0.06536458333333334 0.07083333333333333
1 0.7154947916666666 0.4115740740740741 0.01484375 0.020370370370370372
1 0.7079427083333333 0.7097222222222223 0.01484375 0.019444444444444445
1 0.28033854166666666 0.5189814814814815 0.011197916666666667 0.014814814814814815
1 0.2421875 0.5263888888888889 0.007291666666666667 0.018518518518518517
1 0.34088541666666666 0.7425925925925926 0.027083333333333334 0.021296296296296296
1 0.6725260416666666 0.6724537037037037 0.010677083333333334 0.016203703703703703
1 0.81640625 0.5076388888888889 0.0109375 0.016203703703703703
1 0.7638020833333333 0.47199074074074077 0.010416666666666666 0.024537037037037038
4 0.7354166666666667 0.48055555555555557 0.011458333333333333 0.013888888888888888
1 0.23606770833333332 0.47847222222222224 0.01796875 0.020833333333333332
2 0.6955729166666667 0.3375 0.04635416666666667 0.06018518518518518
1 0.6830729166666667 0.7011574074074074 0.016666666666666666 0.01898148148148148
5 0.008072916666666667 0.4043981481481482 0.016145833333333335 0.05416666666666667