2 0.8743489583333334 0.26435185185185184 0.06536458333333334 0.0712962962962963
1 0.716796875 0.41458333333333336 0.01484375 0.020833333333333332
1 0.708984375 0.7085648148148148 0.01640625 0.020833333333333332
1 0.2813802083333333 0.5208333333333334 0.012239583333333333 0.014814814814814815
1 0.24244791666666668 0.5298611111111111 0.007291666666666667 0.016203703703703703
1 0.3359375 0.7405092592592593 0.034895833333333334 0.02361111111111111
1 0.6734375 0.6715277777777777 0.010416666666666666 0.01712962962962963
1 0.8173177083333333 0.507175925925926 0.011197916666666667 0.016203703703703703
1 0.7654947916666667 0.47199074074074077 0.01015625 0.02361111111111111
4 0.7365885416666667 0.48148148148148145 0.011197916666666667 0.012962962962962963
1 0.23736979166666666 0.48055555555555557 0.01796875 0.022222222222222223
2 0.698046875 0.33773148148148147 0.04609375 0.0587962962962963
1 0.6838541666666667 0.7 0.017708333333333333 0.018518518518518517
5 0.008072916666666667 0.4039351851851852 0.016145833333333335 0.05416666666666667