1 0.73203125 0.4125 0.015104166666666667 0.020370370370370372
1 0.715625 0.7113425925925926 0.015104166666666667 0.01990740740740741
1 0.24401041666666667 0.5231481481481481 0.00625 0.014814814814814815
2 0.8833333333333333 0.2537037037037037 0.065625 0.06944444444444445
1 0.2930989583333333 0.7099537037037037 0.03619791666666667 0.02638888888888889
1 0.683984375 0.669212962962963 0.00859375 0.018055555555555554
1 0.283984375 0.5034722222222222 0.009635416666666667 0.018055555555555554
1 0.835546875 0.5090277777777777 0.01328125 0.018055555555555554
1 0.7833333333333333 0.4689814814814815 0.010416666666666666 0.025
4 0.7540364583333333 0.4787037037037037 0.012239583333333333 0.012962962962962963
1 0.24296875 0.4798611111111111 0.011979166666666667 0.018055555555555554
2 0.7296875 0.31527777777777777 0.043229166666666666 0.05740740740740741
1 0.6947916666666667 0.6967592592592593 0.018229166666666668 0.022222222222222223
5 0.009635416666666667 0.40370370370370373 0.019270833333333334 0.05092592592592592