1 0.733984375 0.412962962962963 0.013802083333333333 0.019444444444444445
1 0.715625 0.7127314814814815 0.014583333333333334 0.01990740740740741
1 0.241796875 0.5233796296296296 0.007552083333333333 0.014351851851851852
2 0.8834635416666666 0.25 0.06588541666666667 0.06851851851851852
1 0.28619791666666666 0.7106481481481481 0.028645833333333332 0.025925925925925925
1 0.6834635416666667 0.6675925925925926 0.00859375 0.018518518518518517
1 0.283203125 0.5030092592592592 0.009114583333333334 0.01990740740740741
1 0.8359375 0.5076388888888889 0.013541666666666667 0.018055555555555554
1 0.783984375 0.4685185185185185 0.01015625 0.025
4 0.755078125 0.47824074074074074 0.012239583333333333 0.012962962962962963
1 0.24088541666666666 0.4787037037037037 0.010416666666666666 0.017592592592592594
2 0.7333333333333333 0.3127314814814815 0.04375 0.0587962962962963
1 0.6942708333333333 0.6969907407407407 0.018229166666666668 0.022685185185185187
5 0.010026041666666667 0.40324074074074073 0.020052083333333335 0.05092592592592592