1 0.7364583333333333 0.41041666666666665 0.015104166666666667 0.020833333333333332
1 0.7140625 0.7136574074074075 0.0140625 0.01898148148148148
1 0.23815104166666667 0.5268518518518519 0.00703125 0.014814814814814815
2 0.881640625 0.2465277777777778 0.06484375 0.0699074074074074
1 0.28671875 0.7074074074074074 0.026041666666666668 0.023148148148148147
1 0.6833333333333333 0.6682870370370371 0.008854166666666666 0.01990740740740741
1 0.283203125 0.5034722222222222 0.010677083333333334 0.024537037037037038
1 0.83671875 0.5085648148148149 0.011979166666666667 0.018055555555555554
1 0.7861979166666667 0.46550925925925923 0.010416666666666666 0.02361111111111111
4 0.7559895833333333 0.4752314814814815 0.0125 0.0125
1 0.2375 0.48055555555555557 0.010416666666666666 0.017592592592592594
2 0.7390625 0.3055555555555556 0.043229166666666666 0.06018518518518518
1 0.69375 0.6972222222222222 0.017708333333333333 0.021296296296296296
5 0.010546875 0.40162037037037035 0.02109375 0.05138888888888889