1 0.7393229166666667 0.4050925925925926 0.016145833333333335 0.020370370370370372
1 0.708203125 0.7203703703703703 0.031510416666666666 0.021296296296296296
1 0.23697916666666666 0.5321759259259259 0.009375 0.02361111111111111
2 0.8846354166666667 0.24421296296296297 0.06510416666666667 0.06805555555555555
1 0.26067708333333334 0.6800925925925926 0.021354166666666667 0.019444444444444445
1 0.6907552083333334 0.6671296296296296 0.011197916666666667 0.021296296296296296
1 0.2923177083333333 0.49675925925925923 0.007552083333333333 0.024074074074074074
1 0.8473958333333333 0.5069444444444444 0.0109375 0.012962962962962963
4 0.7643229166666666 0.4710648148148148 0.013020833333333334 0.0125
1 0.7772135416666667 0.46967592592592594 0.01484375 0.010648148148148148
1 0.248828125 0.4847222222222222 0.009635416666666667 0.017592592592592594
2 0.7506510416666666 0.2902777777777778 0.04140625 0.05740740740740741
1 0.701171875 0.6951388888888889 0.016927083333333332 0.018055555555555554
4 0.7868489583333333 0.46574074074074073 0.0049479166666666664 0.012037037037037037
5 0.007942708333333333 0.40023148148148147 0.015885416666666666 0.05416666666666667