1 0.7428385416666666 0.4083333333333333 0.015364583333333333 0.019444444444444445
1 0.7044270833333334 0.7162037037037037 0.0296875 0.019444444444444445
1 0.2328125 0.5273148148148148 0.008854166666666666 0.022222222222222223
2 0.8860677083333334 0.24282407407407408 0.06484375 0.06898148148148148
1 0.25703125 0.6782407407407407 0.0296875 0.019444444444444445
1 0.69375 0.6645833333333333 0.011458333333333333 0.02175925925925926
1 0.29075520833333335 0.49537037037037035 0.008072916666666667 0.023148148148148147
1 0.848046875 0.50625 0.012239583333333333 0.014351851851851852
4 0.7682291666666666 0.47430555555555554 0.011458333333333333 0.011574074074074073
1 0.7794270833333333 0.4710648148148148 0.010416666666666666 0.011574074074074073
1 0.246484375 0.48310185185185184 0.011197916666666667 0.018055555555555554
2 0.7552083333333334 0.28912037037037036 0.04114583333333333 0.05694444444444444
1 0.7052083333333333 0.6898148148148148 0.016145833333333335 0.020370370370370372
4 0.7873697916666667 0.47199074074074077 0.0049479166666666664 0.011574074074074073
5 0.009114583333333334 0.40324074074074073 0.018229166666666668 0.053703703703703705