1 0.74609375 0.4078703703703704 0.011458333333333333 0.016666666666666666
1 0.6938802083333333 0.7134259259259259 0.02890625 0.021296296296296296
1 0.228515625 0.5252314814814815 0.009635416666666667 0.02638888888888889
2 0.8848958333333333 0.24027777777777778 0.06510416666666667 0.06759259259259259
1 0.25 0.6824074074074075 0.027083333333333334 0.023148148148148147
1 0.6919270833333333 0.6636574074074074 0.011458333333333333 0.02175925925925926
1 0.29127604166666665 0.4925925925925926 0.008072916666666667 0.025
1 0.8471354166666667 0.5025462962962963 0.0109375 0.013425925925925926
4 0.7720052083333333 0.47175925925925927 0.01015625 0.013888888888888888
1 0.7822916666666667 0.4710648148148148 0.008854166666666666 0.009722222222222222
1 0.24348958333333334 0.48148148148148145 0.011458333333333333 0.021296296296296296
2 0.759765625 0.2865740740740741 0.04088541666666667 0.05740740740740741
1 0.703515625 0.6895833333333333 0.015364583333333333 0.01990740740740741
5 0.009505208333333333 0.4039351851851852 0.019010416666666665 0.052314814814814814