1 0.7479166666666667 0.4074074074074074 0.009895833333333333 0.013888888888888888
1 0.6904947916666667 0.7127314814814815 0.03046875 0.022685185185185187
1 0.229296875 0.5298611111111111 0.009114583333333334 0.024537037037037038
2 0.88515625 0.23935185185185184 0.06458333333333334 0.06759259259259259
1 0.24921875 0.6837962962962963 0.029166666666666667 0.020370370370370372
1 0.6903645833333333 0.6657407407407407 0.011458333333333333 0.021296296296296296
1 0.29192708333333334 0.4912037037037037 0.008333333333333333 0.025925925925925925
1 0.8454427083333333 0.5032407407407408 0.01171875 0.013888888888888888
4 0.7720052083333333 0.46944444444444444 0.01015625 0.013888888888888888
1 0.7837239583333333 0.46875 0.008072916666666667 0.009722222222222222
1 0.24453125 0.4828703703703704 0.013541666666666667 0.021296296296296296
2 0.7614583333333333 0.28425925925925927 0.040625 0.05648148148148148
1 0.7015625 0.6891203703703703 0.015104166666666667 0.020833333333333332
5 0.009635416666666667 0.4041666666666667 0.019270833333333334 0.05185185185185185