1 0.6721354166666667 0.7141203703703703 0.033854166666666664 0.02361111111111111
2 0.8756510416666666 0.2388888888888889 0.06432291666666666 0.06759259259259259
1 0.234765625 0.6861111111111111 0.021614583333333333 0.021296296296296296
1 0.6815104166666667 0.6682870370370371 0.013541666666666667 0.01990740740740741
1 0.28671875 0.49675925925925923 0.008333333333333333 0.019444444444444445
1 0.8407552083333333 0.5053240740740741 0.009114583333333334 0.015277777777777777
1 0.7391927083333333 0.4043981481481482 0.008072916666666667 0.016203703703703703
1 0.23346354166666666 0.4909722222222222 0.007552083333333333 0.014351851851851852
1 0.218359375 0.5405092592592593 0.00859375 0.01898148148148148
2 0.7563802083333333 0.2763888888888889 0.03984375 0.05740740740740741
1 0.69296875 0.6900462962962963 0.014583333333333334 0.01990740740740741