2 0.6712239583333334 0.22291666666666668 0.06067708333333333 0.0587962962962963
1 0.5329427083333333 0.6699074074074074 0.01484375 0.01574074074074074
1 0.49830729166666665 0.7118055555555556 0.023177083333333334 0.01990740740740741
1 0.10442708333333334 0.6201388888888889 0.009895833333333333 0.016203703703703703
1 0.6584635416666667 0.47708333333333336 0.009114583333333334 0.014351851851851852
1 0.5639322916666667 0.4083333333333333 0.005989583333333334 0.011111111111111112
1 0.046875 0.6238425925925926 0.008854166666666666 0.01712962962962963
1 0.027213541666666667 0.6856481481481481 0.013802083333333333 0.019444444444444445
1 0.028255208333333334 0.836574074074074 0.03619791666666667 0.022222222222222223
2 0.58203125 0.25555555555555554 0.03125 0.05185185185185185
1 0.5388020833333333 0.6854166666666667 0.010416666666666666 0.02175925925925926