2 0.702734375 0.2298611111111111 0.05963541666666667 0.0587962962962963
1 0.5563802083333333 0.6743055555555556 0.014322916666666666 0.015277777777777777
1 0.5197916666666667 0.7131944444444445 0.024479166666666666 0.02175925925925926
1 0.13255208333333332 0.606712962962963 0.009375 0.016203703703703703
1 0.6881510416666666 0.48865740740740743 0.009114583333333334 0.015277777777777777
1 0.5911458333333334 0.4150462962962963 0.0067708333333333336 0.013425925925925926
1 0.07838541666666667 0.6083333333333333 0.009895833333333333 0.019444444444444445
1 0.055078125 0.6668981481481482 0.009114583333333334 0.01990740740740741
1 0.05520833333333333 0.8145833333333333 0.033854166666666664 0.020833333333333332
2 0.61328125 0.2601851851851852 0.03125 0.05185185185185185
1 0.5614583333333333 0.6930555555555555 0.010416666666666666 0.019444444444444445
4 0.625 0.4706018518518518 0.009895833333333333 0.014351851851851852