1 0.04895833333333333 0.6754629629629629 0.007291666666666667 0.016666666666666666
2 0.7088541666666667 0.2337962962962963 0.059375 0.06111111111111111
1 0.03671875 0.8043981481481481 0.021354166666666667 0.02546296296296296
1 0.5608072916666667 0.680324074074074 0.011197916666666667 0.016203703703703703
1 0.514453125 0.7159722222222222 0.03046875 0.02175925925925926
1 0.12526041666666668 0.6125 0.008333333333333333 0.01574074074074074
1 0.6927083333333334 0.4877314814814815 0.0067708333333333336 0.0125
4 0.638671875 0.47662037037037036 0.01015625 0.011574074074074073
1 0.60078125 0.4199074074074074 0.007291666666666667 0.013888888888888888
2 0.633203125 0.2414351851851852 0.029947916666666668 0.05416666666666667
1 0.5649739583333333 0.7039351851851852 0.015364583333333333 0.020833333333333332
1 0.081640625 0.6113425925925926 0.008072916666666667 0.016203703703703703