2 0.6864583333333333 0.24768518518518517 0.034895833333333334 0.049074074074074076
2 0.7602864583333333 0.25 0.055989583333333336 0.06296296296296296
1 0.48658854166666665 0.7030092592592593 0.026302083333333334 0.020833333333333332
1 0.62265625 0.4337962962962963 0.005729166666666666 0.010185185185185186
1 0.14765625 0.5648148148148148 0.007291666666666667 0.016666666666666666
1 0.112890625 0.5548611111111111 0.008072916666666667 0.01712962962962963
1 0.071484375 0.6127314814814815 0.00546875 0.014351851851851852
1 0.55234375 0.7078703703703704 0.011979166666666667 0.017592592592592594
1 0.716796875 0.5192129629629629 0.008072916666666667 0.014351851851851852
1 0.046484375 0.7275462962962963 0.019010416666666665 0.022685185185185187
1 0.5518229166666667 0.6854166666666667 0.0078125 0.01712962962962963