2 0.7169270833333333 0.2553240740740741 0.03697916666666667 0.04675925925925926
2 0.789453125 0.26643518518518516 0.05546875 0.06157407407407407
1 0.4759114583333333 0.6981481481481482 0.02421875 0.020370370370370372
1 0.63828125 0.44814814814814813 0.005729166666666666 0.010185185185185186
1 0.159765625 0.5263888888888889 0.00703125 0.01574074074074074
1 0.13229166666666667 0.5173611111111112 0.007291666666666667 0.015277777777777777
1 0.08919270833333333 0.5699074074074074 0.0049479166666666664 0.014814814814814815
1 0.5446614583333333 0.7055555555555556 0.01328125 0.017592592592592594
1 0.7236979166666667 0.5326388888888889 0.007291666666666667 0.014351851851851852
1 0.055338541666666664 0.6729166666666667 0.016927083333333332 0.01990740740740741
1 0.5451822916666667 0.6844907407407408 0.009635416666666667 0.015277777777777777