2 0.7720052083333333 0.27569444444444446 0.04192708333333333 0.04490740740740741
2 0.8401041666666667 0.29305555555555557 0.05416666666666667 0.06944444444444445
1 0.458203125 0.6793981481481481 0.02421875 0.01990740740740741
1 0.6604166666666667 0.45439814814814816 0.005729166666666666 0.010648148148148148
1 0.17890625 0.46805555555555556 0.0067708333333333336 0.014814814814814815
1 0.16158854166666667 0.4525462962962963 0.00546875 0.0125
1 0.11497395833333333 0.4951388888888889 0.00546875 0.015277777777777777
1 0.5291666666666667 0.7023148148148148 0.013541666666666667 0.018518518518518517
1 0.7283854166666667 0.562037037037037 0.008854166666666666 0.013888888888888888
1 0.07291666666666667 0.5835648148148148 0.0171875 0.022685185185185187
1 0.53125 0.6793981481481481 0.008333333333333333 0.015277777777777777