2 0.88046875 0.3400462962962963 0.052083333333333336 0.043055555555555555
5 0.11302083333333333 0.23194444444444445 0.015625 0.037037037037037035
1 0.44244791666666666 0.643287037037037 0.015104166666666667 0.02638888888888889
1 0.709765625 0.5037037037037037 0.005989583333333334 0.012037037037037037
1 0.24908854166666666 0.39537037037037037 0.005989583333333334 0.013888888888888888
1 0.239453125 0.37962962962962965 0.00546875 0.012037037037037037
1 0.19244791666666666 0.40208333333333335 0.00625 0.011574074074074073
1 0.5194010416666667 0.7006944444444444 0.010677083333333334 0.018055555555555554
1 0.758984375 0.632175925925926 0.011197916666666667 0.015277777777777777
1 0.13893229166666668 0.45717592592592593 0.00859375 0.014351851851851852
1 0.521875 0.6708333333333333 0.008854166666666666 0.01574074074074074
4 0.720703125 0.5909722222222222 0.00703125 0.015277777777777777
2 0.9501302083333333 0.3784722222222222 0.054427083333333334 0.08935185185185185