2 0.8951822916666666 0.3539351851851852 0.053385416666666664 0.04212962962962963
5 0.13059895833333332 0.22083333333333333 0.01484375 0.03611111111111111
1 0.443359375 0.6386574074074074 0.013802083333333333 0.02546296296296296
1 0.7166666666666667 0.5118055555555555 0.005729166666666666 0.011574074074074073
1 0.259375 0.3840277777777778 0.005729166666666666 0.013425925925925926
1 0.2513020833333333 0.3696759259259259 0.0046875 0.010648148148148148
1 0.20390625 0.3905092592592593 0.004166666666666667 0.011574074074074073
1 0.5180989583333333 0.6983796296296296 0.01015625 0.01898148148148148
1 0.7602864583333333 0.6421296296296296 0.011197916666666667 0.014814814814814815
1 0.14778645833333334 0.4395833333333333 0.008072916666666667 0.014351851851851852
1 0.5216145833333333 0.6694444444444444 0.008854166666666666 0.016666666666666666
4 0.7236979166666667 0.5988425925925925 0.0067708333333333336 0.014351851851851852
2 0.9674479166666666 0.39375 0.05416666666666667 0.08935185185185185