5 0.8627604166666667 0.18078703703703702 0.015104166666666667 0.03194444444444444
1 0.5615885416666667 0.4775462962962963 0.007552083333333333 0.01990740740740741
1 0.6234375 0.9930555555555556 0.009375 0.013888888888888888
1 0.728125 0.3199074074074074 0.005208333333333333 0.011111111111111112
1 0.7565104166666666 0.33194444444444443 0.0046875 0.010185185185185186
1 0.7223958333333333 0.29976851851851855 0.0036458333333333334 0.006944444444444444
1 0.4786458333333333 0.6203703703703703 0.0067708333333333336 0.014814814814814815
1 0.47213541666666664 0.79375 0.0140625 0.034722222222222224
1 0.6916666666666667 0.24606481481481482 0.0046875 0.008796296296296297
1 0.5100260416666667 0.6240740740740741 0.005989583333333334 0.012037037037037037
4 0.466015625 0.9645833333333333 0.014322916666666666 0.018055555555555554