5 0.8813802083333333 0.1886574074074074 0.01484375 0.03287037037037037
1 0.56796875 0.4756944444444444 0.0078125 0.01898148148148148
1 0.6125 0.9939814814814815 0.008854166666666666 0.012037037037037037
1 0.7397135416666667 0.3224537037037037 0.00546875 0.0125
1 0.7674479166666667 0.3365740740740741 0.004166666666666667 0.010185185185185186
1 0.7338541666666667 0.3039351851851852 0.003125 0.006944444444444444
1 0.47890625 0.6155092592592593 0.0067708333333333336 0.014351851851851852
1 0.46731770833333336 0.7868055555555555 0.013802083333333333 0.03194444444444444
1 0.7046875 0.24814814814814815 0.004166666666666667 0.009259259259259259
1 0.5104166666666666 0.6222222222222222 0.005729166666666666 0.012037037037037037
4 0.45286458333333335 0.9608796296296296 0.0140625 0.018055555555555554